9.297299785596721544e-03,6.161952622348708213e-03,1.089250698250254779e-02,1.163791592177891403e-02,3.650195961471786044e-03,2.112595580302873560e-03,7.928331003920346953e-04,4.327409610405100540e-03,1.003267487392675399e-02,8.084050794222124442e-03,2.506180728244940259e-03,5.658668651754156231e-06,9.505607307315602772e-03,2.553922420299586937e-04,5.900538853700179436e-03,1.312292159688938781e-02,6.177113057457578327e-03,4.776309179596920085e-03,1.551923952886932745e-03,2.157484999665816583e-02,4.260921546566594914e-03,2.487816640363596683e-03,2.175120013935577523e-03,2.216779142941773320e-03,8.142914673451448482e-03,1.261770570851412226e-02,8.682230282475653094e-03,9.412714760000998743e-03,2.218776594424029525e-02,2.774080607680252941e-02,2.246186186246473815e-03,5.127746665524186842e-03,5.221780878367852929e-03,7.183848823909445500e-03,1.484048505668365131e-02
9.589351161103681909e-03,6.362146657340108508e-03,1.114550363179146394e-02,1.409630700027719556e-02,1.445578019701901362e-02,1.575420778606631891e-02,2.474287380570726336e-02,1.203751648085473955e-02,1.113654096887127173e-03,8.701917903191221451e-03,5.453480568800427031e-03,1.749392308740618796e-03,2.870588197233150257e-02,1.994874149124876983e-02,1.084094794385298717e-03,6.238799471944604658e-03,4.186569817545671146e-03,8.974530576404276400e-03,1.620386463984213599e-03,1.303784686461154085e-04,4.972284214448148901e-03,1.021821771702981912e-03,1.685258836028656962e-02,6.240979859987397065e-03,7.803174065812573668e-04,3.142603655705307475e-02,8.371753865409961581e-04,3.170214439525849935e-03,5.083471769568151388e-03,2.401707089148108487e-03,1.848112925724613997e-03,2.804172343308496823e-03,9.174872879468810860e-03,1.810934397833079785e-03,5.811855140903306703e-03
1.625974043022109655e-02,1.285065899037143855e-02,6.207400397376848511e-03,1.498776787491507695e-02,2.223473657920138624e-03,2.189975721385798574e-03,1.536109966985708605e-02,4.710246716683984258e-03,5.143661870312843387e-03,1.152467240022879424e-02,1.040219148475665656e-02,5.909516459859237569e-04,1.848901831957293351e-02,1.030487489154632494e-02,3.921422319214468155e-03,1.324824234355658631e-02,7.564976400528788253e-04,5.440141114558094682e-03,1.767905988791208804e-03,3.086245887049088310e-03,3.221411788984850089e-03,7.434478310853823158e-03,1.478476458949607927e-02,6.553841413635685953e-04,7.929331435431839423e-03,1.683288068653749497e-02,6.312594481733484197e-03,7.689355505132347557e-03,3.765307356967402541e-03,1.644001380377485555e-03,4.057188632110148713e-03,1.954253457481444634e-04,9.643252298286494190e-03,5.379014796858164194e-03,6.499549624116779389e-03
1.451072242181980065e-03,0.000000000000000000e+00,6.774278082310233179e-05,4.030223814700768098e-03,8.578588712437468233e-04,1.418743885565101589e-04,1.478378111196798628e-02,1.781128621337275779e-03,1.362547928496113739e-03,4.061588338025324402e-03,3.624756180581467993e-03,2.236329926795961598e-03,8.922666311215868284e-03,1.775087881908297971e-03,3.877080466888904904e-03,2.724557843955553293e-03,6.574972227313680140e-03,1.640870200062876857e-03,2.504561531110387207e-03,7.440269946745143442e-03,4.527406422792697865e-04,5.399916569613582261e-04,1.572366798794139209e-02,1.980654470909062274e-03,8.059503745976165368e-03,1.039408547868387461e-02,5.734938035030640036e-04,4.065783301172119259e-03,6.938582864963807606e-03,8.326771521317603841e-03,6.547149946656324881e-03,7.741538674303147238e-04,4.522091391590293830e-03,1.643694354678025462e-03,3.426301260981575846e-03
2.278972174335575085e-02,5.437888952206541143e-03,7.467149237010198108e-03,1.196040796608782708e-02,8.770324580542478154e-03,1.644889292695500202e-02,1.421375490980232581e-02,1.245649524875291903e-02,2.686024403292635795e-03,6.437641474918535944e-03,2.035850859835193136e-03,1.727911470329111104e-03,3.891699799928510783e-03,1.762898522207199947e-02,2.717539454562665005e-03,2.322728186516143101e-02,2.474116209472028427e-04,4.062955876630615359e-04,3.158339870398409188e-03,5.209402699933737835e-03,6.091484628282612876e-03,4.670763996952223551e-03,8.364984774464652786e-03,3.671425974937277473e-03,5.788480063710037607e-03,1.357784815707636927e-02,8.004226886690363196e-03,3.020341004102389607e-03,6.211957139496106228e-03,1.694780315692001604e-02,4.548070670543757216e-03,8.387095965248000246e-03,6.600227030477315293e-03,5.795888054296438781e-03,7.852561790416897822e-03
8.367065350405676616e-03,6.691933075341410797e-03,2.525215272025788105e-04,5.721948544801236380e-03,5.119310224466391834e-03,4.793597062601878678e-03,2.001801177083577937e-03,2.008216706696319687e-02,2.906684919954938273e-03,4.045798041446981019e-03,3.004719674338351965e-03,6.947388938619569743e-04,6.398228053729419947e-03,8.274865930890523691e-04,1.816649063121442143e-03,8.939235520628752152e-03,9.308037768886905441e-05,1.848269099857552389e-03,3.783877833643908839e-03,4.836401887021583509e-03,2.846359109367473106e-03,7.744471512348166664e-03,4.214926979453998074e-04,7.665153053397565086e-03,6.706798815142010512e-05,3.568456878581191538e-03,4.405525383727793010e-03,1.065115474116595795e-02,6.614483433857724914e-03,1.822700110696944681e-03,4.456960411975276204e-03,2.687608886100447542e-04,7.859279664878948820e-04,6.694263518352713827e-03,6.659711362715481364e-03
5.899713370527027469e-03,6.772648575864505423e-04,6.831893134253766431e-04,3.545419260974238922e-03,1.376790836034544677e-03,1.737590403673779527e-03,1.691029833021391593e-03,2.074270060947454135e-03,4.653175829219165401e-03,5.147293798004467028e-03,4.653893108677399637e-03,1.488173261110801136e-03,1.649139201902803317e-02,5.887371299409006886e-04,2.560731136127107101e-03,6.604532393072929004e-03,4.889965648207025839e-03,2.369498047587816764e-03,7.803944141083414207e-03,1.053586746986396455e-02,1.813280204110295953e-03,3.529671871582388686e-04,1.373175436758206774e-02,3.079368242254785972e-03,2.883125613772234697e-03,2.222867670027647152e-02,1.067009824560715553e-03,4.215608656165913300e-03,2.598154835541578722e-03,1.140605946706390456e-02,4.654354813973388127e-03,1.160411304859962009e-03,1.040570877031510300e-02,2.131743124610296653e-03,4.448782805685737828e-03
1.911089310362422411e-02,1.026487020121043259e-03,2.602718664266914436e-03,2.352744674278949716e-04,7.292796932364750337e-03,0.000000000000000000e+00,2.248023821750584628e-02,0.000000000000000000e+00,6.423398523793532287e-03,5.649719633643890924e-03,3.244671524417726011e-03,2.668268375725277829e-04,6.203133995809139573e-03,3.458948909865491861e-03,0.000000000000000000e+00,1.488080183163473236e-02,4.944130523492580587e-03,2.247018331555199460e-03,1.244507555926795128e-02,1.855744867244796259e-03,3.215949556850554881e-03,0.000000000000000000e+00,1.409300530576459293e-02,6.219083452923998253e-04,1.988744037374902407e-03,1.184731954001753788e-02,8.815276501261667952e-03,0.000000000000000000e+00,5.600569946252603737e-04,3.426164025047175044e-03,5.323993963483181213e-04,7.530275117970245888e-03,1.936675454635568977e-02,0.000000000000000000e+00,0.000000000000000000e+00
2.261937012141807327e-02,6.404574247920125085e-03,1.113959774245498746e-03,4.136918458458949469e-03,5.463334409540131220e-03,1.387761917858829075e-02,1.482602411796239000e-03,3.863374612700587463e-03,4.691630426193540981e-03,1.142223172751967095e-02,4.021049743367990925e-04,2.495654676220371293e-03,1.920802436280815220e-02,6.188566934218256085e-03,1.987894943763940728e-03,4.301381840696668485e-03,1.245356122927842799e-03,9.804932649690525914e-03,5.893426731216268311e-03,2.418926568376618402e-03,3.542215956663413018e-03,1.261765824911769210e-02,5.780495206683251321e-03,4.122952952288552741e-03,5.135390094305560850e-03,1.703683142592359728e-02,4.477648648288022962e-03,6.135075287941549327e-03,4.913352665004788386e-03,1.774869322347452649e-03,4.615994839033825056e-03,6.926316509024092044e-03,3.068462443167701420e-03,3.771517907404878939e-03,4.430945098206372224e-03
1.857734476590951894e-02,1.166191437529338036e-02,1.095657049292837748e-02,4.756288338040648433e-03,7.857486316850743890e-03,2.531947848001769863e-02,7.700301645640415804e-03,2.299635771483568569e-02,1.956443131742792441e-03,5.280536062774884853e-03,4.827885824120354066e-03,8.125570327008405092e-04,1.213579984785416455e-02,2.707942517830783102e-03,2.025111574132515413e-04,9.813318858132531741e-03,2.790250253938140676e-03,7.979734095685059314e-03,7.779804117536138347e-03,2.340029091580440694e-03,2.961016896875487414e-03,6.260103663103228078e-03,2.327407100443208091e-04,9.586170643212561099e-03,4.015215293731661320e-03,3.569498029733060573e-03,4.925876608482399055e-05,1.285331779618051340e-02,6.195635431951704124e-03,9.793462001481383766e-04,4.437476465123796343e-06,5.419323121357382672e-03,3.612776350093080228e-03,5.671079931751023435e-04,1.246656171048736439e-03
6.806078576961253207e-03,1.340428315119862601e-02,2.565037289376972951e-03,2.126823558020594918e-03,9.648611904538889616e-03,5.187612729015484564e-03,1.231542276240137068e-03,6.086128011569755247e-04,9.651200155184599949e-03,1.695220835822276728e-03,5.671151330922830081e-03,2.187851299284213069e-03,3.623446476057641009e-03,3.004525999374038463e-03,5.872333458083224544e-03,6.114323833551459260e-03,8.513403772308436937e-05,5.594560917655186372e-03,5.122630502955444198e-04,2.816818156317306768e-03,6.373346271911647931e-03,9.674306003093435802e-03,1.143651645729932284e-03,1.351666687281864732e-03,7.845552392585996529e-05,5.694549712748856601e-03,3.868840838140489430e-03,1.860977014943358820e-03,2.145420746019357713e-03,2.828900159091700395e-03,3.005982157558052467e-03,5.763394837401212417e-04,9.816953256757145717e-04,3.009424692956327863e-03,2.772733897334900277e-04
3.834869670792248001e-03,5.090129509568441790e-04,2.287335588937237235e-03,2.560256810820286250e-03,1.972456497087937688e-03,2.537677354877828848e-04,1.723898129642673083e-04,1.529886053385483627e-02,7.054784140601793804e-03,8.057821537196772910e-04,9.018862443244221594e-03,1.306060708212479493e-03,2.455511279778159472e-04,1.199808926220241254e-03,2.984820993271731365e-03,5.101671881338559755e-03,4.536233252599615462e-04,2.526222140205799938e-03,2.091395950584537533e-03,3.597444204764266296e-06,1.120790952017244879e-02,8.871282485065856704e-03,9.435434797562506845e-03,5.551622711840530078e-03,8.034121247794271184e-04,1.381846742307207485e-02,1.988860928776119835e-02,1.401223453538359698e-03,3.679995884194169412e-03,3.967462711604530234e-03,1.431648222881347701e-03,8.212285406859129444e-04,1.017073937329899917e-02,1.224480044090911490e-02,4.129596204541355342e-03
6.192989166394677857e-03,2.484412673154225148e-02,7.344286878890684406e-03,9.217067080973993798e-03,1.144355198712247203e-02,7.292059908440708116e-03,4.393355190901531392e-04,2.726884304598199693e-02,3.725710887478472788e-03,3.769323712578490776e-04,1.122828346490731266e-02,2.726859068873186548e-03,1.319604353430429977e-02,8.317929050241680555e-03,4.954367434277491891e-03,1.062744701594794949e-02,4.276184822600352133e-03,1.935902186410247416e-02,1.287336857860059414e-02,2.347655807579292209e-02,1.753923853744432729e-02,5.702330436529214064e-03,4.330178952895029007e-03,7.974939115957327407e-04,1.543837140912443550e-03,4.835264334265718111e-03,8.672860283268846865e-03,3.743200764828747557e-03,1.230137021364605468e-02,1.455242608787241619e-02,2.183685044118539864e-03,1.439843829836093270e-02,9.531988073281985867e-04,8.088998949297501739e-04,4.431693440308547005e-03
1.362302788945403235e-02,1.123451157091165300e-03,1.807541361012666992e-03,4.541067377822669395e-04,1.333776844967811057e-03,0.000000000000000000e+00,1.553615980997881743e-02,7.622032891966422266e-05,4.660522892659253215e-03,3.500543303824114796e-03,3.292899972804724969e-03,7.608850797741922335e-04,1.015756721198663240e-02,2.608383618633369067e-03,7.368324730370874012e-05,1.058082001259828646e-02,3.755349577199210143e-04,2.251647299995837483e-03,7.348020993280395680e-03,2.256364616070975770e-03,2.921851826898912673e-03,4.634725249177121449e-04,7.611069696747931740e-03,4.659500248642419276e-04,7.203552355563979520e-03,7.998740160745891267e-03,6.476043259866282910e-03,2.871287783369115163e-04,1.415327853250190199e-03,5.691070207955332971e-03,5.028168346513754716e-04,4.432733389738881258e-03,9.376697163692646053e-04,0.000000000000000000e+00,2.116947446135553133e-04
1.606910521619165635e-03,3.686351007462299045e-03,2.820315355887205444e-03,3.563116995550629634e-04,5.483551525509144584e-03,1.131294949772512770e-02,2.992094253233228487e-03,3.994387244454528085e-03,5.852244746659782115e-03,3.927738846605422982e-03,6.738501973251535826e-03,3.173266244765505714e-03,8.272915018053892192e-03,7.815611050127607012e-04,1.144479348700374460e-04,4.227523652243243314e-03,2.394116266375215241e-04,3.829927506703301177e-04,6.951882145563435811e-03,4.934873110987177992e-03,6.605522586668629431e-03,1.268166971708914285e-02,2.594806360589330379e-03,1.464028830925663549e-02,0.000000000000000000e+00,6.895502373514744709e-03,5.575765747226293749e-03,7.007296926200770257e-03,1.341127900730908380e-03,2.162380957081052636e-03,2.923345819268759541e-03,7.420813372479764108e-03,4.171403761877983188e-03,3.677354049695935601e-03,5.748234113759388697e-03
6.222290491407322932e-03,7.826980474009481714e-03,9.094683569208313403e-03,1.428310317596893572e-02,1.053137470799752132e-02,1.470914146325067069e-02,1.102562995087344455e-02,1.130177557163418098e-02,4.447902616527246028e-03,4.587243714916150114e-03,1.570871050117196577e-03,7.231419845303461991e-04,1.672771382438827809e-02,2.364326549779936781e-02,4.485141634297338392e-04,5.071191382771463030e-03,6.641955189001149534e-04,6.305018794953788468e-03,5.905201406310126716e-03,1.369495274633966697e-04,8.020289367723887688e-03,1.105484743480055626e-04,4.769329193918629521e-03,6.177358183513077111e-03,4.529638261600569225e-03,2.191691658385002545e-02,4.931060733020329462e-03,3.640312056036876243e-03,2.011527198637987068e-03,4.611656116745969231e-03,1.845325641614959170e-03,1.177041548928062925e-03,2.807501086542919105e-03,3.295328930292737522e-03,6.167000618497156875e-03
2.592017742130057339e-02,4.059539440092404389e-03,4.826890363623811964e-03,1.346857176227210517e-02,1.329132407741281940e-03,3.282521740791001074e-03,5.900390174016750811e-03,2.459239018561117790e-02,3.537014206790291271e-03,6.799640359225478381e-04,3.675396651170979162e-03,1.503537464156455561e-03,1.168251573626238188e-02,4.556296503489341843e-03,5.761808717749672404e-04,9.739138269932549885e-03,3.376048748704842464e-03,4.417353442109656775e-03,5.864740818944251186e-03,1.285833859952235404e-03,3.046175410137179351e-03,1.015153562615900978e-02,4.468238373087067046e-05,8.579775806817249283e-04,6.410529108778981471e-06,5.931372457884401261e-03,3.897579745049555011e-03,8.976076534897077519e-03,5.385978848160039197e-03,5.097994010881992145e-03,3.339487663026941000e-03,4.461079787879441982e-04,1.899998779951879956e-03,7.791315940696203922e-04,7.301747086043541141e-04
5.297411481779565161e-03,3.105846653750028719e-03,1.086774757312069378e-03,1.134149421948988518e-02,1.251358090439418959e-02,5.179390750246723766e-04,4.668321879140684312e-03,7.766402248351317317e-05,1.598802093367865731e-02,4.575848580704004395e-03,5.097907586627821452e-03,1.143088362670242192e-02,7.606796294652137629e-03,3.014697390596510207e-03,3.658205902117565855e-03,2.851801482533056209e-03,4.329438085478809484e-03,9.114615973395388121e-03,1.511059028089883211e-03,1.608847376543317415e-03,2.113815494147228136e-03,5.676211844205067414e-03,5.997073368090400508e-03,8.720612576360593782e-03,1.904079688785873968e-03,1.345846396179521329e-02,7.217776814530042773e-03,8.215065309900827784e-03,1.718359518951750528e-03,1.886548712171300796e-02,4.330324542408930250e-03,1.995105704452170697e-04,3.199299296284119267e-03,6.721970163356211225e-03,1.074035199848553251e-02
2.024653251732950952e-06,0.000000000000000000e+00,1.016019718240451439e-03,3.806449111012971091e-06,4.143318984491252410e-03,1.979546116164619166e-07,1.862373922728671749e-02,2.169521965379774523e-06,5.158962329997403111e-03,5.992428664938053567e-04,6.178989079577000251e-07,1.215256146792590732e-03,6.174840718829174152e-03,3.705620446905607754e-03,5.409615969714405017e-06,5.435623704673389189e-04,1.793264219509614621e-03,2.478008379257035793e-03,3.760520045128621161e-03,1.329790090063610181e-03,1.121424264617975957e-04,7.534399958829663982e-07,3.408300907033270932e-03,1.884166307030241832e-04,8.656170630915394071e-03,1.318619935605802249e-02,2.675914860429898928e-04,2.307235461577727191e-06,5.528342630108297462e-03,1.646004901681888052e-02,3.001544855082069474e-03,8.381652213221291170e-05,8.057628525356227978e-03,0.000000000000000000e+00,6.517805384615012127e-07
2.060894170245218537e-02,2.505500166234790604e-03,9.529107620816427981e-03,1.110866993326474830e-02,4.281679867434225184e-03,4.079851501668508825e-04,1.704010120832532768e-02,4.938621693121472353e-03,5.237680240355837430e-03,1.150859212905409185e-02,1.793323694957212749e-03,1.077453409565011164e-03,2.161140738717461096e-02,1.962742534637872127e-03,1.114923752332218181e-02,1.647909503568479456e-02,5.616614975641059937e-04,9.216476696831874676e-03,1.364077665294536473e-03,3.051431859097994415e-03,1.906130400734536504e-03,1.552842479151725049e-03,1.318198037135443271e-02,4.152005059256711796e-03,8.050665514740830073e-03,1.691585995282774910e-02,8.626366184885766314e-03,9.737094105778354783e-03,4.552542229855186667e-03,2.516679848947895454e-03,1.227097743387903575e-02,4.327036581489626665e-03,9.308068065310943356e-03,3.394715294289004596e-03,7.454881940117659943e-03
1.484043562992308799e-03,1.028632794214924540e-02,2.644029001950150976e-03,1.401012180160665990e-03,5.228570105441218349e-03,1.097440263485158218e-02,3.236304341244399235e-03,4.557776632759219515e-03,6.460883555402183176e-03,8.389889825045479185e-03,2.656305192005331203e-03,1.333759882397212923e-03,4.606771138781603353e-03,3.036278092116588122e-03,2.785898638912459591e-04,1.519459169974062733e-03,1.179425540069686893e-03,6.557488832655951339e-03,3.820792040914722937e-03,3.882575234963782514e-05,2.559402531403160742e-03,1.310670022810205872e-02,1.501697679022696765e-04,8.848729785455491936e-03,0.000000000000000000e+00,6.236659528493601612e-03,3.814225688268287930e-03,2.827332501605855919e-03,3.192390658270041152e-03,4.952654525249538219e-03,5.566117017263487281e-04,7.830051997801531702e-03,4.508932239214724635e-03,1.550008489857868099e-03,5.046524678240585371e-04
8.167711195069737515e-04,0.000000000000000000e+00,2.098803411435596310e-03,1.858515848820193423e-03,2.485946780463772765e-03,7.985743218161271337e-05,8.547806262644709607e-03,9.313204855690191504e-04,3.539663128596381558e-03,8.002878764795554739e-03,1.038419830325438675e-03,2.517576583202814269e-03,1.013516097586121198e-02,2.926900599268287412e-03,2.182308544885206390e-03,6.076776831338187622e-04,3.667801832331174516e-03,2.259859419253492079e-03,1.324772161995919385e-03,2.513286805949564891e-03,2.002547160451432443e-03,3.039473689590720573e-04,2.459908058802283415e-02,4.804967993847899859e-04,4.263340063293638571e-03,3.998537177661020368e-03,2.743485855751524698e-03,1.529019237317070677e-03,2.458423067273595927e-03,5.978804348171257339e-03,1.979421242401205316e-03,3.943407903001272183e-03,9.348505495198944359e-03,4.076561040706957475e-04,9.968464091211152577e-04
2.448524208505296895e-03,1.287767250950698147e-03,1.060183878990992104e-03,5.821968476077721798e-03,2.746980968435161485e-04,2.165433256402571945e-03,1.187247668367474689e-02,2.738864284571765600e-03,1.985502792350619244e-02,6.082157434616235724e-03,4.576818752175582962e-03,9.154526460784894251e-03,9.235990880204670780e-03,5.861798679303066584e-04,3.044868062154810432e-03,6.358132778609748570e-03,4.351622792480483448e-03,2.795295348241470107e-03,2.794233206324535715e-03,1.147419483373954621e-02,6.816633796484169311e-03,1.206090487014013259e-03,6.675069518116246575e-03,5.170535788277180050e-03,1.004845701549213557e-02,9.147425859844227763e-03,1.671701900934397661e-02,3.259167645697882629e-03,1.706883604238429442e-03,4.191517588417549567e-03,2.708780570632347839e-04,1.209593602380999375e-03,3.884767940986041598e-03,4.160491989029737117e-03,8.693780065512893632e-03
1.585476255160114117e-02,1.498519870046100076e-03,2.105086620992443602e-03,6.677847030895938578e-04,1.800712305217345641e-03,6.893218441190511901e-06,1.813442122744352014e-02,1.299128176460581045e-04,3.065585971451927159e-03,2.484140486053436347e-03,3.023317835061470685e-03,1.199356230974718248e-03,7.680619345668359028e-03,1.925620206628593858e-03,1.218824586245635205e-04,1.231444172319587013e-02,4.100146945602628143e-03,2.350954699805635900e-03,7.643558270272361732e-03,7.483012939343114400e-03,2.744085218394746138e-03,7.637106489651633101e-04,1.089519133956357543e-02,4.667534695015584890e-04,1.162136466061632067e-02,7.653432717679602322e-03,2.140834046202706904e-03,4.732275832053888225e-04,6.994737177608630063e-03,1.299063952148422213e-03,2.238976674510107651e-03,1.584819341312292129e-04,8.914044162982241726e-03,0.000000000000000000e+00,3.488308844629730275e-04
2.496265301641562538e-03,1.340797584403666373e-04,4.942654273363507930e-04,3.073155640701449843e-05,8.587466039420092387e-03,0.000000000000000000e+00,5.921990988175742862e-03,0.000000000000000000e+00,2.620340264809721976e-03,3.326613205762724533e-03,1.296558483650600373e-04,1.262511673342694117e-03,6.045855281449998009e-03,9.755559993309525363e-04,0.000000000000000000e+00,2.026592743133220995e-03,1.349420550667120022e-03,4.484968723869608119e-03,4.470014585223507260e-03,3.444406701310830706e-03,5.516049174343346916e-05,0.000000000000000000e+00,3.906275682905052671e-03,1.463154820604863884e-04,5.122640328892279216e-03,4.251883170636840299e-03,4.888995504996211661e-03,0.000000000000000000e+00,1.933528310713058043e-03,1.915451821425811357e-03,4.339824477400909541e-04,1.637499664739871380e-03,3.940796056830557503e-03,0.000000000000000000e+00,0.000000000000000000e+00
3.343609219927404230e-02,2.952480592676129476e-03,1.022771917113145940e-02,7.774510233976454632e-03,1.584036328775066671e-03,1.324876896064328298e-02,1.304315242337777785e-04,5.530318980830836034e-02,1.556306351011269018e-03,1.310733327250727942e-02,2.314595883749279506e-03,1.380355804767856298e-03,3.308731058372219036e-03,8.220963541815170389e-03,2.187127270207481211e-02,7.754100914023276869e-05,3.088005338620169668e-03,3.759588459486446627e-03,2.341572342585698189e-03,1.283164353337297838e-03,4.263985454661105290e-03,1.284111473695475486e-02,3.693635606382929780e-03,4.126601144962465349e-03,3.717209521178080692e-03,7.335177181856149947e-03,3.733321961519382726e-03,2.783387801959552599e-03,3.731272078959227065e-03,3.020508795326117771e-03,7.025883817512530022e-03,8.405250418370355248e-03,1.193619365186945717e-03,7.532127318529690261e-04,1.115629523588112029e-03
2.498247187811863251e-02,2.286916634888563980e-03,6.255553806233131106e-03,9.660030346613479244e-03,6.463524998819382243e-03,3.782630585498251920e-04,1.949638484031546506e-02,4.469193570230570005e-03,4.688492899061028583e-03,1.306333584331210128e-02,5.317254114402536480e-04,2.029420238051252851e-03,2.123191059040251127e-02,5.809255110834184860e-03,1.033700536489033303e-02,2.098894429605395462e-02,6.465532375750458055e-04,2.103900151064021229e-03,3.878094181668463591e-03,4.925490844568392035e-03,2.611075314733186589e-03,1.439716483234271130e-03,1.305854784263853555e-02,3.088208238976327281e-03,6.362191730593226222e-03,1.163283908044164539e-02,4.881321464282748629e-03,7.858638249370610354e-03,7.967614113191811426e-03,4.912111192604089183e-04,6.237734018875363065e-03,6.174641034396988540e-03,7.525061321413558518e-03,2.350767067610616459e-03,5.477583100859916183e-03
2.182531651925717978e-02,7.061612120857124536e-04,1.312377139452251817e-03,1.819476962068064529e-03,3.239987295475098977e-03,3.663291155892316794e-03,1.685706690718951793e-03,3.851522212175648163e-04,3.414245243863581886e-03,1.419083617598877051e-02,8.122451879670174527e-04,1.906024437204334454e-04,2.539867144396971282e-03,9.509158147932907437e-03,1.622073187931137583e-03,5.362680528083722678e-04,2.471538511633966650e-03,2.983942116182455861e-03,1.207444969463952701e-03,1.457252262491095726e-03,2.754230306162839745e-03,8.388644653413230429e-03,1.771820756044430959e-03,7.514048888300732401e-04,2.073458748071241049e-03,1.121390374880518875e-03,1.780364451907132800e-03,6.563843826666831971e-03,1.964799243127389461e-03,1.788395543827822317e-03,1.134159147745341170e-03,4.854391158033440068e-03,6.277456429331172011e-04,7.987724586558115746e-04,1.236431803638120969e-03
2.674381834206697190e-03,1.086736883906836218e-02,2.119381879313085928e-03,7.832959293039027521e-03,6.416672176185382256e-03,2.614799432205864964e-04,1.645161987120674065e-03,5.868961685537181505e-03,6.041158514036396379e-03,6.074932347004263766e-04,1.185484174476593433e-03,2.954755460488400765e-03,3.211763213659669242e-03,1.058175159763100059e-03,6.731070858017641767e-04,1.475093248481901959e-03,7.988231953872867996e-04,9.804535325635608395e-03,6.679123486756302283e-03,1.353818939905482993e-03,2.259282565102709028e-03,1.081812564708424518e-02,2.014160733755295321e-03,3.178108445586254327e-03,4.403897371927992244e-04,5.721013347878718507e-03,5.658538504910673450e-03,3.471242444435772290e-03,1.963343574263272124e-03,3.384013270863121814e-03,1.871903051687291014e-04,8.483638487711860424e-03,1.044863258340440228e-03,9.763097769747625110e-03,3.078801218351488733e-03
2.278074033103699020e-02,3.621202706392704761e-03,7.032246578949283289e-04,3.104921640775563756e-03,4.625518383145654430e-03,5.737003384477630356e-03,6.296152924871161599e-03,3.284550416598096528e-03,4.163003007713902623e-03,3.926000956998131584e-03,5.399041483359317238e-03,4.289389845626923742e-03,2.331351762899822044e-02,6.296827912047147507e-03,3.079107468161295085e-03,8.842695397863791634e-03,3.515381751526766747e-03,1.202234386559367790e-02,1.880694174863997703e-02,4.993548144979874023e-03,4.490688810873194603e-03,1.249375763656117343e-03,2.686449239934997693e-03,5.386462917875966053e-03,1.025377110036225503e-02,2.697970637752390016e-02,6.731628370094128004e-03,5.252018134153844942e-03,9.110551071552428631e-03,3.087040974935830080e-03,6.093645782376705053e-03,1.142340186420650293e-02,6.172789372001288855e-03,1.904558233894441347e-03,5.364416229483398753e-03
1.204913540524978760e-02,1.676593079333484320e-03,1.605189878222753773e-03,9.009381459680744324e-04,3.886539551576358859e-03,0.000000000000000000e+00,8.363821898025414897e-03,2.002961330720874828e-04,2.446491927600098152e-03,1.824795619562280535e-03,2.989153543447512287e-03,1.150192143764292756e-03,5.672543407448753933e-03,1.781035327498188547e-04,1.936290451158052556e-04,9.359847004651840677e-03,2.715679811251099640e-03,1.913652695468620255e-03,5.014128599085921137e-03,4.785929158033407071e-03,2.432767120775734208e-03,1.217939568642095348e-03,7.889394800606156985e-03,3.851472508585645702e-04,7.692589093710346451e-03,5.878125747262804256e-03,2.091522794823112881e-03,7.545334008622814597e-04,8.813930843328052558e-03,2.606249711675339906e-03,2.462788933148838191e-03,2.988159670577410221e-03,6.731274165652171432e-04,0.000000000000000000e+00,5.563035392102457519e-04
1.725230411146191564e-02,0.000000000000000000e+00,4.689954621574815574e-03,1.488259343266234991e-02,4.343480592526221921e-03,1.686794100150433877e-03,2.316931180511311132e-03,1.853908779693678663e-02,4.209500320426674477e-03,1.195355463041507249e-02,2.473220852646364903e-03,3.704041555949688994e-03,2.398634765447080902e-03,5.627869249128532661e-03,1.114337762588811509e-03,4.904442390707208299e-04,7.961574918025418612e-06,2.609393898949582957e-04,8.937165062872634352e-04,1.234802088924675471e-03,3.704852576295848514e-03,6.420149192255882216e-03,1.764223276915697714e-03,3.607689650007842768e-04,1.068685565961060126e-03,1.024388499997486331e-03,1.307265960113495815e-03,6.456836564935551984e-03,1.343787178376939020e-03,1.283468512390863962e-03,1.600118139450759300e-03,7.727505981916883704e-03,1.399771638806008916e-03,3.802878128056234657e-04,2.852374580965768951e-03
2.912135614696079785e-03,1.019834839569515143e-02,5.841736657508040352e-03,1.921708675473788111e-02,6.166099094978636473e-03,2.045899970684693977e-03,1.484055565476169328e-03,4.523363310491811812e-03,9.398928206894313284e-03,9.488866213679118117e-03,9.189894803703062970e-03,8.089410134409079356e-03,4.153669766800511566e-03,2.235495574781897529e-03,6.651461671545271653e-03,7.268982618256339574e-03,5.631080950212115702e-03,5.105592932681802393e-03,3.663691700219020957e-03,1.277724020813829700e-02,2.554690134747614888e-02,1.807964291406085472e-02,1.192469237135124725e-03,5.063844628831851678e-03,1.705957387078101042e-03,1.713938721227444006e-03,1.280532293918060921e-03,8.059437719748936690e-04,3.033096525310923115e-03,6.190451442880622393e-03,1.004152268851711202e-03,6.207814216663051082e-03,1.213716672938733483e-03,5.638222861135003608e-03,9.796299889581888687e-04
1.276509953391873932e-02,3.309572054663486619e-03,2.354275763682874608e-03,2.528541027841666941e-03,1.223449317730590687e-03,2.506167732649470831e-04,7.824293179948690891e-03,6.911069581676059469e-04,3.179562654477292166e-03,2.128727950901395782e-03,3.437777057606007571e-03,4.076932099128367099e-03,6.652898802079981397e-03,1.368372211609633453e-02,4.817617587614233588e-04,1.073417757000820656e-02,1.052910970898835591e-02,1.128558814272261589e-03,2.228433069984910378e-03,2.580414863994552610e-03,4.572927757068294408e-03,3.026981079442296694e-03,8.595992977654200867e-03,1.081808353247117049e-02,7.669760018753414912e-03,7.065368113542025430e-03,1.152600752070946123e-02,2.811358537257927729e-03,2.445294440498000862e-02,2.234692725339248662e-02,2.450751109657846316e-03,6.740956261570744436e-03,1.230081943299743408e-02,6.376803015542073386e-04,2.589785570685679099e-03
2.013358984106068585e-03,9.908501978015673770e-03,5.951842997924585571e-04,5.077968820591851826e-03,5.413329872103420440e-03,1.968503472888995568e-04,9.643062820038638978e-04,4.805380345869770913e-03,7.126726292809746829e-03,3.030309418914340844e-03,1.350801397725785030e-03,1.683614564222966903e-03,5.422331126559277667e-03,2.446392114413516346e-03,2.916849170114421685e-03,2.175571326382002429e-03,6.835568451039695376e-04,6.330083277147274985e-03,4.296112312680080980e-04,1.327277657132721472e-03,4.606943838356370932e-03,1.400057351195256594e-03,2.861766723519043685e-03,2.470724770490054234e-05,3.325331832310096658e-04,4.534514621179428981e-03,8.895166935425028593e-03,1.079346923714736596e-02,3.618337256283877482e-03,4.196150043307943223e-04,1.027817329641430785e-03,3.180872477284850050e-03,1.762563784617892336e-03,1.557865658131907249e-02,3.943735944380705877e-03
7.472857992622719114e-04,2.885890160822929523e-04,2.882841004427954667e-03,2.208888680349985548e-03,2.961944108866354508e-03,1.176598193601820610e-03,7.780994588114909481e-03,1.407980007842154525e-03,9.293297547210130349e-03,3.409427184896260659e-03,2.210947746369993586e-03,2.943686783450903156e-03,1.177897459030867629e-02,5.466218633917915674e-03,1.998839197847926061e-03,1.305426352444408449e-03,3.015158347814258719e-03,3.814535130384816633e-03,2.876932044525788452e-03,1.918606134561264692e-05,4.245215219110665475e-03,2.780895983238857437e-04,7.973145997274725533e-03,1.640680181898624681e-03,5.842912495628680043e-03,5.239736376814589994e-03,9.569923470053788572e-03,2.377157598464489305e-03,1.153164268408628582e-03,4.654706387263965461e-03,9.854564698993789618e-04,2.283769991792104770e-03,2.289603889143371207e-03,1.038741871097910961e-03,2.371663664230194701e-03
0.000000000000000000e+00,0.000000000000000000e+00,8.298325263883676471e-04,0.000000000000000000e+00,2.373901905120250760e-03,0.000000000000000000e+00,8.491886628527831049e-03,0.000000000000000000e+00,2.016278788654974480e-03,8.995584282414934366e-03,0.000000000000000000e+00,2.427353852791570583e-03,1.625415332850754443e-02,2.813695798443427865e-03,0.000000000000000000e+00,4.456410356075113355e-04,3.683703538715363962e-03,1.741090290373285788e-03,1.983411364969274015e-03,4.021191008231814017e-03,4.343324841114258345e-05,0.000000000000000000e+00,2.014751202740098363e-02,7.366636051395931159e-05,1.168740333821133293e-02,9.266912277097655998e-03,3.272554617423450041e-03,0.000000000000000000e+00,1.278335065468977697e-03,9.228168438866224746e-03,1.824697761428652892e-03,4.071989268829127179e-03,1.871099013285841550e-02,0.000000000000000000e+00,0.000000000000000000e+00
6.931452055285347753e-04,3.723031428600490973e-05,1.742843342994994870e-04,8.533320143473469406e-06,5.255478093618841037e-03,0.000000000000000000e+00,7.494080720284934313e-03,0.000000000000000000e+00,1.789450159442299579e-03,1.958218660573521515e-03,3.600191438140676933e-05,8.108992663496273744e-04,5.457123488849883672e-03,2.623531645276358081e-03,0.000000000000000000e+00,5.826214039864538452e-04,2.343795372331479096e-03,4.605511505075401491e-04,4.240186801098349070e-03,9.179407019842518792e-04,3.819025142973335517e-05,0.000000000000000000e+00,2.254385511471982198e-03,7.942348195404781231e-05,5.675184368736870683e-03,2.272367727024792328e-03,3.080999098372051888e-03,0.000000000000000000e+00,3.527594803010610479e-03,1.151946336870859379e-03,4.446399172185321741e-04,2.328425381853875195e-03,1.227263494144734818e-03,0.000000000000000000e+00,0.000000000000000000e+00
3.366768964913043147e-03,5.681114598683346950e-03,4.218740186269692716e-03,1.797692768485512765e-02,8.393252756743862369e-04,2.001271191361426484e-03,1.620175074811695858e-04,2.792061491649264898e-03,1.004137706413993705e-02,9.618873511950641608e-04,2.107643406526794883e-02,6.692159186259188236e-03,4.020776244262606013e-03,1.104814987095153415e-03,1.330992186232385008e-03,7.804929208311020723e-03,6.526728327840795180e-04,1.432327597701145427e-02,5.504825658943415106e-03,5.112399944398656609e-03,4.165900205190684047e-03,1.604437007097707021e-02,3.296946957655523276e-03,1.367059359436392438e-03,2.401143522292376997e-03,4.459251796897698017e-04,2.642971536687696923e-03,5.217493749295219752e-03,5.571889131002973235e-03,1.043403821279998041e-03,5.765904986356701692e-04,1.412159185727476438e-03,2.067139751992085744e-04,6.829617346338842654e-05,4.686103710551888651e-03
1.815676561972778130e-02,4.459605926152961780e-03,4.124231962909723215e-03,2.817199501893594225e-03,4.177194621120681323e-03,5.176623822166257806e-03,6.840789867092415127e-03,2.987143793131035070e-03,3.961706671617297101e-03,2.701529001193306995e-03,3.938274958737168936e-03,3.418043852431515515e-03,2.605884790487540681e-02,3.036678336527142211e-03,3.360871252068481189e-03,7.378818893463996026e-04,2.114200304982981685e-03,4.522630647940775392e-03,1.312769917319012158e-02,5.527049704676795239e-04,5.077880397778917337e-03,2.629259283389179854e-03,5.415103612474856526e-03,4.066060345787230260e-03,9.268720724654800833e-03,2.938544173798087952e-02,3.272738284138325578e-03,6.043626088185866455e-03,9.810816969598352977e-03,1.034512588032354165e-03,5.254276981239731394e-03,4.271854202652183505e-03,7.308663391981150628e-03,9.028880375663837256e-04,3.988107800379645657e-03
3.385855971882944376e-02,3.989267225257495282e-03,5.500140258940219677e-03,5.290399439821681779e-04,9.566335468601434161e-03,1.240639941285541677e-03,9.020668811186498964e-03,8.826618010754059586e-04,1.993906457488070147e-03,2.718551402741018527e-03,2.831351894155097800e-03,5.600211846770545296e-04,8.946403684872603415e-03,2.152381343422007237e-02,1.963550218639674232e-04,2.929924310645195401e-02,5.966017011367371996e-04,4.708512862321983551e-03,2.246829608714587950e-03,1.691979405213812904e-02,3.291529477571679754e-03,1.132629224593049251e-03,7.692434311593607851e-05,2.043573870407204129e-03,2.014179862086577528e-03,6.414487971010766551e-03,9.144182264541578578e-03,4.280330864638045131e-04,4.269632388644079360e-03,2.696972610363561514e-03,4.480635821943284441e-03,8.053798950598609410e-03,8.977408608674740040e-03,1.994701699809051099e-02,9.311660903201559583e-04
4.340663165738956053e-02,5.012463187955440262e-03,2.365008923267880592e-03,3.460119412709017350e-04,1.158995280345137199e-03,1.453066095864187718e-03,9.927288649833547474e-03,4.714728228408900795e-03,8.564322918558069098e-03,9.510672575769488907e-03,3.973439567899433693e-03,2.465332728202339341e-03,1.220070487135203538e-02,1.066594566078727518e-02,1.991208321788159874e-03,1.075698317434793140e-02,5.028495044071025488e-04,5.381118880270023379e-03,6.550546917302359912e-03,2.171125050427174900e-03,5.336532827394163334e-03,1.596645881684564949e-02,4.780945797491829261e-05,9.948506667089272466e-04,7.304058805201987333e-06,4.359368637802845878e-03,2.096819037913404821e-03,2.109606551303971206e-03,6.072971470336420777e-03,5.906712782672092661e-03,5.677930258049095416e-03,8.596346622933221868e-03,2.017417132963528724e-03,8.877306199704951750e-04,2.851492849429816158e-03
5.900107521691123788e-05,3.484326635426377062e-05,2.449435616419093744e-04,1.122829570755208523e-04,6.477958332591698780e-03,5.768659359088040596e-06,5.703698094192121218e-03,7.076790389868891143e-05,1.421643946965496031e-03,2.188661685341926171e-03,3.606760787117924014e-05,8.038444427838869859e-04,4.403199252891547982e-03,1.131671218232608092e-03,1.617457249577949983e-04,6.951465715863183173e-05,2.004460664371921635e-03,4.319763150466639809e-04,3.619918910648250998e-04,2.700890920161808356e-03,5.986131353270452744e-05,4.591975744503655460e-05,1.336489318656547756e-02,6.090920150612569853e-05,2.211887678523403317e-03,2.152348979579394271e-03,2.247507913975778891e-03,7.533813962193721065e-05,9.100844265261462396e-04,6.199004460415712646e-03,2.162225513229721133e-03,1.029256728521917366e-04,4.701396268321398134e-03,3.728565975354050221e-05,3.135018304574933737e-05
3.714025294851453635e-02,6.574024953138484298e-03,6.564831182388946966e-03,4.561075636999752905e-04,8.460553837902515598e-03,9.681855959366533759e-03,4.001990932401694456e-03,7.672823461445483877e-03,8.949883260814554473e-03,1.950112115772976648e-03,2.164684501190697937e-03,2.551225237627981534e-06,4.817393910523964928e-03,2.185354696485090897e-02,3.585604236308469639e-05,2.662836697649496875e-02,1.288582917207650898e-04,7.872406301858904387e-03,5.667615336691819369e-03,1.518112916733127191e-02,5.916625819962339355e-03,0.000000000000000000e+00,0.000000000000000000e+00,1.107031756683273319e-02,0.000000000000000000e+00,9.125848188247914425e-03,3.586575223960772503e-03,6.575741469701184378e-04,3.463976600288309199e-03,1.996785453985045790e-03,4.077622266553551297e-03,6.021443507682839799e-03,6.248106954621617665e-04,2.130422922940616165e-02,5.063406637980126523e-03
4.034834965249090889e-03,2.568435261349654906e-04,3.479670726898098816e-03,2.971026637802247090e-03,2.959595734547355861e-03,5.954356800060041496e-04,5.055169832561483279e-03,1.669311438295864591e-03,2.480106209595753231e-03,8.963542460006466636e-03,2.176880115643511221e-03,4.856105833057762847e-03,7.811729763335755611e-03,1.298882570039439598e-03,3.182331553479112417e-03,3.334258099106179960e-03,2.945372248477519730e-03,3.712269588777128860e-03,2.297154131651942422e-03,2.905166798181437870e-03,2.868805279736060584e-03,4.393197989678221589e-04,1.030537801612132175e-02,1.006909845288184559e-03,3.165452377182147517e-03,2.026762794543442159e-02,5.435513775330701007e-03,2.605446113973596163e-03,1.924687357823451871e-03,7.313973899565445226e-03,9.075276954453041084e-03,1.378452917941983338e-04,1.006645804381303515e-02,8.546931344258900266e-04,1.934809938797864759e-03
2.969840889478026630e-02,2.104673443978685460e-03,1.524962133449002041e-02,6.928873671353877328e-03,7.034275294544686807e-03,2.489128804521301532e-04,2.318165950533498942e-02,2.964943853135065029e-03,3.352077048888448159e-03,4.267052818298054662e-03,1.558284402518089230e-03,2.864698793665263442e-03,6.694367663777291491e-03,7.551633997500740297e-03,7.613318368656146404e-03,2.344708636301329197e-02,3.376276985983771729e-03,1.064030572493528462e-02,1.287295495411198976e-03,8.047985471831418242e-03,2.298250783111612829e-03,2.547539836266338436e-03,1.029848869182104637e-03,3.300721807428091351e-03,1.449895869539661915e-05,8.881794214175807445e-04,3.936733131748261158e-03,6.154605348578644740e-03,6.178358373293824785e-03,1.601019503122058305e-03,2.910046950628549303e-03,3.556088461247920718e-03,3.102712714211820853e-03,3.483675173092491174e-03,4.486138514742134091e-03
1.835944390193343292e-03,1.164120436596319252e-02,3.844442642166990588e-03,9.412258313606711516e-03,4.440382053277889575e-03,1.828435214447951887e-02,3.053613451277500338e-03,2.470053118743314319e-02,1.519995201937768270e-04,7.019921225800920643e-03,5.616195980580641033e-03,7.357654708740517593e-04,2.291259700326578764e-03,5.584292114469729083e-03,6.568409689825836090e-03,4.420202712133548123e-03,7.447376880142524309e-04,9.773304250147116581e-03,7.898831112131306231e-05,5.653444371651029920e-03,1.128239932935863610e-03,7.333765476071257838e-03,8.593295723885129283e-04,3.343803536063495035e-03,1.350969118945301410e-05,3.586263828111351318e-04,7.130555139399181661e-03,9.460305615759180206e-03,7.789236102526660502e-04,3.924850724013271772e-03,2.435364133486726639e-03,4.011537343739106538e-03,1.041153871442073055e-04,1.081142529588705395e-02,9.717575813317906944e-03
3.201682690160435711e-03,1.292717580400310103e-02,3.722508284028351426e-03,7.514556409111451674e-04,4.137652323636196311e-04,2.932086084126552059e-03,2.135282698522642138e-03,6.237447269578376245e-03,1.613364449021474981e-02,6.788324902549117135e-03,3.859383003888284744e-03,7.551346655262535651e-03,1.606949511852103982e-03,1.408686115094873008e-03,1.419382031609760231e-03,4.247412829474413523e-03,1.308661762505475452e-03,1.206620816192701361e-02,5.290358401841290491e-03,6.092213488539145738e-04,3.957628946936908587e-03,1.451092396393324074e-02,9.746731805326119824e-06,2.125560062771241626e-03,1.605550048434373558e-03,1.700749529193005920e-03,6.355443054982781032e-03,3.873142200458406376e-03,3.976725825368908167e-03,8.427679289594430453e-03,2.343820940720747759e-05,4.803339366847110201e-03,2.409443263900960374e-03,1.403731740163110392e-02,3.346702037085334813e-03
1.847993847506062539e-03,7.141225500909754824e-03,1.534333776479729176e-03,3.087131357304660154e-03,1.153079915858781605e-03,8.500326586285862629e-04,1.383709298237349424e-03,1.069898456431597061e-04,2.028981940455990007e-04,1.162747717321574795e-02,8.031597112795593740e-03,3.754496736298399383e-03,6.137513634262213753e-03,2.901156316918645194e-03,5.335579698757707609e-05,7.944209429610528395e-03,3.172509667431373630e-03,1.694548548353172132e-02,9.215088031730775744e-03,9.641405621253991420e-03,5.283691045585490326e-03,0.000000000000000000e+00,6.058762423178120672e-04,5.120972727833336680e-03,0.000000000000000000e+00,2.421046272788742598e-03,8.050097686017176207e-03,6.561540681035032442e-03,2.534367846646608767e-03,5.157689877258565293e-03,9.680208484689517730e-04,9.863568914690475781e-03,1.407454253492550396e-04,4.451510323911136296e-03,3.798149248279333520e-03
1.014824418539808822e-02,0.000000000000000000e+00,7.251955277380855297e-03,1.226304909824364742e-02,3.112549253529563274e-03,9.922152025735944680e-04,2.845287593889306819e-03,1.094452562148964282e-02,9.688895106993933998e-03,2.237795291660873293e-03,4.390793835270611831e-03,1.417913372952975606e-03,1.497205083622298039e-03,5.517624161709924584e-03,9.947437691820663203e-03,6.573280203355867223e-04,2.879612292077280908e-04,3.783669883035299317e-03,7.352440961556367532e-04,1.279246918842296245e-03,3.833436829725163104e-03,3.776495086613568686e-03,1.010345201916137406e-03,4.766450012589934938e-04,3.438954648341341152e-04,3.654553670530152724e-03,3.062498536773351765e-05,1.448841195333958401e-03,7.409709315555101147e-04,8.579564414682346865e-04,8.649994413240796876e-04,1.318718972638251163e-03,5.035466980849562756e-04,5.096885950233887453e-04,3.609058745267712184e-04
2.350505810229097919e-04,1.262507038177982476e-05,1.898010349674940367e-04,2.893710930667856654e-06,4.241387389599960041e-03,0.000000000000000000e+00,3.779745567322584897e-03,0.000000000000000000e+00,8.612763239089884018e-04,2.039762969570152983e-03,1.220851103894470654e-05,6.344380274313655282e-04,2.503260759996283561e-03,4.989321769164212911e-05,0.000000000000000000e+00,2.677603315046020059e-04,3.042739169160361967e-03,4.221376004579692085e-04,3.729035105626240295e-03,1.154043660704571345e-03,1.843200533644364088e-05,0.000000000000000000e+00,2.043874486709930383e-04,3.623000807664621462e-05,3.561603592306943067e-03,2.186098251661392280e-03,1.457795945596601249e-03,0.000000000000000000e+00,1.548252047515617704e-03,3.977453200683532010e-03,1.623201475381239045e-03,2.774742725725247439e-03,6.375521225779993972e-04,0.000000000000000000e+00,0.000000000000000000e+00
3.964835554617971228e-03,8.101895118447591596e-03,4.563985754707830522e-03,3.518000025414015804e-03,4.552107873936626740e-03,8.674645693388462241e-04,2.996165810736088793e-04,8.737737286173084122e-03,3.437559957615375205e-03,5.141190190023921421e-03,2.458257269080379656e-03,5.733081947813791976e-04,5.924342402811746608e-03,9.937065376287739817e-04,1.338505560594549330e-03,7.299371590662807538e-03,1.285885340469188065e-03,4.073742805345360700e-03,5.949035839593911842e-03,5.676969864504579494e-03,1.654404863121562014e-03,7.636993002975266641e-03,7.225271536655864836e-04,5.469300474688006640e-03,5.309781457787854028e-04,3.281582196339350062e-03,2.220904915321755997e-03,1.927005787414601268e-03,2.449600544756553797e-03,4.964268124738124323e-03,1.951433613328554424e-03,1.082437118998565324e-02,1.620691580550161172e-03,1.095004529559535922e-02,5.218306301517487006e-03
1.236673946902771236e-03,8.839941428240891130e-03,2.097359644444476978e-03,4.275154515199067196e-03,4.043880479720534694e-03,1.209122157810480288e-04,8.539913451617272330e-04,3.548728379638876450e-03,4.093178418953776453e-03,5.957470060292885568e-03,8.438400250694380600e-04,1.162761542212717436e-03,4.539130884819951410e-03,1.612423222248710736e-03,1.038928644105596710e-03,1.198023000358608425e-03,1.942094403924818184e-03,7.472264657322360767e-03,1.190271320183663994e-03,8.799555623704175683e-04,4.391261924936995520e-04,7.932362922230352942e-03,2.698013884797679542e-03,2.664751098264292462e-03,3.635523874997235029e-04,2.835130694040685975e-03,7.546416240689969926e-03,6.819699369800900218e-03,2.223932976232561882e-03,8.374726635104613737e-03,2.657391021981730505e-03,3.513823333470990525e-03,2.245232559586890931e-03,9.691319060293468457e-03,7.313303202419359217e-04
2.980141603522107677e-03,1.717593473480886665e-04,3.978139802196682998e-04,5.342790509461900548e-05,3.719173750288877131e-03,5.616017150009344820e-05,1.055416925035643910e-02,3.517013831377949407e-05,1.449621432717350779e-03,1.065558131606661636e-03,1.861224477953027281e-04,5.225386995265396840e-04,3.000305952299461929e-03,6.311569000276321881e-04,3.452145540549043511e-05,2.354430489897441428e-03,1.831020881580000884e-03,4.869552092403668132e-03,1.732789281095612702e-03,4.321165812625310000e-03,2.957529196711805496e-05,6.059379976988059862e-05,6.111968872106722517e-03,1.555031711553144544e-04,1.729044742685629035e-03,2.059894061474454915e-03,3.115532840230390323e-03,2.831868092224392564e-05,1.210340976647412969e-03,7.206577791088680275e-03,2.897489599787684417e-03,2.312116230786454962e-03,3.795420565095545748e-03,6.673017250653487441e-05,2.148476035537926829e-05
3.327080358399692878e-02,1.930012942411150467e-03,1.127827949150615738e-02,6.127487767768597000e-03,6.064583297950829066e-03,2.175664894309753590e-04,2.386765628738982126e-02,2.556044546263740343e-03,2.970154003248432362e-03,5.379934642451563581e-03,2.177826354511328173e-03,4.814322369557397924e-03,8.386826227012495610e-03,1.245799202002160870e-02,7.352091046767260905e-03,2.581772182237816043e-02,2.587488370733321847e-03,7.166912375715893402e-03,2.679984892438484062e-03,7.787638256510309026e-03,4.233320723771813801e-03,3.602774692870045620e-03,4.888488665677248645e-04,3.428597591185897787e-03,2.514151835708048694e-05,7.080054038938743410e-03,1.890180400874658107e-03,5.626127741672991983e-03,7.921438911591381637e-03,2.628841469330954125e-03,4.849325379527174261e-03,4.393950665163933247e-03,2.916656465559308228e-03,4.302338283336385773e-03,3.944548062287594331e-03
3.646041433113393713e-03,3.180049062234911457e-04,2.927146477591546433e-03,2.445195569216728274e-03,1.315397446354886479e-04,8.531227688234396941e-04,3.451499494401783635e-03,1.561716153558426927e-03,2.121486877575551409e-03,9.591245193763628385e-03,1.646039230173420654e-03,2.913766857952159329e-03,5.149943395294284861e-03,2.415910657961740926e-03,2.714061752679366567e-03,2.860184768098125024e-03,2.531971285756056886e-03,2.925536928493867143e-03,1.180675413378927830e-03,1.606819114060785338e-03,5.176809739239050280e-04,3.741570519247520575e-04,1.034177537570452228e-02,9.268926594765676628e-04,2.872791135201708743e-03,2.064226157690889768e-02,4.247359753910297069e-03,2.058472411899306322e-03,3.232127606705198237e-03,5.535561224903385452e-03,6.751905725663871760e-03,5.584383658353078705e-04,8.837219002451060512e-03,6.178784933393351858e-04,1.520528635122396022e-03
1.791732444635156041e-03,1.054503002062445217e-02,3.433478414353930731e-03,5.404132467664270884e-03,3.017768600077805688e-03,2.360139607335494426e-04,1.322308723279344686e-04,5.415872413307419933e-03,6.782454063636252778e-03,5.130478759240100425e-03,2.211479466903202434e-02,5.988282720720031552e-03,5.052120212111791894e-04,3.204079170121380826e-04,3.976595969928256938e-03,6.627895108653776915e-03,1.025186283261482825e-03,1.006090283339682902e-02,5.658599053666602680e-03,3.160219227673467454e-03,3.970968113213568795e-04,1.589447867426156680e-02,1.901987197788622885e-03,4.114872582563643480e-03,2.544340990687057573e-05,4.925234390729004395e-03,9.481766374547055676e-04,9.047272162654067598e-03,4.121641547345337130e-03,2.138859484394255508e-04,5.964807354403552433e-04,1.884075823598729826e-03,1.866717800650259359e-04,5.362081682359163409e-03,4.300700620919360381e-03
1.514148155554394552e-03,1.030967891176616351e-02,2.600687592539356087e-03,1.067039453919379696e-02,3.544095138751918086e-03,1.782133248920499471e-02,3.036715938500706129e-03,2.555047379105014962e-02,1.091509627153449888e-03,5.904706179839530437e-03,4.385854688536488903e-03,1.952075642945359443e-03,1.244048776202052054e-03,5.914903570481496245e-03,6.113650200769890283e-03,4.469224622374451394e-03,8.289368752595340731e-04,6.288730175523142216e-03,2.099897421775104734e-03,4.399443665300335933e-03,1.854690653843687510e-03,7.248097830056970427e-03,1.190856863115298970e-03,3.005509078115831470e-03,2.407581538586416351e-05,1.169298353530114076e-03,5.828252039060668674e-03,1.065305748145237499e-02,1.367919726559456688e-03,3.366636484920598141e-03,1.622604054323371035e-03,5.063561518014712132e-03,1.652364168010916348e-04,1.072472618918982219e-02,6.457691341369784649e-03
1.095740940220236645e-02,3.154598807714132768e-03,1.750055740030683144e-03,2.097052646248260058e-03,1.094444538042137725e-03,5.310632801685322753e-04,9.553508538836576539e-03,7.372143493463110273e-04,2.372211919958240600e-03,1.318683170666047665e-03,2.492722586684170162e-03,5.142838870043001456e-03,4.332942756609457595e-03,7.375182060696462705e-03,4.634689805490084459e-04,8.812769659081277213e-03,3.960771650612197881e-03,2.807839677885381850e-03,1.907998872945689851e-03,6.136841685065183918e-03,2.950619135503328855e-03,2.879841215002971761e-03,6.881359584042247811e-03,1.112351746881000240e-02,5.318792797503702104e-03,5.547035988698415312e-03,9.871995728064035872e-03,2.135442478915325348e-03,1.670888293769995370e-02,1.283476814650548817e-02,5.553699535816177500e-03,4.441560057696152322e-03,6.815718051770940089e-03,2.454998483759266272e-04,1.861834011134678828e-03
3.782374713317935449e-04,4.330082318823436473e-04,2.675085901188676858e-03,2.321773178346618789e-03,2.016598117861592536e-03,5.668655979772334319e-04,3.472819778413337947e-03,7.001582947239821855e-04,1.185948965694799554e-03,1.720592834137676637e-03,5.133484492680348565e-03,4.760946593510188320e-03,2.078646377808497127e-03,4.506699371602459168e-03,2.003283894298857966e-04,3.532468488813109327e-03,3.559113193946110941e-03,2.470944611032263941e-02,3.823990209087840125e-03,1.393030924203072542e-03,6.949480740270784843e-03,3.388032871699279622e-04,8.381763066478769078e-03,2.741666423104533856e-03,4.427763359027428805e-03,2.875989889330927279e-03,6.409645843521967826e-03,4.014714859587157486e-03,3.182571552626549480e-03,7.625723404482184775e-03,1.775706542868302554e-03,4.760764869143912885e-03,1.762583668506937599e-03,2.557786406325714655e-03,4.900828872122521204e-03
6.101840588891042569e-03,3.454461156931111368e-04,1.365085320811575045e-03,5.630043059205911381e-04,3.425702013515535133e-03,8.505145721072027533e-05,7.419840572542807898e-03,1.246370245690180231e-04,8.267810032668499636e-04,1.341509446361172260e-03,1.502893407345751685e-03,1.315499826587674314e-03,7.562828165544517069e-04,1.507097964837367764e-03,1.938148824734561241e-04,8.616263755374220512e-03,1.907587955494438429e-03,2.378149830125353414e-03,2.011159230776101130e-03,2.795172625183804747e-03,1.945727184278917823e-03,3.709728920313989540e-04,1.358416362850761033e-04,8.522391962732273497e-04,1.214974922807619123e-03,4.412716209818486925e-03,9.014307355379769932e-03,9.307859107604686153e-04,1.026386863105868685e-02,5.379808517903921818e-03,4.472851705001884039e-03,3.388045828028118413e-03,8.950261832799712158e-04,9.271172292905047489e-04,1.065136001838560935e-03
5.619592256309205273e-03,1.674675723691896375e-03,2.971292510423372349e-03,2.437383573282948020e-03,3.087311856761140900e-03,1.309091293268020240e-04,6.751259242194571596e-03,5.823673767299616553e-04,1.011987591362458134e-03,1.264608295043319168e-03,1.248417847049655346e-02,4.047666556848252516e-03,2.750209446610694594e-03,4.890797721572917416e-03,2.618361964915444894e-04,6.603700490281827831e-03,3.267265758945412692e-03,1.013252259611590461e-02,1.227767721195103384e-02,4.945293038358455212e-03,9.130746342838813243e-04,1.591067080343314078e-03,2.492604035674017386e-03,1.853601366021751830e-03,5.058683854554082895e-04,4.000737415259910529e-03,1.376851797921991791e-02,3.530464586200039983e-03,1.001502921852836722e-03,5.663006990497345544e-03,2.384929771644473187e-04,2.926198600685082050e-03,6.420815151632797320e-04,1.735119184722665794e-03,3.846847675716579505e-03
1.073627091433956935e-03,1.817329946708671345e-02,3.972313540251798912e-03,4.816308099381811855e-03,1.136006480078739431e-02,2.981245198222835270e-03,2.068611568480264312e-03,8.681016158189567081e-03,1.085901224381628435e-02,4.110496640294433734e-03,1.619573767732232841e-02,8.523291845158036117e-03,4.995365717413596286e-04,3.413692383516990156e-03,3.792763986756731223e-03,8.509510728282362879e-03,5.291339684159422629e-05,4.035282063243335327e-03,3.785112429358983028e-03,5.468787492344633940e-03,1.370660798096666987e-03,7.684793104098260053e-03,2.673359732125769449e-03,1.094184435551361426e-02,0.000000000000000000e+00,4.440727394956203375e-03,3.539185162145615758e-03,1.045347118669223523e-02,3.176940242406358500e-03,3.452953459762429442e-03,1.947828209847934358e-03,3.792148402024761965e-03,3.919396010007490617e-04,8.029525963657420384e-03,1.207501321894055221e-02
3.911607196838183878e-03,2.114957453443692525e-03,2.669068710760858724e-03,2.944976496932424220e-03,3.088948426529581834e-03,8.680516915884919872e-04,4.619103914792419170e-03,9.844092063786341260e-04,1.079945909988123086e-02,1.366669328959316861e-03,1.075782890849885133e-03,4.940210192739459376e-03,4.306083704603541791e-03,3.217519636409262376e-03,3.173191939603574210e-04,5.758045460069230806e-03,6.529509620940973300e-04,1.824126771237730496e-03,3.383879803520673836e-03,1.280316645593727702e-02,4.064118665477536169e-03,1.985139946638572132e-03,3.368526736328807114e-04,2.662559680310377149e-03,2.288495104419009663e-03,3.891815234455575472e-03,6.955536091397738346e-03,2.348973506416749540e-04,8.856574002042774674e-04,1.013390740853763183e-03,2.996367028951039263e-04,2.611603025932081670e-03,2.868534967678885647e-03,2.127037488565891327e-03,4.941398589846236582e-03
2.934741135516382013e-04,0.000000000000000000e+00,8.222088525373692043e-04,7.626103223404411685e-04,1.200360499390323507e-03,2.869358203330640269e-05,4.360722176472244839e-03,3.511077535841290427e-04,1.313861009694871794e-03,1.551427224174669250e-03,6.048341298829344346e-04,1.064297241371590539e-03,1.103552470722587650e-02,2.924805420110749080e-03,7.841255039636390407e-04,3.471021653403914007e-04,1.778423439922880572e-03,1.079095508933031102e-03,2.849943350456574098e-03,3.140545375793927022e-04,1.166219235424129433e-03,1.092113598794487868e-04,9.598675200505200206e-03,2.856122108953967160e-04,4.485681924431873108e-03,1.108282867240333296e-03,6.216453475895772698e-03,7.250570892963492664e-04,6.732934879081194438e-04,5.044596050458892422e-03,3.940606335220886783e-03,2.297562450495822459e-03,7.551400973584213028e-04,2.661754556363443063e-04,5.736756982410311278e-04
3.887327022105481391e-03,7.856433101485232884e-03,4.480063302983424214e-04,2.266508997664175643e-03,7.411696444154717081e-03,2.578469236135125242e-03,3.679427735526564873e-03,5.396121500799105561e-03,5.817769816401125935e-03,5.436471754794990410e-03,7.802747926266559615e-03,8.276752458170512014e-03,4.010967866752552374e-03,6.162571438935072685e-03,2.105391217484496418e-03,2.223230018790731122e-02,4.758638885105219082e-03,5.595240826901558100e-03,2.899437592368088543e-03,6.093431171978061847e-03,2.892897002654554271e-03,1.127780222450206621e-02,1.447944302292995594e-03,4.592123223535347389e-03,6.010876721895836577e-04,4.330638125658015612e-03,7.391950889064880306e-03,6.306145522631613314e-03,2.729136330281428137e-03,3.808545780942412719e-03,2.699002924987238972e-03,5.089229799565353832e-04,4.394221467593711385e-03,2.517393429507880365e-03,8.829353593681700876e-03
1.719817722376674324e-02,2.994044257097565852e-03,9.777105662583862253e-04,2.311312667618761318e-03,1.450773084812552200e-03,5.528565299091219715e-03,1.500578524216231863e-04,3.069962411404607294e-03,3.601387743512349509e-03,2.645799735004936582e-03,3.198196620833784927e-03,2.316928868231100946e-03,1.460802250385626749e-02,8.699066606585963840e-03,2.240340796023723019e-03,1.410927841849617115e-02,1.169959836801955999e-03,5.528600578750136191e-03,8.884734281364639955e-03,4.434228264878852487e-03,3.202374052263256242e-03,2.104868305897902685e-03,1.965966178085803463e-03,4.679716957363701767e-03,3.123763289689271156e-03,3.088426298637304140e-02,4.350171668648790749e-03,6.557007703277307163e-03,3.697195832929943676e-03,5.769021474580221520e-03,3.153397522069802811e-04,3.990438563947773694e-03,3.050277228879464536e-03,1.953822575802265267e-03,3.491344158313350234e-03
7.024900438868752041e-04,7.223367122070672650e-03,1.563751841502912868e-03,1.974088664760237019e-03,2.960650361514598639e-03,6.868393078322511868e-05,7.602183859488675964e-04,2.603843392569415559e-03,3.029253098105683280e-03,7.774776421876365175e-03,9.946804388305530154e-05,1.565366320867896816e-03,3.637462542233158274e-03,1.172257808909055307e-03,4.805627441146268636e-03,1.912173259632041211e-03,1.595613699092039966e-03,6.417952072268376384e-03,1.203146204789226365e-03,1.783842202879221996e-03,1.905125881229723442e-03,7.244673420883640524e-05,2.426340407219706227e-03,2.456528101289039145e-04,3.256443247956845302e-04,2.293980577594865750e-03,6.194262896270652172e-03,8.108228969062528449e-03,1.901625250402706052e-03,6.578526501589315560e-03,2.158828744965779391e-03,2.662539420292367974e-03,2.006437160885918107e-03,1.582458687149784771e-02,1.101615541154229300e-03
1.392481267219587053e-03,1.249080307436412247e-02,6.206091447235104371e-03,1.024521184479634459e-02,9.996090600377620025e-03,3.035763695215509209e-03,1.536527917239877193e-04,5.830965732217400881e-03,5.060173828406421860e-03,7.024949473010706075e-03,7.865823093552298806e-04,8.703371603222778696e-03,1.301494255486699766e-02,9.305481078089659734e-04,1.641284139629128370e-03,1.139236659815654092e-02,1.573308400597676383e-03,2.411688943746499031e-02,1.236788815406022340e-02,2.167512614840413562e-02,5.001981015283867710e-02,1.439945824178360916e-02,3.823326067099428599e-03,1.061932213648844603e-02,2.415459999999999916e-03,1.099557189170933050e-02,1.530973801825815522e-03,2.264807565387841684e-02,1.000374037425663318e-02,1.622492345437282629e-02,5.384578511052067959e-03,7.622121500305523503e-03,1.608910756639164724e-05,8.881460929400734200e-03,3.108148238511778544e-02
1.934147873883965835e-03,6.911951914144579857e-03,2.878894055783759454e-04,1.827824840609838493e-03,1.157245612547653547e-03,1.738811067213925227e-03,1.457490674507744451e-03,7.246861334318337178e-04,5.837900706312879745e-04,1.234094803298212140e-02,4.893736612937537624e-03,3.592127555221209367e-03,3.697629481244553776e-03,3.216055380665318493e-03,6.569960539200926436e-04,9.611954876916919965e-03,2.013731355457374847e-03,1.130623751927757430e-02,2.549814831998770299e-03,5.449970022505649415e-03,1.564892025156932980e-03,1.103236453849709611e-03,6.140356186538084918e-04,6.791114343312820018e-03,9.933771364344891875e-06,8.623101432565800223e-03,4.432623628685956711e-03,4.276307342900236008e-03,4.028300757022026078e-03,3.335721551272789829e-03,8.222754165899143902e-04,2.214660091251615878e-04,2.070648155701113860e-04,3.748428889054142201e-03,7.053476203615471202e-03
0.000000000000000000e+00,1.230417186547289217e-02,0.000000000000000000e+00,5.805501489555013085e-03,7.042847347637751568e-03,3.557413158840498635e-03,6.886332067218768963e-03,2.322163853778374393e-02,5.732445752617874347e-03,0.000000000000000000e+00,2.226013272417006698e-03,1.110952792562837528e-03,4.682237860506371571e-04,9.635249289101260536e-03,4.005669018808247391e-03,4.993415982375511196e-04,7.994530263375239495e-04,5.982367832155892524e-03,0.000000000000000000e+00,0.000000000000000000e+00,0.000000000000000000e+00,0.000000000000000000e+00,0.000000000000000000e+00,9.904350217450353863e-03,0.000000000000000000e+00,3.515363272192525979e-03,4.534067052151979915e-03,8.266521499416568412e-04,0.000000000000000000e+00,0.000000000000000000e+00,1.489190465148292622e-05,6.834104680295159315e-04,1.509477862692218397e-04,0.000000000000000000e+00,0.000000000000000000e+00
4.205898063652368656e-04,6.798867329941043341e-03,6.380686198902007708e-03,4.334917197076357601e-03,3.302510817200272984e-03,1.637192817418856765e-04,1.741724238991990527e-04,2.299334390271996244e-03,2.728249194793053514e-03,3.685282640820197481e-03,1.630251981193948235e-04,8.126960748585940544e-04,4.086272312966906899e-03,9.066927686705081703e-04,1.996463699068498805e-03,3.467901221856333881e-03,3.346269370034658970e-04,1.968672063987226412e-03,6.882785754653733372e-04,2.724612932288877996e-03,1.846629165518955118e-04,8.412579834723956512e-03,8.918156521159118465e-04,4.198423445441528019e-03,5.719759128525270329e-04,5.137681814361093162e-03,1.742671375864518653e-03,3.165985515227415052e-03,4.195058564135378809e-03,3.502491053960727751e-03,1.733881796181020903e-04,7.799982603457348770e-03,1.153236147391727270e-03,8.599222510758196270e-03,2.112176295394245853e-03
1.538457520957790163e-03,1.043018109260046046e-02,7.108830078365836400e-03,2.875123089566505516e-03,2.355566726096273295e-03,1.337497553165509321e-04,6.221757408739616657e-04,3.519893527145027349e-03,5.455533908557394507e-03,3.792073892852800346e-03,1.292662175186989892e-03,4.195999192342427311e-03,1.788233331184755368e-03,1.794748490673750852e-03,4.292732393151758169e-03,4.526189925261128039e-03,5.866295476804946757e-05,1.370036721789029410e-03,2.310256181328846584e-03,4.216843993481275178e-03,6.929058004578910260e-03,1.393292575385627827e-02,4.170061325790444615e-04,3.403459223152806301e-03,2.053029370994913553e-04,3.253215952524960656e-03,7.988086761543023231e-03,6.948410632000516507e-03,3.812644647370659265e-03,4.119935163289163357e-03,1.046440556021520753e-03,1.535990332766358187e-03,9.100846372996515511e-04,1.596658069273434663e-02,6.685816612355215821e-03
2.286091739380742473e-03,1.261707219949107818e-02,7.019959849910059092e-03,1.722317917583377975e-02,1.036504563969848323e-02,2.594863395071848704e-03,2.217967663690485866e-04,5.932613370460382632e-03,7.761789388434764229e-03,6.589685186111100997e-03,8.274949138260677406e-03,1.607508816142713681e-02,1.919454559234169081e-03,2.595200636489327153e-03,7.853663948780845866e-03,4.137982122665082203e-03,5.915196209625309468e-04,5.377848554799047158e-03,1.612295350953825163e-03,1.090252573963973459e-03,8.117506835690953965e-03,1.644408469178314930e-02,1.616875549867224926e-03,6.790704677539245900e-03,1.814164247351153706e-05,5.820869113596870842e-03,4.410853501208780378e-03,1.251402109546419228e-03,1.176048696871349972e-03,1.258182884763755019e-02,1.705654796388467783e-03,8.699189545101522480e-05,1.853424433960728572e-04,5.133811622077744628e-03,6.075377233080124506e-03
3.215270951809581779e-03,2.353542852248021475e-04,9.859060977886148144e-04,5.072423774537491168e-04,2.725057296834829199e-03,3.010145468582824005e-04,3.867272722256323049e-03,2.646228764600916253e-04,8.131382404217407092e-04,1.111049268127979909e-03,1.248871469586452111e-03,1.248453749316219812e-03,3.467227607322310740e-03,3.218683556197737133e-03,2.039763152025622593e-05,3.226357121288407712e-03,3.904246461105884917e-03,3.258287569006971217e-03,8.061852257207461486e-03,1.387821420754053580e-03,2.074712905871255435e-03,0.000000000000000000e+00,3.341174041850030526e-03,6.590248217352667704e-04,4.945153966519831926e-03,2.406919483963894119e-03,1.065994205278131528e-03,8.157755714733684388e-04,5.639904691905081244e-03,2.433460316083705353e-03,5.897001833868603313e-03,6.755198584217889796e-03,9.499913989354850236e-03,5.530119819197532515e-04,9.955962704026816504e-04
1.025214084745790450e-03,6.739911771246602512e-03,6.055425433304081548e-04,6.737567456058937004e-03,6.124362609324583359e-03,1.002373397992337769e-04,6.188880249973179645e-04,2.806179476597621836e-03,3.776606574176682388e-03,3.735604494846690108e-03,5.722561276614675750e-03,2.047219996366811401e-03,1.641337735557732002e-03,1.954920418906404972e-03,2.848482241984834351e-04,3.728613253199129177e-03,6.427492165644345390e-04,1.475280319857275035e-04,1.714930330807124242e-03,6.374968176362634520e-03,2.649941470805005153e-02,5.342818578175570834e-03,2.273660747647626365e-03,3.120151412941393580e-03,1.687564796859654121e-03,4.362549071351841390e-03,3.882611482114595863e-04,1.033299443100688456e-02,2.022614468176370771e-03,6.915670681942102244e-03,2.336685531843653123e-03,2.904227443865506526e-03,8.294762023530387286e-04,2.878620190765717596e-03,9.027032610894075715e-03
1.085062114067820820e-02,2.375401355908119457e-03,1.050089585524078065e-02,1.279267625371120071e-02,1.123344709486506950e-03,1.003552108827425807e-02,1.603987227376918803e-03,5.617392865497732035e-02,1.225035803402108048e-03,5.743606432717998644e-04,3.656161013776887837e-03,1.232106169316506301e-03,2.325407520996164434e-03,7.838338964763144623e-04,2.226142727004003230e-02,4.039080058114175595e-05,1.127755262706512177e-03,7.519363267113588455e-03,1.470116993544037451e-03,5.849243572190548045e-04,2.553603844137544796e-03,4.173595291333273040e-03,2.106727918265587345e-03,3.927007316237198474e-03,1.694472250704814583e-03,6.339568067743412728e-03,1.813306865258304881e-03,3.491991250326721002e-03,1.752870818714905238e-03,1.412667444485969344e-03,6.290200713721209869e-03,3.299326306908883719e-03,6.957047954258836937e-04,3.507889047220922089e-04,6.430601567044783723e-04
