0.14799672935404745 8.176614881439084E-4 0.8511856091578086 
0.0028328611898017003 0.0028328611898017003 0.9943342776203967 
0.023255813953488375 0.698781838316722 0.2779623477297896 
0.5465768799102132 0.1949120838009727 0.25851103628881406 
0.0012300123001230013 0.013530135301353016 0.985239852398524 
0.595166163141994 0.35347432024169184 0.051359516616314195 
0.012188044109112013 5.803830528148578E-4 0.9872315728380731 
0.2214060860440714 0.001049317943336831 0.7775445960125917 
0.0013106159895150723 0.04062909567496724 0.9580602883355177 
0.9875389408099688 0.011422637590861892 0.001038421599169263 
0.03754266211604096 0.447098976109215 0.515358361774744 
0.0021598272138228943 0.04535637149028078 0.9524838012958964 
0.9923954372623575 0.0038022813688212928 0.0038022813688212928 
0.001107419712070875 0.001107419712070875 0.9977851605758582 
0.03317535545023697 0.0015797788309636653 0.9652448657187994 
0.01075268817204301 0.6559139784946235 0.3333333333333333 
0.02640051513200257 0.10367031551835158 0.8699291693496457 
0.0011325028312570782 0.0011325028312570782 0.9977349943374858 
0.039690222652468535 0.049370764762826716 0.9109390125847047 
9.68054211035818E-4 9.68054211035818E-4 0.9980638915779283 
0.18360226777147842 0.11818578281726995 0.6982119494112515 
0.4097706879361914 0.45962113659022935 0.13060817547357925 
0.0011198208286674132 0.012318029115341547 0.986562150055991 
0.001605136436597111 0.001605136436597111 0.9967897271268058 
0.001485884101040119 0.09063893016344725 0.9078751857355127 
0.00657501494321578 0.00657501494321578 0.9868499701135683 
0.0026109660574412537 0.0026109660574412537 0.9947780678851176 
0.0031948881789137383 0.0031948881789137383 0.9936102236421726 
0.002915451895043732 0.002915451895043732 0.9941690962099127 
0.33333333333333337 0.030303030303030307 0.6363636363636365 
0.35247666905958364 0.07968413496051686 0.5678391959798994 
0.010752688172043012 9.775171065493646E-4 0.9882697947214076 
0.008130081300813007 0.25203252032520324 0.7398373983739837 
0.0011587485515643107 0.847045191193511 0.15179606025492468 
0.015006821282401094 0.32878581173260574 0.6562073669849933 
0.09305373525557012 0.0013106159895150723 0.9056356487549148 
0.002421307506053269 0.1476997578692494 0.8498789346246974 
0.002421307506053269 0.09927360774818401 0.8983050847457628 
0.15789473684210528 0.43490304709141275 0.407202216066482 
0.00129366106080207 0.00129366106080207 0.9974126778783958 
0.26699834162520736 0.03482587064676617 0.6981757877280266 
0.0012453300124533003 0.7858032378580324 0.21295143212951434 
0.004694835680751174 0.004694835680751174 0.9906103286384977 
0.22033898305084745 0.32705586942875076 0.4526051475204017 
0.5347432024169184 0.051359516616314195 0.4138972809667674 
0.0010070493454179255 0.0010070493454179255 0.9979859013091641 
0.015873015873015876 0.9682539682539683 0.015873015873015876 
0.042564372044140826 0.35785601681555435 0.5995796111403047 
0.0010604453870625664 0.0010604453870625664 0.9978791092258749 
0.5026269702276707 0.053123175715119667 0.4442498540572095 
0.004484304932735426 0.09417040358744394 0.9013452914798207 
0.014354066985645933 0.055365686944634306 0.9302802460697196 
3.672420124862284E-4 0.19500550863018729 0.8046272493573264 
0.23232323232323235 0.10245310245310245 0.6652236652236653 
0.012048192771084336 0.13253012048192772 0.8554216867469878 
0.03265940902021773 0.2192846034214619 0.7480559875583205 
7.501875468867217E-4 7.501875468867217E-4 0.9984996249062265 
0.009708737864077669 0.009708737864077669 0.9805825242718446 
0.528918692372171 0.4618608549874267 0.009220452640402348 
6.317119393556538E-4 0.15224257738471256 0.8471257106759317 
0.0028328611898017003 0.0028328611898017003 0.9943342776203967 
0.013698630136986302 0.15068493150684933 0.8356164383561644 
0.058419243986254296 0.9404352806414662 0.001145475372279496 
0.20090805902383654 0.2122587968217934 0.5868331441543699 
5.094243504839531E-4 5.094243504839531E-4 0.998981151299032 
0.006948831332912192 6.317119393556538E-4 0.992419456727732 
0.6302032913843175 9.68054211035818E-4 0.3688286544046467 
0.03252885624344176 0.8300104931794333 0.13746065057712487 
0.09827456864216053 7.501875468867217E-4 0.9009752438109526 
0.08931185944363104 0.9092240117130308 0.0014641288433382138 
0.0016863406408094436 0.0016863406408094436 0.9966273187183812 
0.025210084033613446 0.0012004801920768309 0.9735894357743097 
0.0010172939979654122 0.0010172939979654122 0.9979654120040692 
0.0010604453870625664 0.17073170731707318 0.8282078472958643 
0.001422475106685633 0.7695590327169275 0.22901849217638695 
0.0930930930930931 0.9039039039039041 0.0030030030030030034 
0.0026109660574412537 0.3420365535248042 0.6553524804177546 
0.05188199389623601 0.0010172939979654122 0.9471007121057985 
0.0018416206261510132 0.0018416206261510132 0.9963167587476981 
0.0017761989342806397 0.0017761989342806397 0.9964476021314388 
0.009708737864077669 0.009708737864077669 0.9805825242718446 
0.01854974704890388 0.0016863406408094436 0.9797639123102867 
8.984725965858042E-4 0.036837376460017966 0.9622641509433962 
0.5536294691224269 0.3802816901408451 0.06608884073672806 
0.015873015873015876 0.015873015873015876 0.9682539682539683 
0.3359314107560405 7.79423226812159E-4 0.6632891660171472 
0.185378590078329 0.0026109660574412537 0.8120104438642298 
7.733952049497292E-4 0.02397525135344161 0.9752513534416085 
0.38028169014084506 0.1924882629107981 0.42723004694835676 
0.0014025245441795233 0.15568022440392706 0.8429172510518934 
0.040877367896311065 9.970089730807579E-4 0.9581256231306081 
0.0017152658662092626 0.0017152658662092626 0.9965694682675815 
0.002754820936639119 0.002754820936639119 0.9944903581267219 
0.002544529262086514 0.8931297709923666 0.10432569974554708 
0.008130081300813007 0.41463414634146334 0.5772357723577235 
0.0013106159895150723 0.014416775884665795 0.9842726081258191 
0.041289023162134945 0.08157099697885196 0.877139979859013 
0.3812341504649197 0.6179205409974641 8.4530853761623E-4 
0.015873015873015876 0.33333333333333337 0.6507936507936507 
0.4203168685927307 0.12208760484622554 0.45759552656104385 
0.005780346820809248 0.005780346820809248 0.9884393063583815 
0.0011862396204033216 0.0011862396204033216 0.9976275207591934 
0.0013280212483399736 0.0013280212483399736 0.99734395750332 
