2.605922583250702695e-01,0.000000000000000000e+00,4.553859978839103206e-02,1.175445162397041748e-01,5.047670036725017753e-03,0.000000000000000000e+00,0.000000000000000000e+00,2.383818589193325080e-02,0.000000000000000000e+00,1.626399381544091360e-01,0.000000000000000000e+00,4.595873570631513064e-04,1.297457172481407961e-01,0.000000000000000000e+00,0.000000000000000000e+00,0.000000000000000000e+00
2.261186871125058784e-01,0.000000000000000000e+00,0.000000000000000000e+00,2.538539956795652364e-01,1.325880156533338489e-02,0.000000000000000000e+00,0.000000000000000000e+00,0.000000000000000000e+00,4.561219150770100218e-04,2.011825115949406398e-02,0.000000000000000000e+00,0.000000000000000000e+00,0.000000000000000000e+00,1.601619580491848716e-01,0.000000000000000000e+00,2.150146295213520645e-02
0.000000000000000000e+00,7.489682439270284320e-02,9.800502820033632143e-03,6.877042171512563751e-02,0.000000000000000000e+00,0.000000000000000000e+00,1.015520879969751822e-01,1.158930196324175071e-01,1.977607900075436208e-03,3.262287214116293271e-02,1.602111879565945585e-01,2.744037705103809510e-01,9.775266783794019088e-02,0.000000000000000000e+00,0.000000000000000000e+00,0.000000000000000000e+00
2.530815780988961428e-01,0.000000000000000000e+00,1.332057413892973330e-01,0.000000000000000000e+00,0.000000000000000000e+00,0.000000000000000000e+00,1.326709087072347748e-01,0.000000000000000000e+00,0.000000000000000000e+00,1.177572764286286405e-01,0.000000000000000000e+00,0.000000000000000000e+00,0.000000000000000000e+00,0.000000000000000000e+00,0.000000000000000000e+00,0.000000000000000000e+00
5.473582880464210321e-02,1.257847308346500721e-02,9.056667407194365915e-02,2.881205946016031638e-01,0.000000000000000000e+00,0.000000000000000000e+00,5.966152828675530496e-04,0.000000000000000000e+00,1.142122250082546961e-02,1.963893504709271140e-02,3.262289770937156809e-03,3.274778156998862152e-03,5.418492153079034271e-03,1.281187590664412679e-01,1.651869403852827475e-02,0.000000000000000000e+00
0.000000000000000000e+00,9.599386867483075680e-02,0.000000000000000000e+00,6.544717003469974551e-03,9.151654598414498895e-03,6.739788690889816913e-02,8.449399142210407831e-02,7.642975288185691052e-02,4.802640667675606850e-02,0.000000000000000000e+00,1.139877336586402751e-01,3.607334122278213484e-01,2.238274370742455999e-03,0.000000000000000000e+00,0.000000000000000000e+00,1.940808714739092680e-02
1.314657845768474331e-01,0.000000000000000000e+00,5.768946284532317642e-02,0.000000000000000000e+00,0.000000000000000000e+00,0.000000000000000000e+00,1.592380117311432974e-02,0.000000000000000000e+00,0.000000000000000000e+00,7.953601466967172295e-02,0.000000000000000000e+00,0.000000000000000000e+00,3.892092609949913268e-02,0.000000000000000000e+00,0.000000000000000000e+00,0.000000000000000000e+00
2.154092001001126078e-01,0.000000000000000000e+00,0.000000000000000000e+00,4.618739300092121469e-02,1.416705794273670493e-02,0.000000000000000000e+00,0.000000000000000000e+00,0.000000000000000000e+00,0.000000000000000000e+00,0.000000000000000000e+00,0.000000000000000000e+00,5.337285029688110466e-04,2.665462684502736476e-02,0.000000000000000000e+00,5.725112569705930951e-03,0.000000000000000000e+00
0.000000000000000000e+00,3.351106782085436220e-01,1.429688873611069388e-01,5.857846317256723556e-02,2.447989944198139534e-02,1.491939862750513157e-01,3.613521527587960913e-03,5.753610639484837627e-03,4.529273796975298583e-03,0.000000000000000000e+00,3.931688562932710712e-02,4.887090250930473806e-02,3.946432273104640703e-02,1.136135458483837485e-01,1.973814581764151976e-01,1.234539991614803517e-01
4.197417030371196171e-03,2.127580817923935969e-02,5.387357121363315487e-02,8.269374881242269604e-03,1.895438242666685758e-01,0.000000000000000000e+00,1.254036817128051677e-03,2.738416834345470119e-01,4.289806828074536199e-03,0.000000000000000000e+00,0.000000000000000000e+00,0.000000000000000000e+00,0.000000000000000000e+00,1.036599416076555980e-01,6.150216215646650726e-03,0.000000000000000000e+00
0.000000000000000000e+00,6.707243954788311147e-02,0.000000000000000000e+00,0.000000000000000000e+00,0.000000000000000000e+00,3.321500937895232632e-04,6.234830544629192672e-02,8.082037352050817913e-02,2.518393227620157378e-03,0.000000000000000000e+00,1.436991066054203736e-01,3.026174421906029366e-01,5.732858816630050439e-03,2.224778824392098509e-02,1.597786654099826037e-02,0.000000000000000000e+00
1.175373054930797627e-02,1.363306481588847632e-04,8.145525457151180440e-03,0.000000000000000000e+00,1.558226252225802322e-03,5.243160160231631617e-02,3.865953026820185493e-03,5.905872444644730268e-03,1.617590294113132321e-01,1.076741735745444378e-01,1.657209845169118900e-01,4.622965955465464793e-02,1.166566694820819067e-02,0.000000000000000000e+00,0.000000000000000000e+00,4.171456847711769306e-02
6.812477923406724291e-03,0.000000000000000000e+00,0.000000000000000000e+00,0.000000000000000000e+00,5.553598875281136500e-03,1.898902579762179743e-01,1.008854500084882880e-02,0.000000000000000000e+00,1.717556934402534596e-01,2.696772459098580391e-02,1.034916134605412021e-02,5.034652197782259198e-02,1.271277922463626697e-01,0.000000000000000000e+00,7.350470975654213590e-02,2.010820303091701844e-01
1.639435639902594444e-01,0.000000000000000000e+00,0.000000000000000000e+00,3.720813462662964782e-02,1.374057107454374968e-02,0.000000000000000000e+00,0.000000000000000000e+00,0.000000000000000000e+00,0.000000000000000000e+00,0.000000000000000000e+00,0.000000000000000000e+00,0.000000000000000000e+00,1.408193766345870301e-03,0.000000000000000000e+00,0.000000000000000000e+00,4.654200085487201349e-03
0.000000000000000000e+00,2.886441630975062345e-01,4.652922805346573071e-02,0.000000000000000000e+00,2.311765627093534045e-02,2.344346150813223506e-01,2.738022243969451090e-03,5.201081992388794165e-03,2.963625965454428149e-02,6.944745403165325558e-04,1.108135071517217345e-02,7.137154874574030972e-02,1.569341032559117867e-03,1.279192543849574093e-01,5.952579633007155230e-02,2.499547459067836541e-01
2.429534368192547145e-02,0.000000000000000000e+00,5.916433815403511660e-03,2.010790607731766377e-01,0.000000000000000000e+00,0.000000000000000000e+00,1.702658741381673710e-02,0.000000000000000000e+00,0.000000000000000000e+00,3.604964639746655042e-02,0.000000000000000000e+00,4.651470750265648325e-04,0.000000000000000000e+00,1.469437574280768599e-01,7.794577168405705629e-03,0.000000000000000000e+00
1.190383581602878668e-04,8.541241676089871351e-03,2.242190542782144386e-02,1.053465131500683563e-02,1.623262237221435034e-01,0.000000000000000000e+00,9.862812330048416429e-04,2.458320122528050988e-01,0.000000000000000000e+00,2.500258625469565892e-03,0.000000000000000000e+00,0.000000000000000000e+00,1.178821014527010012e-02,5.636044685457458799e-03,0.000000000000000000e+00,4.690404649133972717e-03
0.000000000000000000e+00,0.000000000000000000e+00,0.000000000000000000e+00,7.381512130195512153e-03,4.500458379341728404e-02,0.000000000000000000e+00,0.000000000000000000e+00,8.641714234409240275e-03,1.291839619028933017e-01,4.070837605782998830e-02,1.806906698155739954e-02,3.443887808478106327e-02,2.737556870880977940e-03,0.000000000000000000e+00,0.000000000000000000e+00,0.000000000000000000e+00
1.076223458025750840e-01,0.000000000000000000e+00,5.638183511041681278e-02,0.000000000000000000e+00,9.724258874950211188e-04,0.000000000000000000e+00,1.095454300786516399e-01,0.000000000000000000e+00,0.000000000000000000e+00,2.680190481160794891e-02,0.000000000000000000e+00,0.000000000000000000e+00,0.000000000000000000e+00,0.000000000000000000e+00,0.000000000000000000e+00,0.000000000000000000e+00
5.933831653985421895e-03,0.000000000000000000e+00,4.215696657606234771e-02,5.669046587729923564e-02,0.000000000000000000e+00,0.000000000000000000e+00,1.174522369206824901e-02,2.356165176128832695e-02,0.000000000000000000e+00,3.656217014054872344e-02,0.000000000000000000e+00,0.000000000000000000e+00,8.358249906673377583e-02,0.000000000000000000e+00,0.000000000000000000e+00,0.000000000000000000e+00
0.000000000000000000e+00,3.023258273133552776e-01,5.077373540528365425e-02,0.000000000000000000e+00,2.546220470749440551e-02,1.520730738546976490e-01,0.000000000000000000e+00,4.713062305033980347e-03,0.000000000000000000e+00,0.000000000000000000e+00,2.405600740540999802e-02,5.686004305887949056e-02,0.000000000000000000e+00,1.347078478053392592e-01,4.192851871013299897e-02,1.346817084465413983e-01
5.381586283730293435e-02,0.000000000000000000e+00,1.066371882241392427e-02,1.225909676077791260e-03,0.000000000000000000e+00,0.000000000000000000e+00,3.729091125381067684e-02,0.000000000000000000e+00,0.000000000000000000e+00,3.076814823486962933e-02,0.000000000000000000e+00,0.000000000000000000e+00,0.000000000000000000e+00,0.000000000000000000e+00,1.748401313812518454e-02,0.000000000000000000e+00
2.850806403857586088e-02,0.000000000000000000e+00,5.846669609528094835e-02,0.000000000000000000e+00,0.000000000000000000e+00,0.000000000000000000e+00,1.883798335403041521e-02,3.189787750276625901e-03,0.000000000000000000e+00,1.080258002120539074e-01,0.000000000000000000e+00,7.608786808890674255e-03,3.490972835262878132e-02,0.000000000000000000e+00,0.000000000000000000e+00,0.000000000000000000e+00
1.125104072370754354e-01,0.000000000000000000e+00,0.000000000000000000e+00,2.920479321091979177e-02,1.839041347826816941e-02,0.000000000000000000e+00,0.000000000000000000e+00,0.000000000000000000e+00,0.000000000000000000e+00,0.000000000000000000e+00,0.000000000000000000e+00,5.979259902386356833e-04,3.012556046302932583e-02,0.000000000000000000e+00,0.000000000000000000e+00,0.000000000000000000e+00
7.969110401118632836e-02,0.000000000000000000e+00,0.000000000000000000e+00,4.664509957932018273e-03,0.000000000000000000e+00,0.000000000000000000e+00,0.000000000000000000e+00,0.000000000000000000e+00,0.000000000000000000e+00,1.401203622957556023e-02,0.000000000000000000e+00,0.000000000000000000e+00,0.000000000000000000e+00,0.000000000000000000e+00,2.102768518974140743e-02,0.000000000000000000e+00
0.000000000000000000e+00,0.000000000000000000e+00,2.361729345094126797e-02,0.000000000000000000e+00,2.561807180263472872e-01,0.000000000000000000e+00,6.379190782894528233e-02,6.603902174909739853e-02,5.804562581594575540e-03,2.245318098283487576e-04,0.000000000000000000e+00,0.000000000000000000e+00,0.000000000000000000e+00,0.000000000000000000e+00,0.000000000000000000e+00,0.000000000000000000e+00
2.102861079323760374e-03,0.000000000000000000e+00,3.384360051982134021e-02,4.759924062482555340e-02,0.000000000000000000e+00,0.000000000000000000e+00,1.248856559065470752e-02,2.591711776124530284e-02,0.000000000000000000e+00,2.132652876481071560e-02,0.000000000000000000e+00,0.000000000000000000e+00,6.319373201543738994e-02,0.000000000000000000e+00,0.000000000000000000e+00,0.000000000000000000e+00
0.000000000000000000e+00,7.995843123215274663e-04,2.010051531240094821e-02,0.000000000000000000e+00,1.648458226286903250e-01,0.000000000000000000e+00,0.000000000000000000e+00,6.940341401234668972e-02,5.924794540076902191e-03,7.845825975556162610e-03,0.000000000000000000e+00,5.653261907813117567e-04,0.000000000000000000e+00,1.000174826420938828e-02,0.000000000000000000e+00,1.962064741086600849e-03
3.328318127452517539e-03,1.296616558321210663e-03,9.771484708034018987e-03,0.000000000000000000e+00,4.248823477199801038e-03,1.478629558718078281e-03,1.006176061004063031e-03,1.507874892674368125e-02,1.138169394447339777e-01,5.787304250065078426e-02,2.097218541877055465e-03,8.738187330097499372e-03,1.337749739326247328e-02,0.000000000000000000e+00,0.000000000000000000e+00,0.000000000000000000e+00
8.050606458459777168e-03,1.789902380094948037e-02,5.806003897549062015e-02,4.895326766087515491e-02,0.000000000000000000e+00,0.000000000000000000e+00,0.000000000000000000e+00,4.233324673537246924e-03,0.000000000000000000e+00,0.000000000000000000e+00,0.000000000000000000e+00,1.587372315597949989e-03,8.845934087077170216e-02,0.000000000000000000e+00,9.144825945972321832e-03,0.000000000000000000e+00
8.819936859824610564e-02,0.000000000000000000e+00,0.000000000000000000e+00,2.734543846989583027e-02,2.000848178248402359e-02,0.000000000000000000e+00,0.000000000000000000e+00,0.000000000000000000e+00,0.000000000000000000e+00,0.000000000000000000e+00,0.000000000000000000e+00,0.000000000000000000e+00,7.072371110466312352e-03,0.000000000000000000e+00,0.000000000000000000e+00,0.000000000000000000e+00
0.000000000000000000e+00,0.000000000000000000e+00,1.134716864684022324e-02,0.000000000000000000e+00,1.336274617933776721e-01,0.000000000000000000e+00,8.654055107432931165e-04,5.724291270522822994e-02,0.000000000000000000e+00,1.007317198102099416e-02,0.000000000000000000e+00,0.000000000000000000e+00,0.000000000000000000e+00,0.000000000000000000e+00,0.000000000000000000e+00,3.403846976436950261e-03
0.000000000000000000e+00,0.000000000000000000e+00,7.124055587161410436e-03,0.000000000000000000e+00,2.970648718255492621e-02,0.000000000000000000e+00,0.000000000000000000e+00,0.000000000000000000e+00,2.092096183907975106e-03,7.236150813588611286e-02,2.907586308290916952e-02,0.000000000000000000e+00,1.376418953164230095e-02,0.000000000000000000e+00,0.000000000000000000e+00,0.000000000000000000e+00
2.612316700097358849e-02,0.000000000000000000e+00,0.000000000000000000e+00,2.369538566865045381e-02,0.000000000000000000e+00,0.000000000000000000e+00,1.068773074642455053e-03,2.916155103812705530e-03,0.000000000000000000e+00,4.638926841741358026e-02,0.000000000000000000e+00,4.900577325300722729e-05,0.000000000000000000e+00,0.000000000000000000e+00,1.026542837888154425e-02,0.000000000000000000e+00
3.418619829817031840e-03,1.706780533440926386e-03,6.168242125264632864e-03,0.000000000000000000e+00,4.537859449552806429e-04,8.319902373812508405e-04,0.000000000000000000e+00,1.496769738390634277e-02,1.006274799150137650e-01,4.479577869038939286e-02,1.336441103653699834e-03,3.325469852321839576e-03,6.921206115179575138e-03,0.000000000000000000e+00,0.000000000000000000e+00,0.000000000000000000e+00
2.549771709144962178e-02,0.000000000000000000e+00,4.619216661806517521e-02,0.000000000000000000e+00,0.000000000000000000e+00,5.777694528589176025e-07,1.702007240461838808e-02,0.000000000000000000e+00,0.000000000000000000e+00,4.032768156578819124e-02,0.000000000000000000e+00,0.000000000000000000e+00,3.360006697160693775e-03,0.000000000000000000e+00,0.000000000000000000e+00,7.089645301976935533e-04
4.354300409666913424e-02,0.000000000000000000e+00,3.200433466893470164e-02,0.000000000000000000e+00,2.660954884215790094e-03,0.000000000000000000e+00,6.325448903628480557e-02,0.000000000000000000e+00,0.000000000000000000e+00,1.128549911497450306e-02,0.000000000000000000e+00,0.000000000000000000e+00,0.000000000000000000e+00,0.000000000000000000e+00,0.000000000000000000e+00,0.000000000000000000e+00
5.522189670309048809e-02,0.000000000000000000e+00,0.000000000000000000e+00,2.567299502648036358e-03,0.000000000000000000e+00,0.000000000000000000e+00,0.000000000000000000e+00,0.000000000000000000e+00,2.921792999458947774e-04,9.146103181051632933e-03,0.000000000000000000e+00,0.000000000000000000e+00,0.000000000000000000e+00,0.000000000000000000e+00,0.000000000000000000e+00,0.000000000000000000e+00
0.000000000000000000e+00,0.000000000000000000e+00,0.000000000000000000e+00,0.000000000000000000e+00,2.384165958671935134e-02,1.223948610844022983e-02,0.000000000000000000e+00,0.000000000000000000e+00,1.333526964576386455e-03,4.959861278674320556e-02,1.085512505165781572e-01,0.000000000000000000e+00,2.067421180403956199e-02,0.000000000000000000e+00,0.000000000000000000e+00,0.000000000000000000e+00
2.118677075501394433e-03,1.717035919686076342e-02,4.520949658512476987e-02,3.901678850817789923e-02,0.000000000000000000e+00,0.000000000000000000e+00,0.000000000000000000e+00,4.456407461744167978e-03,0.000000000000000000e+00,0.000000000000000000e+00,0.000000000000000000e+00,3.694709749531018429e-03,7.354449888784582445e-02,0.000000000000000000e+00,1.714058738411599475e-02,0.000000000000000000e+00
1.567809565756144580e-02,0.000000000000000000e+00,0.000000000000000000e+00,1.028275798940251340e-01,4.323728684170195964e-03,0.000000000000000000e+00,0.000000000000000000e+00,0.000000000000000000e+00,0.000000000000000000e+00,0.000000000000000000e+00,0.000000000000000000e+00,0.000000000000000000e+00,0.000000000000000000e+00,0.000000000000000000e+00,2.274335859035680751e-01,0.000000000000000000e+00
0.000000000000000000e+00,5.645360880816338578e-03,2.435480974461958457e-03,2.049242561302469512e-02,2.185456912768389548e-02,0.000000000000000000e+00,0.000000000000000000e+00,1.676223736682684595e-01,0.000000000000000000e+00,0.000000000000000000e+00,0.000000000000000000e+00,0.000000000000000000e+00,3.488091495928804988e-03,0.000000000000000000e+00,0.000000000000000000e+00,0.000000000000000000e+00
2.439676040185201344e-02,0.000000000000000000e+00,1.389904225665823320e-02,0.000000000000000000e+00,4.944645981757922254e-04,0.000000000000000000e+00,2.986427927695270435e-02,0.000000000000000000e+00,0.000000000000000000e+00,6.712972525180199018e-03,0.000000000000000000e+00,0.000000000000000000e+00,0.000000000000000000e+00,0.000000000000000000e+00,0.000000000000000000e+00,0.000000000000000000e+00
0.000000000000000000e+00,6.545571114838381671e-04,1.877918436227750225e-03,7.461080027604731491e-02,0.000000000000000000e+00,1.644679655990010508e-02,1.989099243407667589e-04,0.000000000000000000e+00,9.886950131990483032e-03,0.000000000000000000e+00,0.000000000000000000e+00,0.000000000000000000e+00,5.513698512271275620e-05,0.000000000000000000e+00,3.825175059109682807e-01,2.838312388508501885e-02
2.176148798581377039e-02,0.000000000000000000e+00,1.634599119015192267e-02,0.000000000000000000e+00,0.000000000000000000e+00,0.000000000000000000e+00,2.208305023623996499e-02,0.000000000000000000e+00,0.000000000000000000e+00,1.021664650230102306e-02,0.000000000000000000e+00,0.000000000000000000e+00,4.776685103872229526e-02,0.000000000000000000e+00,0.000000000000000000e+00,0.000000000000000000e+00
0.000000000000000000e+00,2.199901911321027522e-04,8.336262282508015778e-03,4.615284309967544046e-02,0.000000000000000000e+00,0.000000000000000000e+00,0.000000000000000000e+00,2.694699960895263063e-02,0.000000000000000000e+00,9.836864481082991871e-03,0.000000000000000000e+00,0.000000000000000000e+00,2.828443492207788693e-02,0.000000000000000000e+00,0.000000000000000000e+00,0.000000000000000000e+00
4.276441559812385867e-04,1.483625426333467882e-02,0.000000000000000000e+00,4.372545563997451423e-03,1.368541379230534330e-02,3.882023484618583181e-02,2.346393995371050256e-02,0.000000000000000000e+00,3.627107650111591891e-02,4.184566678823646406e-03,0.000000000000000000e+00,3.738261523141930831e-02,3.677721945514087713e-03,0.000000000000000000e+00,0.000000000000000000e+00,8.225175240312673774e-02
0.000000000000000000e+00,0.000000000000000000e+00,7.897369347549599346e-04,0.000000000000000000e+00,4.028856264848772184e-03,2.664848736483325757e-03,1.784130424091385798e-03,2.083037124373483817e-02,1.252589361728298663e-02,3.426129943857017524e-02,0.000000000000000000e+00,2.977584336111820801e-02,0.000000000000000000e+00,0.000000000000000000e+00,0.000000000000000000e+00,0.000000000000000000e+00
3.754293596589189201e-03,0.000000000000000000e+00,0.000000000000000000e+00,0.000000000000000000e+00,0.000000000000000000e+00,6.055412139059435095e-02,0.000000000000000000e+00,0.000000000000000000e+00,6.462505241726040905e-02,0.000000000000000000e+00,0.000000000000000000e+00,0.000000000000000000e+00,5.674046662776794508e-02,0.000000000000000000e+00,6.179851522305958300e-02,1.326780567230095575e-01
3.260134179454339011e-03,0.000000000000000000e+00,6.477776441392572859e-03,0.000000000000000000e+00,9.637672209033132376e-02,0.000000000000000000e+00,1.014129490112240879e-05,3.950579770865115387e-02,4.978277143672980116e-04,3.242991035981150107e-03,1.217910739708180992e-03,0.000000000000000000e+00,0.000000000000000000e+00,2.876778578967302893e-03,0.000000000000000000e+00,7.645311585641191045e-03
2.633693924535285974e-02,0.000000000000000000e+00,2.064690370887581165e-03,3.703225805527476846e-03,4.267057648012927596e-04,0.000000000000000000e+00,3.054417643681233991e-03,0.000000000000000000e+00,0.000000000000000000e+00,1.221010014055761350e-03,0.000000000000000000e+00,0.000000000000000000e+00,0.000000000000000000e+00,0.000000000000000000e+00,2.520195696466112981e-02,0.000000000000000000e+00
5.241440913616113523e-04,0.000000000000000000e+00,0.000000000000000000e+00,0.000000000000000000e+00,2.613180299481946724e-03,2.126279049317934128e-02,0.000000000000000000e+00,0.000000000000000000e+00,6.129910008116849773e-03,2.317402613042500101e-02,7.317583073007809247e-02,5.075874371969403380e-03,5.415767603832369326e-02,0.000000000000000000e+00,0.000000000000000000e+00,0.000000000000000000e+00
0.000000000000000000e+00,4.582528506350295669e-03,0.000000000000000000e+00,0.000000000000000000e+00,5.251574702337028985e-03,3.148545916577556465e-03,0.000000000000000000e+00,3.129894636784099661e-03,1.109867541396216822e-01,1.030174432729194945e-03,1.291081036112780430e-03,1.279724059734787091e-03,1.616018678243442410e-03,0.000000000000000000e+00,0.000000000000000000e+00,0.000000000000000000e+00
4.786196324901272753e-02,0.000000000000000000e+00,0.000000000000000000e+00,2.820821180114804847e-03,0.000000000000000000e+00,0.000000000000000000e+00,0.000000000000000000e+00,0.000000000000000000e+00,3.610574447005309253e-04,1.140548273514246924e-02,1.908214481034413510e-04,0.000000000000000000e+00,0.000000000000000000e+00,0.000000000000000000e+00,0.000000000000000000e+00,3.725297760119192442e-04
0.000000000000000000e+00,1.003687436803401677e-03,8.109808010491735553e-03,4.112071862447833764e-02,0.000000000000000000e+00,0.000000000000000000e+00,3.465067678857492958e-04,2.734821586551631351e-02,0.000000000000000000e+00,8.251106269620450337e-03,0.000000000000000000e+00,0.000000000000000000e+00,1.673433629150398658e-02,0.000000000000000000e+00,0.000000000000000000e+00,0.000000000000000000e+00
1.404759764462456748e-02,0.000000000000000000e+00,1.566020884233889146e-02,0.000000000000000000e+00,0.000000000000000000e+00,0.000000000000000000e+00,1.891074186113459246e-02,0.000000000000000000e+00,0.000000000000000000e+00,6.213122399820068288e-03,0.000000000000000000e+00,0.000000000000000000e+00,3.869038239036031585e-02,0.000000000000000000e+00,0.000000000000000000e+00,0.000000000000000000e+00
0.000000000000000000e+00,0.000000000000000000e+00,2.394836172377769190e-03,0.000000000000000000e+00,1.338720791050946116e-02,0.000000000000000000e+00,0.000000000000000000e+00,0.000000000000000000e+00,8.268912200486120551e-03,3.320376403447249797e-02,2.913194336721038752e-02,1.443096411799969173e-03,2.788556862502411266e-03,0.000000000000000000e+00,0.000000000000000000e+00,3.878508048978440356e-03
0.000000000000000000e+00,2.129391826052819472e-02,0.000000000000000000e+00,1.103830912433690541e-03,1.429720387480701597e-03,3.057940587528307219e-02,2.602288784412519831e-02,0.000000000000000000e+00,3.088310383216008592e-02,1.529683165337672370e-03,0.000000000000000000e+00,2.547939142269090365e-02,3.958731751567683144e-03,0.000000000000000000e+00,0.000000000000000000e+00,7.756350458161777317e-02
1.279672805779335024e-02,0.000000000000000000e+00,0.000000000000000000e+00,2.503612591056754086e-02,0.000000000000000000e+00,0.000000000000000000e+00,8.450577127062869690e-04,1.920330377699483275e-03,0.000000000000000000e+00,3.372494457594491651e-02,0.000000000000000000e+00,1.932674219614457156e-04,0.000000000000000000e+00,0.000000000000000000e+00,1.153440171115516916e-02,0.000000000000000000e+00
8.505239005192292284e-03,0.000000000000000000e+00,2.113526067384287332e-02,0.000000000000000000e+00,5.652351296759650610e-03,0.000000000000000000e+00,3.397381530288613467e-03,1.638112244862968605e-03,0.000000000000000000e+00,2.504423714304415682e-02,0.000000000000000000e+00,2.727545122848672480e-04,2.002737428500802469e-02,0.000000000000000000e+00,2.056886497065745292e-03,0.000000000000000000e+00
2.154655424576468886e-02,0.000000000000000000e+00,2.190963807997552311e-03,9.391148543751582159e-03,0.000000000000000000e+00,0.000000000000000000e+00,0.000000000000000000e+00,0.000000000000000000e+00,5.302761054452169735e-05,2.211104209064341727e-02,6.057978363493818266e-04,0.000000000000000000e+00,1.053225290202933814e-03,0.000000000000000000e+00,2.121284933617475360e-02,0.000000000000000000e+00
1.201646842755201873e-02,0.000000000000000000e+00,0.000000000000000000e+00,1.969623484796835175e-02,0.000000000000000000e+00,0.000000000000000000e+00,0.000000000000000000e+00,0.000000000000000000e+00,3.796368487701988221e-03,1.647254466206468995e-02,5.874301679407865212e-03,6.817041099599673373e-03,2.455354305578517568e-02,0.000000000000000000e+00,0.000000000000000000e+00,0.000000000000000000e+00
0.000000000000000000e+00,9.506203681754210339e-05,0.000000000000000000e+00,3.717837456224942251e-03,0.000000000000000000e+00,5.586829080569104961e-02,0.000000000000000000e+00,1.638322190081054758e-02,1.361602752126481186e-02,0.000000000000000000e+00,1.631334316757422076e-01,0.000000000000000000e+00,0.000000000000000000e+00,8.194743637666838595e-03,0.000000000000000000e+00,3.799242000917730372e-02
1.044903373026508792e-03,0.000000000000000000e+00,7.284442609912959027e-03,4.132221539863909811e-03,0.000000000000000000e+00,6.419986666753434721e-04,0.000000000000000000e+00,2.100985215205920017e-03,3.000121790952682815e-03,5.111321473822175165e-02,0.000000000000000000e+00,1.023122364318023413e-02,1.977832362119526233e-02,0.000000000000000000e+00,0.000000000000000000e+00,0.000000000000000000e+00
1.537982093989788066e-02,0.000000000000000000e+00,1.358231968470205615e-02,0.000000000000000000e+00,0.000000000000000000e+00,0.000000000000000000e+00,2.051607493342964827e-02,0.000000000000000000e+00,0.000000000000000000e+00,1.911146779006971802e-02,0.000000000000000000e+00,0.000000000000000000e+00,0.000000000000000000e+00,0.000000000000000000e+00,0.000000000000000000e+00,0.000000000000000000e+00
1.016139052539489357e-02,0.000000000000000000e+00,3.886713355618290688e-06,0.000000000000000000e+00,0.000000000000000000e+00,4.668322376351605185e-02,0.000000000000000000e+00,0.000000000000000000e+00,9.525578073273668856e-04,2.618343952368519089e-03,1.377875336280701413e-01,0.000000000000000000e+00,0.000000000000000000e+00,1.361690455879062921e-02,0.000000000000000000e+00,3.966670330222399343e-02
0.000000000000000000e+00,2.031299685248033268e-02,4.398393995502439258e-02,4.500230951109248506e-02,0.000000000000000000e+00,0.000000000000000000e+00,0.000000000000000000e+00,5.148358784171983872e-03,0.000000000000000000e+00,0.000000000000000000e+00,0.000000000000000000e+00,0.000000000000000000e+00,3.330628483421309988e-02,0.000000000000000000e+00,2.838426769787952796e-03,0.000000000000000000e+00
0.000000000000000000e+00,3.193961421613843599e-03,8.476368044761254999e-05,0.000000000000000000e+00,3.792944115051405385e-03,1.783858345082814248e-03,0.000000000000000000e+00,0.000000000000000000e+00,9.646157304611605032e-02,4.668793712829001088e-04,0.000000000000000000e+00,0.000000000000000000e+00,1.799413879197208884e-03,0.000000000000000000e+00,2.818181682970914096e-03,0.000000000000000000e+00
0.000000000000000000e+00,0.000000000000000000e+00,0.000000000000000000e+00,0.000000000000000000e+00,2.792078574023140747e-02,1.147085632115734267e-03,0.000000000000000000e+00,0.000000000000000000e+00,7.057342767082938270e-03,8.605662192533077015e-02,2.240008131764679652e-02,0.000000000000000000e+00,0.000000000000000000e+00,0.000000000000000000e+00,0.000000000000000000e+00,0.000000000000000000e+00
5.126623612695811912e-03,0.000000000000000000e+00,0.000000000000000000e+00,0.000000000000000000e+00,2.885794238185512882e-04,4.857921831869892182e-02,0.000000000000000000e+00,0.000000000000000000e+00,3.694425913126827415e-02,0.000000000000000000e+00,0.000000000000000000e+00,0.000000000000000000e+00,2.099966654538922006e-02,0.000000000000000000e+00,4.862717019546600877e-02,1.023205010583815716e-01
0.000000000000000000e+00,2.012055053894926115e-02,0.000000000000000000e+00,0.000000000000000000e+00,1.045632959505786354e-03,8.728050832885499502e-03,3.313285723768932128e-02,0.000000000000000000e+00,0.000000000000000000e+00,0.000000000000000000e+00,1.858704732526227782e-02,0.000000000000000000e+00,0.000000000000000000e+00,5.032244283906279758e-01,0.000000000000000000e+00,0.000000000000000000e+00
0.000000000000000000e+00,0.000000000000000000e+00,1.978639446645646168e-03,0.000000000000000000e+00,0.000000000000000000e+00,1.855580599438135317e-02,0.000000000000000000e+00,0.000000000000000000e+00,0.000000000000000000e+00,2.452870084556193694e-02,7.245581320034337469e-02,6.299228931322577033e-05,3.396059528858876020e-02,0.000000000000000000e+00,0.000000000000000000e+00,0.000000000000000000e+00
6.323027963536724094e-04,0.000000000000000000e+00,0.000000000000000000e+00,0.000000000000000000e+00,0.000000000000000000e+00,0.000000000000000000e+00,2.729585785138847575e-04,1.927803390972269992e-02,1.628316247402278316e-02,9.779280247696163497e-03,0.000000000000000000e+00,2.475641182421121217e-02,0.000000000000000000e+00,0.000000000000000000e+00,0.000000000000000000e+00,0.000000000000000000e+00
0.000000000000000000e+00,0.000000000000000000e+00,0.000000000000000000e+00,1.818413001558834611e-04,2.571900973158812789e-02,0.000000000000000000e+00,0.000000000000000000e+00,0.000000000000000000e+00,5.332767122328390882e-03,1.539527728580211696e-02,2.566624896966110403e-02,2.264325875898829353e-04,1.471924851508796522e-03,0.000000000000000000e+00,0.000000000000000000e+00,0.000000000000000000e+00
1.497790210447072674e-02,0.000000000000000000e+00,3.911610505442602963e-03,0.000000000000000000e+00,0.000000000000000000e+00,0.000000000000000000e+00,0.000000000000000000e+00,2.229300838562674788e-04,0.000000000000000000e+00,0.000000000000000000e+00,0.000000000000000000e+00,9.973913438425527161e-05,3.405197737277423226e-02,0.000000000000000000e+00,0.000000000000000000e+00,0.000000000000000000e+00
0.000000000000000000e+00,0.000000000000000000e+00,0.000000000000000000e+00,0.000000000000000000e+00,1.920920861693443948e-02,3.250266733538726208e-04,0.000000000000000000e+00,3.143570434921783962e-03,1.216733805256149312e-03,3.319564231629558437e-02,0.000000000000000000e+00,2.740216155642636545e-03,0.000000000000000000e+00,0.000000000000000000e+00,0.000000000000000000e+00,0.000000000000000000e+00
0.000000000000000000e+00,0.000000000000000000e+00,1.580704792067958906e-04,0.000000000000000000e+00,8.428344678602833762e-02,0.000000000000000000e+00,6.252692170625223644e-02,0.000000000000000000e+00,0.000000000000000000e+00,0.000000000000000000e+00,0.000000000000000000e+00,0.000000000000000000e+00,0.000000000000000000e+00,0.000000000000000000e+00,0.000000000000000000e+00,0.000000000000000000e+00
