3.076678552183798043e-04,9.607424407924797932e-03,4.058498604591873754e-03,5.219400279617245064e-03,5.500508752493353526e-03,8.743284931270328686e-03,4.807260364882333381e-05,8.871105768599223118e-03,1.514787842673465806e-02,5.968705773031962591e-03,2.685682612371196286e-03,2.472558708148220319e-03,7.456416718603040353e-03,3.446419009534670841e-03,3.716451108165798323e-03,4.405061154911051914e-03,8.773705572957968962e-04,1.584852705568635944e-03,1.282736599723532239e-02,2.098697975375059255e-02,1.910604110467242767e-04,4.309956834320241570e-03,1.943358727628396619e-04,6.084048163902643080e-03,8.234455768978334034e-03,5.227073879874866158e-03,3.432869541487394271e-03,3.712738961538228528e-03,5.022525333654233488e-03,7.509297403388820458e-03,1.051095619030788242e-02,1.996475427284444965e-03
3.794086535122281889e-03,1.797567195302455720e-02,9.426477792405357423e-03,7.600033670738316413e-03,1.776329117608312080e-03,9.340770207821577631e-03,8.912185518605945933e-04,3.777085033100319698e-03,6.882778242874462715e-03,8.633493645667483785e-03,2.401470835632325655e-03,1.665883225408268387e-03,3.811501345388987067e-03,5.748083250306484926e-03,1.291361074883798365e-03,5.187126448602405460e-03,4.581425869955926822e-03,4.715979032227451961e-03,6.168762381986325760e-03,2.029346397553588588e-03,5.556902669912183734e-04,3.077823132577275911e-03,1.381097146934321448e-03,1.357187055968255181e-02,2.402567192749220648e-03,6.621659997987312807e-03,5.322412708686299638e-04,7.289469705179192627e-03,4.259072558690480195e-03,3.768369331771027897e-03,2.057978228756827954e-03,6.312996333654868897e-04
4.868084472914886024e-03,8.216124309446196095e-03,4.377903954804727299e-03,1.559285441817132023e-03,6.230345853937137995e-03,1.862718006994376618e-03,5.404982197447505410e-04,4.155365239424974044e-03,6.402735199900602692e-03,8.270434798183647768e-03,8.327344747501172484e-03,1.115290745901031423e-02,5.655707633984659310e-03,8.324329979570860294e-04,4.543200255735750995e-03,6.446548934923579388e-03,2.330237060590004128e-03,3.062895170069961093e-03,6.160207729784192288e-03,2.118787812274813831e-03,3.156300963490610983e-03,6.973688141814602184e-03,6.433533300713584202e-04,9.802042887401649085e-03,3.678599898095658016e-04,6.130031999109428198e-04,8.213257563691893359e-03,5.644909453067586957e-03,2.283418705001760696e-03,4.828083283557167704e-03,1.666100746479673433e-03,3.619515124926055843e-03
6.187507548098665489e-03,1.094754689269220125e-03,5.666371927692273602e-03,6.630586385196955007e-03,2.047361337552809635e-03,2.449163430774531358e-03,1.140656025445931695e-03,2.561259513235716705e-03,1.834030507279356707e-03,7.885882671594943161e-03,1.139017791407450622e-03,1.074349975676464758e-02,1.134052322886513944e-03,2.866241943290881444e-03,7.431791541532617451e-03,1.359357846863214810e-03,1.639903921692692935e-03,3.380366929215096461e-03,1.066037219618929527e-03,3.811435938686841968e-03,5.084729101776232912e-03,1.004545192013034383e-02,5.398531029436428371e-04,4.833835011820941663e-03,3.028347030774267493e-03,2.782958050674064210e-03,1.305378447792663026e-03,1.267912071379428138e-03,9.698443784554548882e-04,7.718915243817667249e-03,2.656838150794232911e-04,3.827917881076005682e-03
9.111373716340270823e-03,4.828697883818535569e-03,1.490876085339810225e-03,1.644185744582808348e-02,1.324600381843303934e-02,2.443321461529229799e-04,3.305908348615322137e-03,5.740776494343704378e-03,1.462609140341707137e-02,1.647203433223254354e-02,9.166908976557324243e-03,1.718488477511600360e-02,4.415453583970309348e-03,3.243069596063838378e-04,6.644220538248247349e-03,1.216061873978083012e-02,4.936877809068997668e-03,1.221844958806091522e-02,1.523553389589455548e-02,1.236462826502693346e-03,5.660158570580775539e-03,1.388845895815386117e-02,7.837519508107956140e-03,8.662371160831829064e-03,1.149165781525676028e-02,1.343719614381073957e-03,6.699930972829538922e-03,7.391683280374797618e-03,5.421698908812229434e-03,5.402513025500252364e-04,3.760740890988087393e-04,6.930003087708636045e-03
6.203774271971959284e-03,1.022961522868299361e-02,4.112963391025469678e-03,1.354948645953951702e-04,7.928021234437736958e-03,1.224176401879450288e-03,4.087052057201445709e-03,1.254077525877098087e-02,3.287809270415560647e-03,4.793362725189465566e-03,3.743604260999677802e-03,2.944892319713811150e-03,2.844360768157014330e-03,9.593943483894844942e-04,2.929228652200539535e-03,2.167192655154859260e-03,2.408531851950543312e-03,2.017909471529084897e-03,2.433706795115647692e-03,2.226874457360999982e-04,3.779596519649373529e-03,2.123603785273998554e-03,6.345011163930033837e-03,2.406913295610602077e-04,2.303407761680996424e-03,2.601127274270087497e-03,7.556511062693997693e-03,1.780182231895807710e-02,2.753647170665382560e-03,2.468447709571092771e-03,3.688683237806461915e-03,4.379321675648879114e-03
4.923673850695260701e-03,1.792645626070729810e-03,4.302371064444625998e-03,8.906331212402827935e-03,8.566640769640077729e-03,1.514949623687054936e-03,7.956868387113363687e-04,3.249679891190560693e-03,1.204095811411932081e-03,1.607810986346350918e-02,1.932958439935511443e-03,1.429514566086231842e-02,1.258488881163166619e-03,2.700138367303130116e-04,2.297292041939305585e-04,3.402363893313978607e-03,1.799376999195664460e-03,7.087950863092329357e-03,1.621242286742266385e-03,4.691381982086824734e-03,6.541150706800728104e-03,2.455395091049063228e-03,2.245727655318056643e-03,3.870853927298849306e-03,2.694055124231625308e-03,2.212961871087878313e-03,1.295247618138835061e-03,7.576984083575372467e-04,1.702958288330349039e-03,4.949576738761070349e-03,2.596135342432685789e-03,3.210954249784155404e-03
2.072635861594916695e-03,4.351450653454238399e-03,3.467870482849622765e-03,1.134015387871474372e-02,9.268876471196771383e-03,1.328598683907489947e-02,1.544741904067064350e-03,1.449900877423547290e-03,1.381220032083705154e-02,5.060081341950392608e-04,3.616157569387435256e-03,3.368183510704361727e-02,1.133405750731542993e-03,1.448428783799450559e-03,6.547750642826671852e-03,1.041951067120135133e-03,3.465341837657473696e-04,7.143144637606752695e-03,4.753421270796420739e-03,1.202292649758777282e-02,2.217725589096077726e-03,2.115957587518828287e-02,4.431292907481375397e-04,4.860038574508269635e-03,1.853555584219984459e-03,5.585577707944627823e-03,7.791803381975118559e-04,5.972487190167330732e-04,6.601304378900722759e-04,6.548120875612170599e-03,4.084394402814970487e-03,1.140759144630186170e-03
5.131895516747071381e-03,5.418277334552273894e-03,9.434080742497935601e-04,1.739286157324021476e-03,3.924907270303229501e-03,2.972919602558396490e-03,6.291599937106054363e-03,1.836307629770050909e-04,1.057008889601293578e-03,2.204279321709370909e-03,4.218520778540499339e-03,6.082041433616857534e-03,1.202458576932352585e-03,9.615328244478027475e-04,1.618167177769500725e-03,1.436383191824075478e-02,1.573536992096679493e-03,8.105099081817425388e-03,7.945145741575870835e-03,5.100226589035240093e-03,1.464460445841739289e-03,3.547984510049093793e-03,8.811910752943297176e-04,5.248411142959666376e-04,1.041989412498992712e-02,1.735233744724236360e-04,1.604063557481799629e-03,1.321855626871399486e-02,2.377324322154594771e-03,9.710428425680362602e-04,1.961294308220598928e-03,1.020932116213774110e-02
4.540760225801753619e-03,7.721310331765526835e-03,4.700903547241175318e-04,2.547970785234401903e-03,4.166926621275931358e-03,5.841738497857881622e-03,1.401214054639510209e-02,3.778893042501056242e-03,7.913633699518474174e-03,3.568087255785078291e-04,8.634755748361219382e-03,2.874630401127939439e-03,1.523024493118337042e-02,1.750861597807726322e-03,1.593737168682211880e-03,6.769292660168312915e-03,1.304573699729465186e-03,5.335802667998872095e-03,6.737763134119836676e-03,4.389059919439400326e-04,2.787029208849350903e-03,2.463910078529515067e-03,5.939461952743464897e-03,2.303678966742137707e-03,1.019551519743190637e-02,5.809164684199256620e-03,1.581297742204466677e-03,1.683962708098310501e-02,2.987137799865085142e-03,2.698949758417115534e-03,1.440382026867251947e-03,1.401090574957811197e-03
9.312183537844645476e-04,8.376584893578023494e-04,2.695809617233521638e-04,1.238064818988712790e-02,1.525452322430224938e-03,1.829387105181382728e-03,2.854063725689852393e-03,7.256311615259872227e-03,5.141297118470840311e-03,3.777904417604001190e-03,5.144873671682412275e-03,2.835980210556041017e-03,6.098621526141358162e-04,6.415734258130457307e-04,2.373996809571309475e-03,6.623047346384178247e-03,5.180769772256579864e-03,9.158034800146493126e-04,3.386188963722211454e-03,8.783975790598724798e-04,3.078218710071408543e-03,3.617774582726901705e-03,3.762072366611662888e-04,2.779976428453033443e-03,3.408660519845931047e-03,4.450836926687198880e-04,6.997749674321816424e-03,4.720373326583787721e-03,2.376261629710774148e-03,3.543002523487178909e-03,3.372676328838816219e-03,5.588580852685902031e-03
8.526176761883516239e-03,8.582511120584720293e-03,4.343521409607899175e-03,4.837064953638288423e-03,1.756644114080234756e-02,7.668309352844921573e-03,5.103761162597451190e-03,4.294582661741569440e-03,1.478568988376516465e-02,1.792408551277537357e-02,1.803888307339088226e-03,6.570999356522269283e-03,3.364489014259914451e-03,3.251828487927779787e-03,1.860318927543631873e-04,3.886727078093159954e-03,1.818019541380881676e-03,3.948502328067253486e-03,3.345235998961346158e-03,7.140717553345614539e-03,1.173022494960434745e-03,6.151823974575101883e-05,9.437521380610647964e-03,2.103106965270364059e-03,9.023950483672882328e-03,7.016340750618556277e-04,9.187233040256120864e-03,1.640360243668909784e-02,9.016290801382706444e-03,2.075127244950774469e-03,5.370899360420045530e-03,5.310136445527362421e-03
4.042873191417307999e-03,1.411640494126183143e-02,4.520644268986295788e-03,4.401320861961786901e-03,4.267586457044357517e-03,2.456765110024146555e-03,6.235417741450317852e-03,6.627450014075442208e-03,4.123420720682808606e-03,4.631041598231428608e-03,5.516979253399750815e-03,1.610657937498118780e-03,4.875312712722700004e-03,4.465408506467191674e-03,1.236592126216144207e-03,3.339354244189650378e-03,3.244825193149444148e-03,2.278829161654484514e-03,1.877042440823969982e-04,9.598225287158878433e-04,7.364477407462896238e-03,1.273551891618918824e-04,2.296133164630613510e-03,1.959657377258353095e-03,9.874291536918459664e-03,3.717301571020875661e-03,4.794778786329029208e-03,2.391283367728178760e-03,7.589829177049291220e-03,2.583677091187095570e-03,8.251764276869730241e-04,6.239939917540356096e-03
1.399271191743427234e-03,3.804263082306655851e-03,3.275509037776037739e-03,9.151798238089230023e-04,9.787918782166338261e-03,4.263620571361693284e-03,7.163259334553171353e-04,1.001381453741493352e-03,1.144349641487895676e-02,9.407686775935314438e-04,4.405290000000000074e-03,3.072095918783525337e-02,1.123798597467901179e-03,1.819785709613712388e-03,6.864692544334024399e-03,0.000000000000000000e+00,3.108109452341893827e-04,1.003367411886082333e-03,2.595127690239833196e-04,7.831406026561460454e-03,1.114170311484355240e-02,1.601969794189474910e-02,0.000000000000000000e+00,9.115282968443220307e-03,1.638094968297998518e-03,4.848273157240193254e-03,0.000000000000000000e+00,3.768637756569620675e-04,0.000000000000000000e+00,2.881605946076431363e-03,2.279551512063271446e-03,4.132678773221334922e-03
3.631059913052635951e-03,1.197772148856536545e-02,3.488497875294913064e-03,5.648196633677576850e-04,5.702731450351480880e-03,8.087015513966594460e-04,8.311014482666745362e-04,4.800844824084424256e-03,1.726407277545222163e-03,1.622107857036672986e-03,9.624254991391967273e-03,5.267424590653470295e-03,1.221482672530842251e-02,1.341971218251667569e-03,8.295327506072968163e-04,5.146846751468703296e-04,3.180092699435220494e-03,1.406676605720177942e-04,3.492384381607163690e-03,2.407023561869120129e-03,7.673350578124869814e-03,2.684259837096689312e-04,1.144168134505818557e-02,7.983962559437868256e-04,2.500576174158351817e-03,9.103640920870431641e-05,6.353509605078230815e-03,1.537861992792850102e-02,6.151858811515031888e-05,2.408433160957475401e-03,5.134673331338990288e-05,6.652768346684150014e-03
6.322503993317844795e-03,2.427368007911746839e-03,4.225655226103260283e-03,3.041605514639094537e-03,2.184213400253745899e-03,1.117272299724225010e-02,2.351749495321406053e-03,3.748740852835547380e-03,1.563075359905335970e-02,3.557447897358463618e-03,7.768999913257620092e-03,3.226573082599415443e-02,2.029008470569651935e-03,8.096246475060298042e-05,6.688493345157611042e-03,5.709250414369171703e-03,4.906885116719096780e-03,3.350525673658349621e-03,6.478701301006278834e-03,8.185616443133925113e-03,6.641641755576951911e-03,9.634840767897341618e-03,1.699349287950427129e-03,6.171561024811516444e-03,5.197520947983945427e-03,9.356207201019289821e-03,1.082944158099381857e-03,8.685731538478173863e-03,3.843962571188329520e-03,2.523540743281624948e-03,2.472827451681727101e-03,1.466588183579642379e-03
3.416565801027534981e-03,1.564328680456991000e-02,7.245717005787771781e-03,1.676078923334231585e-02,1.434648364631429390e-03,4.000445656797503580e-03,7.561824715368634098e-03,2.856270149618383818e-03,5.668887388605100414e-03,6.505189842768349716e-05,5.671640584637827227e-03,6.797303502104071193e-03,5.875859710581285422e-03,2.867061104546568193e-03,2.601714877844009052e-03,3.845266694063721822e-03,4.396540197943679673e-03,4.553744882817730572e-03,3.994007831995928688e-03,3.591906748874926225e-03,6.563206996739527968e-03,3.302071291117903828e-03,3.084471529715244846e-03,1.822975929900442355e-03,1.428294133767408353e-02,4.595178691741030018e-03,3.806472867173600486e-04,5.720991704506454834e-03,2.153176680602680252e-03,2.500286283846397777e-03,3.095710143139101048e-03,1.996743660657135377e-03
1.253809170601070423e-03,4.297973291269706342e-03,8.422412611575693514e-03,5.103275399064657186e-03,1.354503506708045618e-02,3.161271325790956932e-03,8.174503099247089344e-03,7.742356998467619933e-03,9.896905504780659224e-03,8.440214074838667951e-03,9.997632462743558102e-04,2.018925717638119042e-03,1.491136511543856430e-03,1.532015041096323679e-03,7.474307595141220506e-05,8.931839613584659221e-03,9.235240391921507863e-03,2.542136820777213951e-03,7.227980074484155124e-03,2.927113119383723677e-03,2.894532843804523223e-03,5.621785027830144242e-04,5.104245402608926542e-03,4.859735027538858790e-03,1.158904210737119259e-03,3.614017273577751349e-03,1.401491816690112607e-03,1.589323388380400187e-02,9.337055525183305185e-03,4.477659486505538699e-04,3.825729544133404502e-03,6.196422198745566920e-03
1.393157154844986562e-03,4.167760203829344308e-04,1.310716223386493295e-03,3.393425848074832192e-04,7.019466904308337661e-03,4.288096348729043827e-03,3.491137422329762150e-04,4.375903834111822144e-04,6.054019317449259915e-04,7.274747184645196513e-03,0.000000000000000000e+00,6.398289969288794773e-03,2.517621502401006265e-04,5.498630192168531966e-04,3.586127430038818509e-03,1.234567090793472780e-06,8.343541997420896364e-05,5.193124143049199573e-03,9.193971541794981276e-04,1.973455298283788989e-03,2.272192272902689297e-04,5.243412779162001658e-03,0.000000000000000000e+00,3.942217189638389657e-03,5.952588187584840649e-04,5.404898031867617914e-04,0.000000000000000000e+00,1.148830604723918961e-04,0.000000000000000000e+00,1.075886146494717255e-03,6.365229027982838295e-03,8.945662144879556760e-04
3.245885470630864578e-04,6.534318676853412625e-03,2.649797376616722794e-03,8.470103313142780463e-03,3.654511264513608110e-03,2.112143422116612851e-03,2.234452729354195581e-03,5.320054802782636649e-03,3.801521328646131990e-03,1.013414175402162914e-02,2.132145029310912425e-03,1.138240828716929887e-02,5.232989766700209787e-03,6.422159798789846968e-03,2.614806677242471206e-04,1.970117488800135746e-03,1.016302609858211851e-03,5.108951930893069690e-03,7.550924284646708638e-03,1.158196221284192584e-03,1.307787594472883085e-02,2.141722226618923697e-03,7.789573314084796956e-04,1.752709134802270946e-02,4.829045128616246685e-03,1.642035862301625959e-03,1.640663546452213444e-03,2.512334059801849418e-03,1.557745476374476244e-03,1.663865990163188036e-03,2.005115227574658793e-03,2.343088374420470438e-03
4.583054910083068402e-03,1.428252653953290818e-02,3.289635875491126599e-03,3.208937821898939780e-03,9.221467779156417022e-03,1.591511886854538038e-03,2.086685779329862378e-03,1.692686926935429992e-03,1.626152048182741283e-03,1.277592369742735481e-03,1.410182899547092472e-03,5.419691750412076146e-03,3.548013395770349687e-03,4.491169233141450307e-04,1.144873307472615322e-04,6.351547261616075080e-03,8.239618884904251206e-04,3.850335189091124571e-03,3.672523953334672075e-03,3.271762056245661882e-03,3.020286673692890167e-03,2.313357364132032079e-03,1.307234322516187541e-02,2.161161757894325408e-03,8.834705858973071479e-04,4.733459427801438996e-04,4.312418302454074093e-03,1.128103055539721872e-02,2.239613305805333854e-03,2.193189706897052081e-03,1.763838157587018082e-03,5.396978218718470610e-04
4.753399217775049895e-03,4.730761481773109790e-04,2.182952617525418110e-03,9.818391933920668762e-04,5.922867226665988992e-03,7.676180019908341798e-03,8.635199328340548847e-04,5.181273382295230106e-04,6.990733878115933109e-04,1.961435246086211392e-03,8.664274638602010269e-05,4.606880731347368779e-04,4.614171289657961490e-04,3.250792320193211099e-04,3.267428650509697496e-04,4.422434306215387943e-04,3.365842702359044696e-04,4.354891390791377180e-03,1.853699992041468606e-03,1.000071504911425983e-03,6.194343490183826413e-03,6.008337690081789334e-03,3.910643696077679434e-04,6.026605090118425725e-03,2.411653694928096118e-03,9.045013020019532224e-04,1.103858795616659673e-03,4.434993715393512905e-04,0.000000000000000000e+00,3.059637815786584586e-03,3.162885889628305747e-03,1.283451446195161888e-03
4.832604258977624828e-03,2.860811251217579721e-03,8.607908885775502478e-04,3.085385124035014415e-03,1.865988908778232203e-02,2.629295431843182984e-03,3.192226600643532138e-03,3.240866447647972742e-03,9.207388991207365696e-04,2.231829079205029098e-03,5.361400357226607342e-03,1.398528449362044547e-02,5.257317340640812499e-03,1.824931995269112039e-03,1.367423539844808689e-02,5.340884285613443222e-03,7.231273204473840505e-03,9.836597050703865461e-03,5.760111642383634184e-03,6.598177171554874682e-03,3.117716233843891276e-03,1.399831886230655346e-02,3.456008387369620752e-03,8.198929760274489831e-03,3.234957244695866544e-03,1.992438964717313868e-03,1.778156956170633693e-03,1.471476639908232339e-02,2.921861603280480248e-03,6.036877711893817722e-03,2.534167012650963974e-03,4.838382670319454903e-05
6.807596514908816066e-03,4.236572946854699762e-03,1.568367015113016072e-03,9.408656392602450166e-03,8.749132036108785843e-03,2.443535028333887471e-03,1.682423167236563738e-03,6.848032114925042780e-04,9.120336251985992557e-03,2.320773874019187860e-02,2.976633549416403228e-03,2.858797553000392427e-02,1.858886808161314694e-03,3.206378196655357976e-03,1.797905425540438640e-03,1.354707730064435688e-03,5.565319137610925905e-04,7.021087576567722893e-03,6.915579712510069865e-03,4.839173115597692441e-03,8.850515036452566431e-03,3.007502091572781394e-02,2.396830473641381129e-04,8.832238665550506268e-04,2.738067487750706856e-03,9.405906266620182865e-03,0.000000000000000000e+00,8.964581664313579952e-04,1.221088681562732849e-03,2.653127077326761230e-03,1.918424909659811189e-03,4.494947304929518272e-03
4.257996188183902492e-03,1.001537770005319098e-03,5.213081861886775109e-03,1.369248656452016003e-03,3.155587963577085805e-04,8.981982146164236430e-03,8.426951123291059453e-04,5.515873458808109473e-04,3.025987110081377988e-03,2.747997873662649804e-02,0.000000000000000000e+00,2.952939909677022856e-03,1.943368101919546809e-04,1.705214296231794338e-03,8.861270190006674541e-03,6.646000053366233956e-04,6.138246813996871460e-05,5.858073029750787870e-03,1.291065940946131002e-03,5.584171431933809653e-03,5.265789269982921322e-03,2.790406800900299689e-03,6.690579726264930457e-04,5.457464699246314041e-03,5.909553216418802265e-04,2.486869379215451634e-03,1.902997961208082118e-03,3.360997105549890559e-05,0.000000000000000000e+00,5.599049313798135086e-03,5.502131110736682360e-03,3.653509082276655204e-03
2.972392515206718350e-03,7.794153905028855522e-03,7.259297904329192752e-03,9.269468755059637535e-03,7.552854273646839034e-03,4.179464643650681287e-03,1.105511937012082502e-04,2.518942782189217619e-03,9.384272386009376299e-03,4.274837581349444360e-03,9.404812541948736563e-04,1.320274176669189448e-02,5.439838350004444489e-03,4.211784709483232247e-03,4.656146489130777444e-03,2.482521118115597718e-03,3.405665349704180972e-03,2.326933828119389681e-03,1.772037677124756617e-03,3.666468146687265617e-04,8.724895659926899458e-04,5.073202290873162108e-03,3.641938163784972076e-03,6.525266240822776703e-04,1.797107839515837621e-02,2.045223275041750319e-03,1.844134571789662370e-03,1.568675196948181999e-02,7.787924148288090462e-04,1.934127986360958951e-03,3.154532550111291411e-03,3.855084572249596608e-03
6.713691727674261922e-03,6.045011476366350320e-03,3.636107128956398912e-03,4.583818437547760964e-03,1.226854255363604707e-04,4.667807181855360144e-03,4.169788869234932957e-03,6.162719154929469090e-03,3.599190415946057920e-03,6.568690772449023441e-03,1.099109937974624644e-03,8.942323078481131601e-03,4.810037928053290980e-03,3.866782623598748192e-03,3.140001441919424569e-03,5.877129163216763055e-04,3.233103262017601384e-03,2.875891063238992379e-03,5.396136082225634449e-03,2.498715711413954099e-03,1.170922613243251080e-02,2.310608575106115961e-03,0.000000000000000000e+00,1.683045167227495420e-02,2.961068225049705294e-03,1.711670498510554222e-04,1.370456843112388213e-03,2.261095327775128946e-03,6.656881701269670932e-04,3.262138364830849055e-03,1.900849470703742938e-03,3.190369824991138095e-03
2.018150279139133054e-03,1.626474494754847483e-02,4.201006913420492206e-03,7.035185273138089626e-03,5.194549538663863208e-03,2.009805987557787641e-03,4.747497696452582933e-03,2.014402588325929847e-03,5.638368409100619205e-03,2.096295532552068606e-03,1.227141444959491297e-03,9.328500253598909220e-03,5.576551500000997974e-03,3.155461339373438236e-03,6.754056782700152556e-04,2.995015259374519002e-03,2.634408284118122667e-03,2.381753027345371535e-03,2.542484891303270576e-03,3.971551616490081454e-03,7.287905740352520513e-04,4.743747409609102260e-03,3.342534878443578598e-03,1.801240733280990575e-03,1.884825593598484644e-02,1.576676539075478863e-03,4.159355036086892911e-04,2.451720753501841765e-03,9.679546737771988927e-04,9.426156157041360589e-04,4.215054719474545242e-03,8.578376938710316479e-03
7.903550310574651572e-04,3.109955608953599970e-03,9.152277772816967000e-04,8.086242321147310563e-04,8.986022176621493232e-03,2.856131264507552614e-03,3.368846700762123669e-04,9.564992934612895348e-04,1.948212432080254769e-03,7.587236541010233815e-03,2.286538234601776659e-03,3.304497010868820157e-03,4.238942053113068514e-03,9.827017077729763989e-04,2.316283742446086091e-04,2.190184860042692847e-03,4.338377820498329901e-03,3.995850652624777580e-03,1.254763411173240306e-03,5.344282316009219339e-03,1.381016861056004160e-03,1.535331913534690191e-03,3.623703981275291745e-03,1.033228232104806479e-03,3.032156362975802345e-04,1.116475860513823845e-03,2.137046150469029682e-03,2.239947138050122494e-03,5.548484351349339608e-03,2.427845714322784607e-03,2.314275528855448336e-04,2.086251585838912875e-03
2.530982331689149434e-05,6.659711862341524159e-03,4.251164708422381505e-04,1.275946079873216052e-02,1.905526189817811911e-03,4.644426333358957736e-03,3.848684680292783697e-03,4.066972646733423187e-03,2.760751285460999113e-03,1.843537565932888353e-04,5.504536013656913251e-03,2.394168231517735876e-03,4.660133435223677741e-03,2.074494483854983501e-03,1.833757993832871996e-03,1.306224723852754399e-02,1.712771031417162360e-03,9.808155722059251624e-03,1.440018438923584138e-02,9.853991276856219686e-03,7.701290532567647493e-03,3.156583283590769923e-03,8.998375489728944326e-03,5.742808415898770572e-03,1.669044377962063119e-02,4.453502695593096819e-03,6.309804289584755935e-03,2.931740066627401466e-03,4.193665564478379904e-03,4.559623891612615831e-03,1.853673811371994024e-03,7.456278274569726541e-03
1.078920016858844408e-02,3.846278096744707581e-03,4.774567831736699873e-03,2.530243574619168816e-03,5.635792744428071849e-03,1.169525745733542010e-03,1.015567657616735578e-03,4.321881007261056413e-04,7.730451562348012937e-03,1.993568974135904656e-02,4.006421119323697218e-03,2.949786035730122408e-02,1.768325816172721266e-03,3.590578907626431129e-03,4.157195459350416893e-03,3.390374869936373515e-04,4.890689663121433129e-04,2.557798679319010782e-03,3.500679829886612152e-03,2.617229562699074398e-03,7.526580437371605675e-03,2.227797897483618436e-02,0.000000000000000000e+00,5.165676888032335289e-03,2.518772976516336394e-03,4.994157790659627116e-03,0.000000000000000000e+00,5.630322040818834311e-04,3.670166758056247428e-04,5.114790884278002520e-04,5.560639860651105104e-04,6.585678491043170726e-03
1.987509673050675673e-03,3.295875106404631827e-04,3.869311942432819562e-03,5.966176897323332944e-03,9.819093072546886125e-03,1.624561453133153456e-03,1.009225665664794866e-03,6.017195367304916656e-04,7.932183778340026314e-04,1.713711892963991953e-03,1.136792765309783178e-03,6.058493611480586516e-03,3.289885236155084408e-03,2.392167425176701303e-03,3.349542151631053691e-04,4.631155382509547121e-04,1.828905811710992285e-03,1.721595048388393796e-03,1.491894444200523705e-03,3.287554189199529131e-03,8.977515143629094876e-04,3.925447164793091810e-03,7.064617159700210336e-04,7.694209551950643641e-04,1.684732667311738402e-02,1.435347882286437931e-03,3.720486774308169402e-04,7.707006084079495722e-03,7.670584605541358849e-04,7.023879274542709980e-04,1.873923383180155569e-03,1.613920864771020008e-02
1.080951221884861313e-03,8.015991414153803354e-04,3.486735521992660822e-03,8.201714138049650410e-03,5.580708733772449248e-03,4.225016211498456610e-03,4.678346318833421363e-03,3.207237194692719347e-03,1.048860393062428509e-03,1.534238977235366681e-03,7.038018892016398298e-04,5.249025080964085307e-03,2.912686469747106932e-03,1.588235188266294388e-03,7.160608013474112181e-03,2.301383128671053140e-03,3.823469683863781055e-03,7.278961354596612948e-04,5.535686793342546770e-03,3.513855052778330074e-03,1.721942880001526253e-03,3.544988500029337165e-03,2.242043215212575179e-03,5.513199072498194825e-03,2.453714533772218334e-03,2.670011331334072938e-04,1.783948238824515546e-03,6.272210857646723890e-03,5.218188732343770168e-03,9.601582610596903766e-04,1.332633106305039158e-03,2.638177993889343886e-03
2.046316571411768009e-04,9.929016384792972369e-04,4.443320568127393823e-04,1.508141275196609810e-03,3.311689775853517322e-03,6.828376093731000976e-03,1.944865651668286222e-03,1.652706221991649986e-03,4.662498485776505122e-03,4.617687567318205961e-03,2.514759318666173402e-03,1.260667292074008246e-02,1.070139885777758116e-03,3.585055110015044136e-03,3.933321365143144926e-03,1.099395027509959778e-03,2.750521713158831164e-03,1.331121564049313546e-03,2.496315037133063804e-03,2.308033146705379401e-02,5.937211319303216210e-03,1.222657501005139022e-02,6.697128077191315840e-05,3.943299154913615726e-03,4.645436514560732748e-03,7.240598993651665288e-03,3.676548050527408073e-04,3.180770796081989690e-03,3.620081754530657392e-04,7.764347168269764878e-03,6.912123347700348600e-03,4.026652982266184545e-03
2.826846742990321657e-03,2.652700626329364698e-03,3.172978559972481488e-03,3.917197062344859176e-03,5.740049308176320073e-03,5.024084093878930513e-03,2.792441359158424896e-04,5.346721852349561183e-03,6.206831653842667402e-04,7.688587772947267154e-03,6.183973885948475767e-03,3.113571231168673487e-03,2.196150102267079365e-03,6.326118020226153583e-04,1.128512871051893726e-03,1.015952442086443062e-03,1.474251339950410911e-03,1.568246311761330863e-03,2.951384852736608361e-03,2.464045670088312306e-03,2.610738830336718688e-03,4.477560919965086102e-04,2.786907021966296763e-03,3.348745395775620803e-03,4.212593730682341283e-04,2.932564119250394633e-03,4.380828971735216404e-03,6.612077328407349117e-03,4.006595565144593397e-03,3.031591139946011523e-03,2.407962795897954783e-04,7.785400189527693499e-04
5.586320443273191244e-03,1.754740353939602529e-03,3.222133528820520648e-03,3.300132176496487456e-03,1.541509860078175802e-02,3.228718061875974175e-03,2.044072762166853578e-03,1.692676465803849431e-03,0.000000000000000000e+00,1.092411307026606992e-03,8.861837779854764112e-04,8.387106876604436684e-03,2.031148093170015087e-03,1.638312872695400595e-03,1.245060224946337168e-02,2.230733945255174416e-03,1.018101339913840119e-03,6.444634408991647273e-03,1.803580073230021596e-03,1.387279003122599778e-03,1.394975121946823637e-03,5.111232923931731745e-03,2.071204256678583436e-03,1.730535726274869297e-03,3.521761460524406467e-04,4.466446926638772442e-03,4.892396339603209080e-04,8.988212817627198783e-04,8.135246010499299187e-04,6.750076717300958901e-03,3.936593634004843800e-04,1.946104510242113467e-03
6.163763700265671025e-03,4.836683461792878229e-05,2.719539209927162443e-03,9.327608616070468250e-06,1.949482694024992418e-03,2.120718346070898236e-03,1.749065838219689140e-04,0.000000000000000000e+00,0.000000000000000000e+00,7.441723948743306921e-03,0.000000000000000000e+00,5.582838299582218097e-03,3.824113503348274272e-05,1.640708739966960806e-03,3.438449390324491151e-03,0.000000000000000000e+00,1.057641765469860986e-05,1.285374175173116182e-03,0.000000000000000000e+00,3.209873325094948407e-05,8.449869763565386743e-03,6.763008118826439349e-06,0.000000000000000000e+00,3.148142009148332740e-03,5.286218853472709930e-05,3.395466594609685470e-03,0.000000000000000000e+00,1.074776707803019677e-05,0.000000000000000000e+00,7.909151609157786394e-03,5.157901026317801563e-03,5.003878267489546614e-05
7.024608400728930835e-03,4.361602003633262975e-04,1.884597522351350550e-03,2.940705536859816206e-04,3.780110538764025734e-03,4.207904282413338533e-03,1.863917310098593867e-04,4.995325423387632141e-04,2.094590651451393171e-03,2.501520746680590754e-02,3.632042349568976073e-05,7.769593219191073263e-03,1.957110028461556540e-06,2.795071769845889828e-03,6.483305343292941787e-03,0.000000000000000000e+00,1.223886909016610449e-04,3.930788146180846238e-03,1.172151840191182869e-03,3.815826127473752501e-03,3.031786940836083809e-03,1.246775743052824445e-03,0.000000000000000000e+00,3.737610704262844807e-03,1.548956798424296527e-05,3.466320136728600829e-04,8.775916472182986971e-05,7.735114424430191262e-05,1.128575900082224108e-05,1.314723830684032257e-03,3.086973524568589755e-03,2.042078391740497368e-03
5.388876335688679887e-04,6.645355622018870798e-03,2.416798213911778431e-03,3.710616403355695980e-03,3.809163268817124769e-03,3.517178362989516194e-03,2.724030858088684424e-03,7.468583468740623565e-03,6.523555513737173787e-03,4.872995476169076148e-04,1.028877940329256217e-02,1.346632721339872767e-03,1.558051179640933606e-03,4.214863255712669905e-03,5.449816518642209597e-03,3.014038934769871451e-03,4.275620965294005260e-03,1.218375809268232995e-02,1.073270885062994548e-04,1.800818982806331146e-03,3.489562662298891383e-04,4.899210524983996576e-04,4.722662372525278721e-03,4.035644162831987167e-03,2.826537818992308059e-03,2.898276064031049537e-03,5.857761178794660892e-03,1.054896755649068971e-02,8.067104544477073091e-03,3.694655459850464813e-04,9.698589525463084150e-04,3.583682499330900773e-03
1.644734295622833631e-04,4.654954800743774448e-03,8.240501367069862255e-04,1.521276687966039223e-02,5.847812215560978764e-03,2.406448287469627363e-03,4.970891349731940308e-03,3.922055924745872571e-03,2.386220650261261164e-03,1.236073411330382808e-03,6.115612276293923809e-03,1.810317619717399448e-04,3.517149665211485518e-03,5.576481539338766676e-03,1.499800997010101566e-03,1.317294041590211413e-02,1.640622726112539887e-03,6.240756780896576650e-03,1.274854656387603216e-02,7.594520118889306823e-03,5.499250106818327419e-03,5.392259220875869619e-03,8.862719405641126397e-03,3.006415550847201315e-03,1.912064627175626835e-02,3.339972439558548493e-03,5.760046186896167382e-03,4.015557231805460571e-03,4.035550043991995538e-03,9.856790962280044532e-04,1.074605935461456739e-03,1.430046287550773912e-03
1.014275127882006619e-02,6.397205844975949011e-03,1.035242932431506158e-03,1.704170137194373560e-03,1.033777777608550080e-02,7.387173673456122816e-03,4.246809999120179646e-04,0.000000000000000000e+00,8.667468797868163252e-03,7.993884045245831099e-03,4.405290000000000074e-03,2.983146627333395362e-02,2.709815522991409695e-03,3.125468755901684298e-03,3.511014183417781199e-03,9.373283135522721132e-03,8.559117793531579622e-04,9.305080027721054914e-03,9.379069476180536269e-03,1.129489405056685603e-02,3.329431188773013250e-02,6.035017568808757199e-03,9.329285986600439895e-03,3.176743495792093246e-03,2.383480972430941647e-03,1.274954968058820623e-03,4.917924893652302065e-04,0.000000000000000000e+00,0.000000000000000000e+00,5.300577055297373344e-03,7.680691992900461409e-03,5.353169965409116868e-03
5.442060225020263139e-03,8.128471497735878515e-04,4.713793587129179452e-03,7.201401579049986415e-03,6.728267316037169106e-03,6.088410034785307276e-03,8.948501920941005078e-03,3.279494592336233000e-03,3.042589356693353730e-03,5.064577857235299195e-05,5.684564064855292601e-03,1.104163083801391020e-02,1.319645888583661705e-02,4.719545783423376856e-04,5.919963205568605849e-04,5.212149899627493282e-03,5.653346024767344491e-03,3.309263822819016269e-03,4.447993856073548767e-03,6.596905577726380754e-04,1.119428806041621906e-02,1.475539503537079758e-04,4.649472963685907963e-03,6.941095226435425522e-03,2.981444344631459936e-02,5.452938067534172754e-03,0.000000000000000000e+00,3.713626892266130158e-03,9.916378754449481619e-04,2.134150577447269277e-03,6.386832958346935069e-03,8.343008540413743984e-03
1.477767815343004540e-04,3.285211961310044709e-04,2.669084855032201678e-03,1.745756011764203327e-04,2.170215035313355616e-03,3.074240265203627073e-03,1.884168134708153191e-04,1.621569364281835008e-04,0.000000000000000000e+00,2.865553773156326138e-03,0.000000000000000000e+00,2.210342590841635722e-03,3.268315085384043955e-04,8.439968086956977159e-04,6.980764865235217220e-04,0.000000000000000000e+00,1.464701683410268808e-04,1.446331318142028265e-03,0.000000000000000000e+00,1.511408653312986718e-03,2.254646841062478684e-03,4.594426269555347206e-03,0.000000000000000000e+00,2.335002929947187049e-03,2.990988730622795642e-04,2.266284768728532573e-04,0.000000000000000000e+00,1.726655126822005271e-04,0.000000000000000000e+00,1.338062172301967070e-03,6.941622829096900232e-03,4.075492758479080978e-04
8.408897127734384080e-03,9.185417531056040696e-03,1.748952305084012105e-03,3.913896039737511934e-03,1.071141723751189989e-02,1.820942506386686796e-03,5.670386708560825814e-03,6.776009382103752657e-03,4.313039006280590046e-03,2.450651421039476158e-03,4.861114880836529296e-03,1.196318647968971915e-03,9.185384080313805516e-03,3.653521295077115372e-03,2.653043242771487703e-03,1.613801777131912765e-02,1.479401959946016320e-03,7.161121270224076948e-03,4.351689181825921238e-03,1.034185628423140053e-02,4.046336250659898770e-02,5.568062514711719785e-04,1.031266626786243867e-03,1.716291249220043905e-03,6.557960874385808381e-03,5.317013877699158786e-05,1.148988034818380910e-02,1.422494946852542394e-03,4.433696057445680148e-03,3.728612557158214168e-03,2.060717549441160208e-03,3.379926615221042624e-03
2.447242129393501636e-03,7.392509631277917109e-04,2.591106390523525982e-03,5.800994791395491096e-03,6.519816147282096568e-03,4.688173536968712890e-03,1.967064662850671625e-03,7.524619139545793943e-04,4.192908123182474494e-04,9.106657119675246048e-03,1.336737743151062557e-03,5.602471381933377646e-03,9.566356665062229932e-04,3.712290916329743888e-03,1.625551299946874015e-03,1.433064184126711660e-03,1.906816623907901884e-03,5.642405430326194460e-04,2.793801875413508447e-03,1.356891637431174944e-03,2.474510158614892565e-03,5.619677835642277602e-03,4.701244477696899654e-04,1.640916737782285167e-02,2.282232860721835309e-03,7.091866653503179144e-04,1.948917152853049868e-04,8.745801469378824532e-04,1.187628706505421041e-03,2.094620476155998473e-03,1.042651289848092050e-03,1.912160607147047687e-03
5.232308815372241698e-03,3.951278091563026167e-03,4.879897352591442382e-04,1.998414761812176716e-03,4.111798559842148176e-03,2.587120977509283631e-03,2.258456320408264856e-04,6.178563538830571938e-03,3.529999116849466111e-03,3.784724366489291766e-04,7.016442930739701144e-04,2.917187506001895237e-03,3.163075888331901096e-03,3.996542804959103343e-03,3.755759805049602509e-03,1.887837326588849346e-04,3.006534987895466329e-03,3.936476329528260099e-04,4.478631078225227789e-03,4.122385840695425713e-03,1.074435046474223922e-02,8.016173943845358993e-04,0.000000000000000000e+00,2.270154211767684907e-03,6.027924205617013476e-05,1.960147794585810968e-03,1.520693152220873971e-03,1.832319332258310930e-03,2.603495498356209865e-04,1.428898705535203021e-03,1.613390584592182958e-04,5.414152282597081353e-03
5.463842648210273656e-03,1.284331947316142211e-02,5.402958554725329279e-03,1.135651244265105907e-02,1.354424325743112771e-02,5.402631805363289699e-04,5.285628884272877692e-03,1.495237103874803505e-02,3.235267430815901187e-03,3.578091375469944890e-03,4.347544350920169720e-03,1.745697186137978776e-03,2.637348704546731148e-03,7.011953041206088477e-04,1.593322096923601621e-03,7.000293858427687754e-04,4.623512783061521636e-03,4.149892685482450827e-03,3.095859802402702726e-04,3.726333314590821351e-03,1.385008730012098586e-03,6.267578215084050608e-05,8.531115826674352809e-03,6.602057029761184553e-03,6.023810588126090465e-03,8.352791520935039932e-04,2.594775015883992592e-03,7.824452931592158419e-03,9.796538145871122941e-03,1.306092466953507995e-03,1.596246362047820059e-03,2.077156819915704916e-03
3.580645516145434474e-03,1.912314972395748585e-03,7.536975749550915704e-04,6.940205158918347737e-03,4.271752878287318929e-03,1.509353545919292147e-04,9.541353759496435175e-03,1.541333532209726229e-02,6.018878390254858018e-03,3.639325697643927549e-03,1.013371350478044913e-04,2.186890622139527323e-03,5.261730143253836797e-03,1.354955078096444811e-03,3.782709494078457385e-04,6.243269625159157156e-03,3.762843642459733073e-03,8.635268645237545448e-04,5.978271117698589869e-03,1.337934016260368571e-02,2.444488493802939814e-03,2.165497510625024637e-03,1.249656277624232228e-03,4.398344130113384688e-03,2.128719210651401541e-03,1.579611420057044566e-03,2.997627957314321669e-03,3.792781025973718245e-03,1.525140330448709978e-03,2.261823123678595622e-03,4.327148032263455207e-03,4.144695379973903360e-03
2.720535703308419803e-03,4.458994005103636242e-03,1.217346068732774039e-03,7.471326394570557139e-03,7.307544691494166633e-03,9.311692670334281675e-04,5.445910615091606108e-03,1.417893135673417224e-02,0.000000000000000000e+00,2.829296990759287787e-04,6.921986699631600681e-03,3.509977419351571759e-03,7.028703553996873410e-03,9.387279752274997613e-04,6.545786185623550437e-04,5.340701647462559910e-03,9.564716542355402792e-04,1.226355418766908456e-02,3.119881539024243339e-03,1.788152470243101286e-03,6.374840342801025087e-03,5.450992884233401767e-04,2.195750080369037599e-03,1.843170719272474792e-03,3.357797915820876639e-03,1.938550535002180400e-03,6.449060532862510575e-03,3.726341665796643280e-03,1.538780689548042285e-02,1.016897142485054251e-03,1.937700899734064479e-03,1.125814316540973276e-03
2.304202488045303376e-03,5.779548991165776861e-03,2.214933960061494372e-03,4.451327990893634221e-03,2.280762448454314029e-03,1.704531050213797111e-03,3.976436559148498195e-04,8.898564333122910633e-04,2.085262773861152729e-03,1.919706203279622492e-03,1.358867355813406447e-03,8.908975175420150161e-03,2.136082630847593866e-04,2.365308357547015860e-03,1.641182261336590967e-04,8.495038629247786584e-04,3.637090111727985312e-03,2.135081586196529730e-03,2.086713597372936296e-03,3.802465727905560144e-03,1.020429618296997583e-03,3.997801078001603052e-03,1.169089928787226925e-03,3.567389255341481269e-04,1.332127313569348402e-02,1.708089750670418279e-03,4.818196427025648633e-04,1.567824154137297324e-03,9.365358157324870422e-04,9.075624887320114537e-04,3.677488734558313072e-04,1.471523384589932051e-02
5.546303144304291430e-03,6.348581099019347468e-04,1.978328533116356300e-03,1.356459413322307116e-03,2.215406023113595298e-03,1.244835600781186644e-03,9.634238622872593177e-04,1.285779906292531876e-04,9.016358916246165018e-04,1.864610373179668643e-03,0.000000000000000000e+00,6.023526580638647807e-03,2.436824726196993196e-04,1.085086457743145768e-03,7.936631367069327606e-03,8.367252142357998589e-04,7.696859692753528655e-05,1.865182000136116763e-03,2.800676883206177671e-03,1.625201314650345438e-03,6.123565920836521702e-03,2.753545487725314166e-03,8.389440010593344739e-04,1.901337885722414155e-03,1.485151427907189592e-03,4.058179509836869203e-05,2.386203870071702121e-03,7.834665852463582758e-06,0.000000000000000000e+00,4.236383800367423194e-03,1.727019698328204067e-03,1.706025338146489661e-03
3.799460045041272091e-03,5.196711862097152038e-03,2.632149701877146974e-03,1.577391132723850523e-02,3.229231111794193636e-03,3.440509064099877765e-03,1.123140197296798592e-03,8.420540322904649863e-03,5.497635016361793713e-03,2.093386278038116000e-03,6.717162098259727224e-03,0.000000000000000000e+00,5.358660371852655771e-03,1.259768193687514463e-03,4.196886948543273807e-04,5.268136453058010031e-03,1.149336961261951048e-03,7.157755804818647510e-03,2.103036216345174382e-03,2.127908017817981435e-03,3.387157090205833053e-04,4.187922558864793157e-03,5.612081447926679789e-03,9.139624441508124170e-04,2.607768374969638130e-03,2.094044390773361353e-03,8.158818420095017773e-03,8.958561883406341436e-03,1.590033528420355113e-02,3.462163844121791435e-03,2.451751213138589520e-04,3.536211389572329299e-03
1.108325435035357413e-03,1.623954386615046120e-03,3.188426429072786263e-03,4.550847205568420151e-03,8.524897282255333719e-03,3.716248015187387059e-03,5.449790961239441706e-03,2.868892924563992697e-03,1.495301368312851016e-03,6.637421305326327708e-03,4.385851363545509307e-04,5.664146647521478605e-04,7.836513812107741977e-03,2.974690305659243028e-03,1.742224460356707298e-03,1.576541764586957863e-03,7.995639006285179540e-03,4.414561198533881181e-03,2.645490076438747166e-03,4.553518255218383208e-03,1.385323174792602854e-03,3.032904325776575777e-05,3.580753241163874782e-03,8.904873955983513487e-03,3.432049941895687264e-04,4.652298875465858685e-04,2.533591680915835836e-03,1.368672579240839265e-02,4.876797427920226587e-03,5.886537789447441726e-04,1.591761418970777690e-03,1.465241433736903104e-03
1.021345718177904191e-03,4.952680470785711733e-04,2.297655242220990671e-03,3.711930306194944295e-04,2.067198808365868726e-03,7.445340762792364807e-03,3.083643705672400783e-04,6.794211128025566147e-04,2.378446773706568203e-03,2.917936988490470521e-02,9.003338461768077279e-05,8.510371030223555511e-03,4.851409289115536953e-06,2.587518573640799381e-03,1.433547113316739965e-03,0.000000000000000000e+00,3.033849008426721264e-04,3.978768007228770248e-03,7.249949530293425815e-04,3.913469236517521863e-03,2.315721250424874599e-03,1.016871905831665673e-03,0.000000000000000000e+00,3.409496969576946649e-03,1.758869351044946132e-05,2.530607244069387786e-03,2.175430204459089640e-04,1.576903224858746636e-04,2.797585994403573511e-05,6.213728763744957861e-04,6.057075039048170385e-03,2.318818122827754746e-03
7.744147390517409912e-03,3.581127364763847520e-03,8.542603703376528204e-04,1.508078922282698282e-03,4.716860919166787625e-03,1.829057506563135441e-03,3.185389422115751917e-03,6.445615440313299735e-03,3.372098502647490059e-03,5.629766643146658566e-04,5.521506352949393263e-04,2.601925596425164623e-03,2.861163136584209989e-03,2.569798234504093101e-03,3.510838989231441620e-03,1.270228065205809972e-04,2.643666570217918701e-03,5.185916484765829525e-03,3.953535979192767010e-03,1.975056181434908104e-03,9.675177831760225014e-03,5.007396831685937896e-04,0.000000000000000000e+00,3.056844740735399635e-03,1.698951107409189809e-03,1.253559734988659788e-03,1.334133082447731301e-03,1.623981317584248865e-03,1.715684565965779919e-04,1.083450558854308658e-03,7.581650711748540855e-04,4.920366444459864548e-03
1.063799720328059174e-03,7.802657855740506186e-04,3.851216521429358212e-03,4.636094736169819007e-03,4.877990271250476524e-03,6.184100346268928995e-03,1.136182236076209917e-03,6.012484738700911435e-04,1.681700875253974768e-04,6.591349666923681030e-03,1.023518601626357410e-03,3.991963882032329401e-03,6.111127639397531718e-04,1.122797314495346463e-03,5.933848583610512595e-04,1.378113622145753789e-03,2.512053821882008508e-04,9.765354132681381902e-04,2.261420425518409234e-03,2.912795757012352250e-03,1.871263657785405534e-03,3.066644956244935979e-03,6.160890505854850225e-04,1.341663811643901104e-02,1.961375895196441725e-03,5.205086048751215999e-04,1.100023029371045142e-04,2.592139031169954128e-04,9.438464371026954311e-04,2.654768303885194844e-03,2.346075206584993453e-03,1.376806169412800145e-03
1.874982297535416524e-03,1.429309141275042147e-03,1.761448092271791213e-03,4.759456475199555503e-03,8.527621688280011963e-03,2.847056810711116447e-03,3.974085368815079636e-03,4.659669119064758884e-03,1.420649069552911781e-03,3.811326637560780509e-04,1.077724173944858733e-02,2.635781089399105541e-03,5.996051769077896491e-03,4.249275387939021459e-05,2.647863342476507089e-03,2.287725385019237414e-03,6.096153195427542193e-04,9.898797258873874572e-06,1.812198681972760272e-03,5.801235280890012710e-03,2.815036244385948580e-04,2.208089866299019384e-03,1.666813990527188328e-03,4.663367743752329549e-03,1.639091117762964600e-03,9.219628107194500349e-04,2.404760098450883440e-03,5.848061299424446059e-03,5.480475881994729265e-03,1.665007457806376608e-03,9.041613088913910950e-04,1.614248692929603005e-03
3.747284928691832669e-03,1.157156955319801894e-02,3.448416791748257389e-03,9.253073759734088688e-03,1.154738707236679582e-02,5.989074597911731024e-04,8.458465675052640603e-04,9.673878437140945308e-03,1.924496748285355269e-03,2.510697167666868772e-03,5.044568321279977591e-03,2.115741169373030767e-03,2.902347975695494450e-03,1.836785010770063294e-03,7.301622407026741755e-04,2.460912521536122444e-03,9.290768630421872287e-04,3.208858500795084417e-04,1.716896006241261721e-03,3.216478786129007856e-03,7.224725124721310737e-04,1.073685032994639360e-03,1.118338720475453921e-02,7.937643204628632917e-03,5.409387487838901963e-03,7.092245204228441943e-04,4.710940871046724598e-04,1.209169464909506247e-03,8.606633388021868794e-03,9.834986646219269057e-04,2.199512608416262505e-03,5.399885478507308531e-04
2.583166070291298411e-04,9.209731647859909030e-04,2.390760689522447406e-03,1.176386174960165898e-03,1.880371431335287405e-03,3.408863273245523254e-03,1.664971345086492917e-03,1.203032395955620001e-03,4.219117974620912280e-03,3.289015921836144045e-03,2.117645748520981773e-03,9.348147468001026181e-03,9.363386707691166754e-04,1.429159787343699944e-03,4.637784490862277738e-03,1.000596950270545927e-03,3.195888495463245112e-03,3.493886711284237539e-03,1.986805473900231031e-03,2.160026570925661568e-02,6.032594437709542720e-03,7.938280428645616213e-03,1.480087841353483241e-04,2.499782955045826149e-03,4.502875995155863897e-03,5.647164760384707112e-03,4.955811021200027047e-04,2.644689178337218671e-03,2.954627367483399865e-04,3.976434294429469565e-03,4.651507559931354792e-03,3.676119421443653675e-03
1.408807679048272241e-03,1.037195944284107592e-03,4.667339479651035419e-04,1.165170408308421543e-02,4.242050479851700723e-03,1.662268615653884375e-03,1.766485346291818068e-03,4.121348759001840700e-04,1.305827087661692810e-04,6.265619530103548780e-03,1.888426237914644272e-03,4.528371562646305200e-03,2.154390443521413557e-03,7.228238434001891394e-05,8.110328995277497552e-03,1.067263276517967313e-03,4.557586647470959415e-03,4.805279698682511993e-03,2.343875924811454018e-03,4.459255535121958540e-03,2.986427264136398349e-03,4.543395791082153329e-03,5.025677004897914852e-04,2.809807111039154537e-04,1.542759144540261154e-03,5.166180484162453436e-04,1.080810486638829251e-03,1.712887945287384136e-03,1.339849010756737893e-03,8.817172591667424980e-03,4.608602502264242187e-03,8.795829660125849617e-03
4.987988253666411284e-03,6.311756863572374164e-04,2.814867791458047948e-03,3.708594278138162628e-03,1.578929900695922976e-03,6.114824904001460101e-03,1.512093302725648746e-03,5.665093230784824579e-04,1.390593639187535880e-03,1.296279265499603386e-02,6.200696910871260044e-04,1.617497689062595036e-03,2.150875332671246950e-04,1.447087219750234181e-03,5.281469342670232908e-05,1.159356475710454810e-03,4.367780974128714685e-04,7.834565992640929455e-03,1.397590092682430077e-04,3.163873297980952619e-03,6.151406795475726844e-03,3.767824409724777023e-03,7.200890656588939407e-04,6.438797995984247777e-04,3.033016475479242708e-03,1.838031348677430631e-03,2.313966825318629177e-03,2.273914328856767590e-04,5.035088409681579089e-04,1.878225822261007406e-03,1.523754957908286106e-03,2.354952560546231394e-03
7.181135667401004202e-04,6.334479153595121278e-04,6.844803528886361788e-04,7.132742497947815868e-03,1.179587368814075804e-03,6.015300179942322661e-04,2.598473580362523246e-03,2.043343613135701047e-03,3.074189316650718842e-03,3.156281613981887831e-03,5.858969125076621265e-05,9.598684687829185658e-03,6.311540970952213845e-04,6.770306762208899536e-03,2.809033411960476859e-03,3.313909831750434451e-03,3.209143216873098278e-03,7.932922999792476476e-03,1.010082649785072270e-02,3.864707854313360717e-03,3.311869301301466686e-03,7.632360382385537656e-03,1.055957476274225300e-03,4.247561303598705595e-04,1.024610500326121696e-03,8.290720533575664242e-03,1.081963059150876927e-03,7.235194017771203259e-03,2.197878441808995536e-03,2.579970992798164865e-03,4.036200948511650503e-04,3.613583662478186530e-03
2.137173274607170360e-03,6.311508487624226116e-03,2.739961434187854900e-03,8.843339582014072761e-03,7.753627594551523380e-03,3.890693106799124855e-03,2.215430195494381971e-03,6.465923974071627334e-03,1.550047947461921996e-02,2.150890185562086884e-03,9.375554881452499018e-03,1.720324688690868728e-03,2.228860749110514114e-03,2.852947045642942325e-04,2.300456916772317117e-03,7.707982195652011460e-03,1.118439675038180453e-03,5.106942611195614684e-03,1.847566860220208572e-03,3.757866056998281426e-03,3.019374314287743416e-03,3.920376455677151983e-04,4.455431550838009902e-03,9.674068086879081263e-03,2.113243012321917857e-02,1.260379672493390675e-03,1.183491569763096135e-03,1.266408578622341130e-03,1.245674046958912540e-02,9.738080526143437065e-04,1.988172849447036872e-03,6.014875403984472867e-03
2.174624344609181470e-03,5.761418372815796385e-04,2.150491779122696082e-03,7.270697306553006514e-03,5.036252764297048136e-03,1.556841110147526297e-03,9.273432177231378734e-05,4.880535525695841974e-03,9.566020540421936533e-04,5.994576173027231156e-03,4.512100039208530311e-03,3.254531953685653629e-03,2.195934700969681685e-03,1.819021482346579004e-03,3.757328635727817060e-03,3.059530232232860088e-03,5.039693827957557153e-03,4.449120325415565139e-03,3.844994493574988622e-03,4.097255071965561282e-03,1.662771160207320020e-03,8.306442438191057043e-03,1.577355957685362990e-03,2.243618103797455181e-03,2.604460947901820686e-03,5.831590830737795605e-03,1.584640877824341001e-03,6.512739291387797599e-03,2.079668982632466943e-03,1.508022153125511758e-03,2.178117555320759242e-03,3.421085313850370964e-03
4.875269253972935347e-03,4.572717741714915412e-04,5.684622338761557286e-03,2.563531892616385506e-04,2.442095180244932291e-03,5.178470751727656807e-05,6.352390279701209102e-04,1.942917354861867381e-04,2.296378123510336265e-05,5.309381105666140070e-03,7.216437203314456340e-06,3.891291842658462386e-03,7.945628471847824637e-04,6.962568682764322218e-04,6.334486879014191579e-03,6.080131902194990717e-06,5.974242556441942270e-04,1.485629894650759755e-03,0.000000000000000000e+00,8.945464697076954512e-04,1.260171183903906894e-03,5.293636224649226306e-03,7.840280804825219688e-06,2.237180048394194973e-03,8.601013014429984894e-05,9.482538818378659969e-04,0.000000000000000000e+00,7.313378931367152825e-04,1.246932217698236900e-04,4.791432548301926414e-03,2.149687492357527097e-04,9.050694794600016397e-04
2.476720526580160949e-03,9.540740553754705963e-03,2.158171043225431442e-03,5.572777715028790629e-03,6.420997078518110752e-03,3.202826669087455776e-03,1.720536995810236294e-03,2.105797442960655533e-03,1.378408822663325199e-02,8.580820970257807545e-03,9.657661447607917421e-03,1.640291261784353194e-03,6.807241802518904962e-03,1.262631251677123756e-03,3.630134239916392447e-04,6.087704819779955062e-03,1.545446257065456394e-03,3.298611352524578877e-03,3.998495910118361231e-03,6.987215557340991680e-04,2.416625209680135929e-04,2.346865082352539780e-03,7.398932561989927242e-03,2.476732889895830354e-03,6.300069536816120357e-03,2.938165150627024269e-03,2.897102575125338336e-03,5.011253239098257053e-03,2.033595211228844679e-02,2.647719215165608188e-03,8.239721806461253011e-04,1.903568034891824469e-03
4.115353714156926718e-03,7.279305073913653647e-03,3.059135434526073262e-03,7.610518943313871604e-03,1.552070966339432964e-03,2.928485789263453841e-03,5.422496533813165286e-03,4.791770143373618417e-03,2.540751400390978132e-03,3.719834898366235990e-03,2.478729673942602942e-03,1.622013077959317227e-03,4.996990295182755608e-03,2.975697545622334010e-03,2.617163874197933268e-03,1.502214033846460683e-02,1.554033404143255340e-03,2.467206372212244966e-03,9.909314156639925653e-03,7.200342655714353675e-03,3.550052575860914231e-03,1.153103382743290994e-04,9.415424979468791158e-03,4.964425962499853864e-03,1.684064296660722423e-02,6.185287956075942624e-03,3.779737854181883239e-03,1.295530641542590134e-03,2.072137069426944599e-03,1.930165638790041441e-03,6.957414084085350101e-04,1.035691849007439047e-02
6.725632872957792259e-04,1.450136698344651944e-03,2.519420952685013856e-03,6.265105938996413590e-03,7.632153096416099958e-03,2.410562027654965765e-03,4.104735064770447667e-03,1.934460203157906122e-03,0.000000000000000000e+00,6.042406925389716410e-03,4.816025845696345238e-03,6.028870264628037124e-04,4.490509661129220981e-03,2.183434824374431722e-03,2.093499128116063299e-03,5.300792664241850459e-04,3.912026815606286373e-03,2.426074602349488282e-03,3.905003798834273676e-03,2.301951304010466971e-03,2.699337282369789880e-03,8.397852468904512904e-05,3.159264417146730522e-03,7.698523984329382411e-03,4.534929746195644706e-04,1.443227843153046565e-03,4.792309578157901567e-03,9.429774524041305284e-03,3.888890481836820325e-03,5.526166473169456198e-04,1.369493144705728792e-03,2.031797267245080349e-03
9.750194739029686627e-04,6.747500173373427185e-04,7.246641640046677831e-04,5.436084684620145178e-03,3.279139340256748050e-03,1.786143894902392660e-03,4.762445530325105578e-03,3.535732876273189624e-03,1.640703705971305315e-04,2.544875087208184946e-03,6.930926957372784795e-03,2.291123641533054055e-03,8.652054904080275222e-04,2.574007350131145115e-03,3.022538752260156038e-03,6.180329229338044049e-06,5.966943976426261620e-03,5.773806139717415839e-03,1.951286536836073417e-03,2.843343726800673377e-03,1.110949130959577131e-03,3.275149839652815795e-03,2.271536398001229844e-03,2.091596687945947858e-03,1.404669980671933082e-03,1.678013520619431147e-03,3.774509700206924671e-03,5.083857518218519965e-03,7.455129172924364507e-03,1.835895136538807102e-03,3.819883493584825401e-03,2.355501350769543048e-03
1.022819327737628167e-03,4.425428296346270787e-03,2.272119188562527967e-03,2.268604458957979714e-03,6.198705893449193635e-03,8.541848184255430680e-04,4.997093201074605077e-03,7.083229273909355181e-03,6.365847741983587580e-05,3.673323091838525106e-04,3.114843788495219590e-05,2.549522617360978557e-03,1.210914402825940400e-02,5.504995280306530098e-03,6.188697013996733408e-04,3.966266739704211487e-03,1.595391843267480840e-03,8.445770397925487713e-03,4.895234202170462706e-03,1.759533086181765257e-03,3.250537225503421015e-03,2.603772024189583787e-03,3.838065206389556366e-03,3.071819146075713963e-03,3.201859717937958691e-03,1.670973754863571900e-03,4.536516149744693194e-03,3.053597614569057879e-03,9.486361427654951828e-03,2.060234188003553027e-03,1.444864605145776285e-03,1.209048295815463164e-03
5.398061534414738162e-04,2.236358159080381602e-03,1.237343035051607573e-03,8.769723866739351182e-04,9.717247317988239944e-03,4.186544309547244117e-03,7.392788457214028754e-03,2.365768481104949146e-03,2.916031374589167502e-02,2.467580441901267348e-03,2.939101420837514096e-03,5.785019265033148608e-04,7.778738307785019145e-03,3.769042735706128189e-03,1.768957496115177190e-03,6.252054137202055217e-03,1.137355196921856909e-03,5.139890798538715444e-03,5.558227654994542764e-03,1.767681609508900496e-03,2.685070950772436814e-04,4.454748989323393843e-04,6.662475833346349560e-03,6.511146030766305076e-03,5.720278075501778088e-03,1.871836897193871266e-03,1.692075105092412770e-03,2.295847380614708319e-03,5.293240088972882285e-03,5.338162847418327596e-04,8.193580175611414086e-04,2.621617402530750617e-03
1.977910469054799600e-03,5.291025356482508858e-03,2.657530559536657854e-03,5.137012980050160646e-03,8.655539607244251699e-05,2.189935002193116841e-03,3.695977877746620208e-03,3.071869514141296886e-03,5.669916743291497467e-03,1.451234112063575247e-03,4.925673824559233596e-03,1.171200267765643948e-04,4.074175498635105620e-03,1.715641699540237756e-03,1.409672620023873224e-04,3.297533016987191229e-03,2.248430820729344776e-03,1.099816635268806991e-02,1.011858569394856813e-04,2.689217347176739003e-03,3.283302990351878291e-04,4.904288744187932335e-03,4.160380115287182559e-03,1.995402989429226337e-03,2.501787080872147195e-03,3.075696091625136457e-03,6.385062050455395447e-03,7.428933894170232193e-03,1.537346524322090457e-02,3.913249372701417192e-03,3.909970049134976929e-04,2.418405552061242414e-03
2.120289858588079567e-03,1.291175558253271610e-03,3.315979586533574029e-03,6.045922857716204066e-03,2.748594965247396806e-03,1.512066343024327970e-03,7.103517513431264682e-03,7.880497066572397097e-03,5.780859106506709873e-03,1.575201081022518370e-03,1.301273831731290104e-03,5.072398184103255525e-04,3.421829408558795665e-03,5.843193373370535008e-04,6.708830080193162702e-05,5.369604787492500940e-03,6.753685509980449087e-04,3.809201251834883149e-03,5.501091374013651267e-03,7.039350533904307691e-03,1.585889897263971504e-03,2.166479796930047956e-08,3.514160003320106890e-04,2.582142292611479695e-03,7.018596767931253302e-04,6.015846343812598224e-04,2.875111736001934384e-03,5.491942261115538571e-03,1.012497484599292992e-03,1.791569025042794570e-04,9.821178892097047995e-04,3.024772553959117084e-03
1.213273191849762378e-03,1.012109166922935946e-03,1.853917904188092085e-03,3.263531246953302063e-03,1.755362480548171896e-03,1.025633894464530625e-03,3.730718121230053828e-03,2.746514075888590364e-03,1.777868424949625558e-03,7.117520765522340189e-04,1.724205975002381271e-03,1.023214885361381152e-03,6.787751104390072829e-04,1.165488671278780072e-03,1.614685743240986369e-03,1.503702905242532183e-03,3.566063159912528924e-03,1.006276348809096582e-03,6.287470311844499740e-03,3.565244099406965263e-03,7.234260853560521912e-04,8.106128987188478737e-04,1.112048476259432745e-03,6.766229988553446907e-03,3.748995656905284809e-04,1.127770350837576166e-04,1.673414910794050444e-03,6.061167223593507541e-03,2.880519197304399603e-03,5.972605300330325034e-04,8.890398005033017716e-04,2.933991685224685963e-03
2.980874234503550369e-03,1.826157155416412506e-04,2.549751763538369090e-03,9.826184686354237294e-03,1.439991852310443417e-03,2.212957163863272115e-03,1.160071153122652727e-03,2.571912132012772550e-04,8.690595087234992953e-05,3.956062038306028261e-03,1.412212346944897870e-03,2.662185235624773671e-03,2.082428553294467038e-04,4.519960123001296598e-03,1.401248135673788513e-03,1.509722867765873498e-03,1.336606066549691433e-04,5.149509964914357647e-03,2.421076199603107350e-03,1.901277640229571877e-03,1.202606765313805979e-03,6.900337733774813791e-03,4.396659131168900963e-04,4.790149565864565764e-04,3.221249823296472802e-04,2.400462514073396607e-04,5.872186232461339833e-04,4.030590247212065724e-04,1.177245718790015730e-03,1.778804430825889869e-03,2.099192160648478619e-03,1.290567339986674507e-03
1.706315072893832161e-03,1.726023305981945434e-03,2.340364360541243288e-03,2.463562223224030276e-03,2.474086635519278602e-03,1.350739907808323412e-03,2.512809718694220852e-03,1.869289721332424237e-03,4.984421150314540709e-04,1.427024248803093406e-03,4.169244658473676528e-03,3.039994856605002932e-03,4.784274564190231678e-03,3.753678793963293424e-04,3.808778489526802417e-04,4.398232622925967610e-04,5.300986610038395386e-03,4.842324826647279555e-03,1.075253266647151814e-03,6.064612290927962751e-03,3.020303927954330679e-04,3.136414226960786231e-03,1.034353036532721518e-03,3.016435848654799249e-03,1.589820498017274590e-03,1.025773940343838826e-03,1.673269095426694773e-03,3.140664270696250180e-03,2.524094612411686197e-03,1.630982681712189091e-03,6.187856820598877303e-03,8.519280536539126231e-03
1.896973233785026859e-03,8.825591981245672207e-03,1.281964087624458057e-02,2.281028535131064076e-03,3.662802171295215584e-03,2.843615328728778865e-03,3.721895595911792372e-03,1.316987579117269750e-04,4.398098042541633869e-03,2.251930738962684524e-03,8.836212420001270660e-05,2.465325582651071469e-03,3.851801179520419546e-03,1.099353288133879348e-03,3.839526891849263934e-03,8.687422865799220766e-05,8.064397256909537973e-03,4.013800336209410015e-04,2.526046561152017430e-04,4.821621754271061301e-03,8.519680800371552199e-04,6.968174023751108441e-04,1.889110925946841930e-04,2.441473522386397588e-03,5.172782886069002495e-05,9.831346283899311100e-04,2.060734486746720179e-04,1.261255315844630499e-02,9.225355563731644343e-05,1.978234892868450771e-03,7.711497653189189685e-04,4.329632892022027349e-03
