5.882352941176470507e-02,5.147058823529411520e-02,0.000000000000000000e+00,0.000000000000000000e+00,0.000000000000000000e+00,0.000000000000000000e+00,0.000000000000000000e+00,0.000000000000000000e+00,7.352941176470588133e-03,2.205882352941176613e-02,7.352941176470588133e-03,1.470588235294117627e-02,0.000000000000000000e+00,0.000000000000000000e+00,0.000000000000000000e+00,0.000000000000000000e+00,5.147058823529411520e-02,7.352941176470588133e-03,2.941176470588235253e-02,2.941176470588235253e-02,2.205882352941176613e-02,1.470588235294117627e-02,7.352941176470588133e-03,0.000000000000000000e+00,0.000000000000000000e+00,0.000000000000000000e+00,7.352941176470588133e-03,0.000000000000000000e+00,0.000000000000000000e+00,8.823529411764706454e-02,8.088235294117647467e-02,7.352941176470588133e-03,7.352941176470588133e-03,1.470588235294117627e-02,7.352941176470588133e-03,0.000000000000000000e+00,0.000000000000000000e+00,0.000000000000000000e+00,2.941176470588235253e-02,1.470588235294117627e-02,2.205882352941176613e-02,7.352941176470588133e-03,1.470588235294117627e-02,0.000000000000000000e+00,0.000000000000000000e+00,0.000000000000000000e+00,0.000000000000000000e+00,5.882352941176470507e-02,7.352941176470588133e-03,2.941176470588235253e-02,2.941176470588235253e-02,2.205882352941176613e-02,1.470588235294117627e-02,7.352941176470588133e-03,0.000000000000000000e+00,7.352941176470588133e-03,4.411764705882353227e-02,4.411764705882353227e-02,1.470588235294117627e-02,0.000000000000000000e+00,0.000000000000000000e+00,2.205882352941176613e-02,1.470588235294117627e-02,7.352941176470588133e-03,7.352941176470588133e-03,2.205882352941176613e-02,7.352941176470588133e-03,7.352941176470588133e-03,7.352941176470588133e-03
0.000000000000000000e+00,0.000000000000000000e+00,0.000000000000000000e+00,0.000000000000000000e+00,0.000000000000000000e+00,0.000000000000000000e+00,0.000000000000000000e+00,0.000000000000000000e+00,3.448275862068965469e-02,1.034482758620689641e-01,6.896551724137930939e-02,0.000000000000000000e+00,6.896551724137930939e-02,3.448275862068965469e-02,0.000000000000000000e+00,0.000000000000000000e+00,3.448275862068965469e-02,3.448275862068965469e-02,0.000000000000000000e+00,0.000000000000000000e+00,0.000000000000000000e+00,0.000000000000000000e+00,0.000000000000000000e+00,0.000000000000000000e+00,0.000000000000000000e+00,0.000000000000000000e+00,0.000000000000000000e+00,0.000000000000000000e+00,0.000000000000000000e+00,3.448275862068965469e-02,3.448275862068965469e-02,3.448275862068965469e-02,3.448275862068965469e-02,0.000000000000000000e+00,0.000000000000000000e+00,0.000000000000000000e+00,0.000000000000000000e+00,0.000000000000000000e+00,0.000000000000000000e+00,3.448275862068965469e-02,1.034482758620689641e-01,6.896551724137930939e-02,0.000000000000000000e+00,6.896551724137930939e-02,3.448275862068965469e-02,0.000000000000000000e+00,0.000000000000000000e+00,1.034482758620689641e-01,6.896551724137930939e-02,0.000000000000000000e+00,0.000000000000000000e+00,0.000000000000000000e+00,0.000000000000000000e+00,0.000000000000000000e+00,0.000000000000000000e+00,0.000000000000000000e+00,0.000000000000000000e+00,0.000000000000000000e+00,0.000000000000000000e+00,0.000000000000000000e+00,0.000000000000000000e+00,0.000000000000000000e+00,0.000000000000000000e+00,0.000000000000000000e+00,0.000000000000000000e+00,0.000000000000000000e+00,0.000000000000000000e+00,0.000000000000000000e+00,0.000000000000000000e+00
1.181102362204724393e-02,1.181102362204724393e-02,1.574803149606299191e-02,1.181102362204724393e-02,1.574803149606299191e-02,7.874015748031495954e-03,0.000000000000000000e+00,0.000000000000000000e+00,3.937007874015747977e-03,1.968503937007873988e-02,3.937007874015747977e-03,3.937007874015747977e-03,4.330708661417322775e-02,1.181102362204724393e-02,7.874015748031495954e-03,1.574803149606299191e-02,1.574803149606299191e-02,0.000000000000000000e+00,1.181102362204724393e-02,1.181102362204724393e-02,2.755905511811023584e-02,3.937007874015747977e-03,1.181102362204724393e-02,0.000000000000000000e+00,0.000000000000000000e+00,0.000000000000000000e+00,3.937007874015747977e-03,0.000000000000000000e+00,0.000000000000000000e+00,1.181102362204724393e-02,1.181102362204724393e-02,3.149606299212598381e-02,1.574803149606299191e-02,4.330708661417322775e-02,1.968503937007873988e-02,7.874015748031495954e-03,7.874015748031495954e-03,2.755905511811023584e-02,3.937007874015747977e-03,7.874015748031495954e-03,4.330708661417322775e-02,3.937007874015747977e-03,7.874015748031495954e-03,7.086614173228346358e-02,2.755905511811023584e-02,7.874015748031495954e-03,1.968503937007873988e-02,2.362204724409448786e-02,0.000000000000000000e+00,1.574803149606299191e-02,1.181102362204724393e-02,3.543307086614173179e-02,7.874015748031495954e-03,1.181102362204724393e-02,0.000000000000000000e+00,3.937007874015747977e-03,3.937007874015747977e-02,3.149606299212598381e-02,3.149606299212598381e-02,2.362204724409448786e-02,7.874015748031495954e-03,1.181102362204724393e-02,0.000000000000000000e+00,0.000000000000000000e+00,4.330708661417322775e-02,3.149606299212598381e-02,7.874015748031495954e-03,1.181102362204724393e-02,7.874015748031495954e-03
9.602194787379973381e-03,8.230452674897120041e-03,2.743484224965706247e-03,0.000000000000000000e+00,5.486968449931412667e-02,8.230452674897120041e-03,4.389574759945129995e-02,3.566529492455418338e-02,2.743484224965706247e-03,2.743484224965706247e-03,0.000000000000000000e+00,2.743484224965706247e-03,5.486968449931412493e-03,0.000000000000000000e+00,1.371742112482853123e-03,4.115226337448560021e-03,1.371742112482853167e-02,1.371742112482853123e-03,8.230452674897120041e-03,4.115226337448560021e-03,1.234567901234567833e-02,4.115226337448560021e-03,4.115226337448560021e-03,0.000000000000000000e+00,3.155006858710562162e-02,3.017832647462277001e-02,5.486968449931412493e-03,5.486968449931412493e-03,0.000000000000000000e+00,1.508916323731138501e-02,1.371742112482853167e-02,4.115226337448560021e-03,1.371742112482853123e-03,6.858710562414266354e-02,1.234567901234567833e-02,5.212620027434842346e-02,4.252400548696844834e-02,1.097393689986282499e-02,6.858710562414265834e-03,2.743484224965706247e-03,4.115226337448560021e-03,0.000000000000000000e+00,4.115226337448560021e-03,6.858710562414265834e-03,1.371742112482853123e-03,1.371742112482853123e-03,4.115226337448560021e-03,1.646090534979424008e-02,2.743484224965706247e-03,9.602194787379973381e-03,5.486968449931412493e-03,1.508916323731138501e-02,4.115226337448560021e-03,5.486968449931412493e-03,0.000000000000000000e+00,1.371742112482853123e-03,1.344307270233196239e-01,1.097393689986282533e-01,8.230452674897120041e-03,2.743484224965706247e-03,1.371742112482853123e-03,3.429355281207133177e-02,2.194787379972564997e-02,2.743484224965706247e-03,1.371742112482853123e-03,2.331961591220850505e-02,0.000000000000000000e+00,2.331961591220850505e-02,2.057613168724279837e-02
1.081081081081081141e-02,1.081081081081081141e-02,0.000000000000000000e+00,0.000000000000000000e+00,1.621621621621621712e-02,1.081081081081081141e-02,5.405405405405405705e-03,5.405405405405405705e-03,0.000000000000000000e+00,1.621621621621621712e-02,1.621621621621621712e-02,0.000000000000000000e+00,5.405405405405405705e-03,0.000000000000000000e+00,0.000000000000000000e+00,5.405405405405405705e-03,3.783783783783783994e-02,1.621621621621621712e-02,0.000000000000000000e+00,0.000000000000000000e+00,7.567567567567567988e-02,4.864864864864865135e-02,2.702702702702702853e-02,2.162162162162162282e-02,0.000000000000000000e+00,0.000000000000000000e+00,5.405405405405405705e-03,1.081081081081081141e-02,1.081081081081081141e-02,1.081081081081081141e-02,1.081081081081081141e-02,0.000000000000000000e+00,0.000000000000000000e+00,1.621621621621621712e-02,1.081081081081081141e-02,5.405405405405405705e-03,5.405405405405405705e-03,0.000000000000000000e+00,5.405405405405405705e-03,0.000000000000000000e+00,2.162162162162162282e-02,2.162162162162162282e-02,0.000000000000000000e+00,5.405405405405405705e-03,0.000000000000000000e+00,0.000000000000000000e+00,5.405405405405405705e-03,4.864864864864865135e-02,2.702702702702702853e-02,0.000000000000000000e+00,0.000000000000000000e+00,8.648648648648649129e-02,5.405405405405405705e-02,2.702702702702702853e-02,2.162162162162162282e-02,2.162162162162162282e-02,1.081081081081081141e-02,1.081081081081081141e-02,0.000000000000000000e+00,0.000000000000000000e+00,0.000000000000000000e+00,5.945945945945946276e-02,3.783783783783783994e-02,2.702702702702702853e-02,1.081081081081081141e-02,3.783783783783783994e-02,3.243243243243243423e-02,5.405405405405405705e-03,5.405405405405405705e-03
2.356902356902356929e-02,2.020202020202020374e-02,0.000000000000000000e+00,0.000000000000000000e+00,3.367003367003366943e-02,1.683501683501683471e-02,1.010101010101010187e-02,1.010101010101010187e-02,0.000000000000000000e+00,2.356902356902356929e-02,6.734006734006733712e-03,1.346801346801346742e-02,2.356902356902356929e-02,3.367003367003366856e-03,6.734006734006733712e-03,1.010101010101010187e-02,2.356902356902356929e-02,3.367003367003366856e-03,2.020202020202020374e-02,1.010101010101010187e-02,1.683501683501683471e-02,1.010101010101010187e-02,3.367003367003366856e-03,0.000000000000000000e+00,6.734006734006733712e-03,6.734006734006733712e-03,3.367003367003366856e-03,6.734006734006733712e-03,0.000000000000000000e+00,3.030303030303030387e-02,2.693602693602693485e-02,0.000000000000000000e+00,0.000000000000000000e+00,5.050505050505050414e-02,2.356902356902356929e-02,2.020202020202020374e-02,2.020202020202020374e-02,1.346801346801346742e-02,0.000000000000000000e+00,0.000000000000000000e+00,2.693602693602693485e-02,6.734006734006733712e-03,1.346801346801346742e-02,3.030303030303030387e-02,3.367003367003366856e-03,1.010101010101010187e-02,1.010101010101010187e-02,3.030303030303030387e-02,3.367003367003366856e-03,2.356902356902356929e-02,1.010101010101010187e-02,2.020202020202020374e-02,1.010101010101010187e-02,6.734006734006733712e-03,0.000000000000000000e+00,3.367003367003366856e-03,8.754208754208754606e-02,6.734006734006733885e-02,1.010101010101010187e-02,6.734006734006733712e-03,0.000000000000000000e+00,3.030303030303030387e-02,1.346801346801346742e-02,3.367003367003366856e-03,1.010101010101010187e-02,2.356902356902356929e-02,3.367003367003366856e-03,2.020202020202020374e-02,1.683501683501683471e-02
2.843601895734597026e-02,2.369668246445497464e-02,0.000000000000000000e+00,0.000000000000000000e+00,4.739336492890995622e-03,0.000000000000000000e+00,4.739336492890995622e-03,4.739336492890995622e-03,0.000000000000000000e+00,1.895734597156398249e-02,1.895734597156398249e-02,0.000000000000000000e+00,1.421800947867298513e-02,0.000000000000000000e+00,4.739336492890995622e-03,4.739336492890995622e-03,8.056872037914691864e-02,8.056872037914691864e-02,0.000000000000000000e+00,0.000000000000000000e+00,4.739336492890994929e-02,2.369668246445497464e-02,1.421800947867298513e-02,1.421800947867298513e-02,0.000000000000000000e+00,0.000000000000000000e+00,4.739336492890995622e-03,9.478672985781991245e-03,9.478672985781991245e-03,2.843601895734597026e-02,2.369668246445497464e-02,0.000000000000000000e+00,0.000000000000000000e+00,4.739336492890995622e-03,0.000000000000000000e+00,4.739336492890995622e-03,4.739336492890995622e-03,0.000000000000000000e+00,0.000000000000000000e+00,0.000000000000000000e+00,2.369668246445497464e-02,2.369668246445497464e-02,0.000000000000000000e+00,1.895734597156398249e-02,0.000000000000000000e+00,4.739336492890995622e-03,9.478672985781991245e-03,8.530805687203792120e-02,8.530805687203792120e-02,0.000000000000000000e+00,0.000000000000000000e+00,4.739336492890994929e-02,2.369668246445497464e-02,1.421800947867298513e-02,1.421800947867298513e-02,0.000000000000000000e+00,4.739336492890995622e-03,4.739336492890995622e-03,0.000000000000000000e+00,1.895734597156398249e-02,0.000000000000000000e+00,2.843601895734597026e-02,1.895734597156398249e-02,1.895734597156398249e-02,9.478672985781991245e-03,3.317535545023696936e-02,3.317535545023696936e-02,0.000000000000000000e+00,0.000000000000000000e+00
2.419354838709677352e-02,2.419354838709677352e-02,0.000000000000000000e+00,0.000000000000000000e+00,4.032258064516128920e-03,0.000000000000000000e+00,4.032258064516128920e-03,4.032258064516128920e-03,0.000000000000000000e+00,8.064516129032257841e-03,8.064516129032257841e-03,0.000000000000000000e+00,8.064516129032257841e-03,4.032258064516128920e-03,0.000000000000000000e+00,4.032258064516128920e-03,3.629032258064516375e-02,1.209677419354838676e-02,1.612903225806451568e-02,1.612903225806451568e-02,2.822580645161290244e-02,1.612903225806451568e-02,8.064516129032257841e-03,8.064516129032257841e-03,0.000000000000000000e+00,0.000000000000000000e+00,5.241935483870967943e-02,1.612903225806451568e-02,4.032258064516128920e-03,2.419354838709677352e-02,2.419354838709677352e-02,0.000000000000000000e+00,0.000000000000000000e+00,8.064516129032257841e-03,4.032258064516128920e-03,4.032258064516128920e-03,4.032258064516128920e-03,0.000000000000000000e+00,0.000000000000000000e+00,0.000000000000000000e+00,1.209677419354838676e-02,1.209677419354838676e-02,0.000000000000000000e+00,8.064516129032257841e-03,4.032258064516128920e-03,0.000000000000000000e+00,4.032258064516128920e-03,4.032258064516128920e-02,1.612903225806451568e-02,1.612903225806451568e-02,1.612903225806451568e-02,3.629032258064516375e-02,2.016129032258064460e-02,1.209677419354838676e-02,8.064516129032257841e-03,4.032258064516128920e-03,4.838709677419354704e-02,3.629032258064516375e-02,5.241935483870967943e-02,4.032258064516128920e-03,0.000000000000000000e+00,8.870967741935484319e-02,6.854838709677418818e-02,2.419354838709677352e-02,4.032258064516128920e-03,5.241935483870967943e-02,2.016129032258064460e-02,1.209677419354838676e-02,4.032258064516128920e-03
1.074380165289256228e-01,1.074380165289256228e-01,0.000000000000000000e+00,0.000000000000000000e+00,0.000000000000000000e+00,0.000000000000000000e+00,0.000000000000000000e+00,0.000000000000000000e+00,0.000000000000000000e+00,4.132231404958677801e-02,4.132231404958677801e-02,0.000000000000000000e+00,2.479338842975206680e-02,0.000000000000000000e+00,8.264462809917355601e-03,0.000000000000000000e+00,4.132231404958677801e-02,4.132231404958677801e-02,0.000000000000000000e+00,0.000000000000000000e+00,2.479338842975206680e-02,0.000000000000000000e+00,8.264462809917355601e-03,8.264462809917355601e-03,0.000000000000000000e+00,0.000000000000000000e+00,8.264462809917355601e-03,0.000000000000000000e+00,0.000000000000000000e+00,1.239669421487603340e-01,1.239669421487603340e-01,0.000000000000000000e+00,0.000000000000000000e+00,0.000000000000000000e+00,0.000000000000000000e+00,0.000000000000000000e+00,0.000000000000000000e+00,0.000000000000000000e+00,0.000000000000000000e+00,0.000000000000000000e+00,4.132231404958677801e-02,4.132231404958677801e-02,0.000000000000000000e+00,2.479338842975206680e-02,0.000000000000000000e+00,8.264462809917355601e-03,0.000000000000000000e+00,4.132231404958677801e-02,4.132231404958677801e-02,0.000000000000000000e+00,0.000000000000000000e+00,2.479338842975206680e-02,0.000000000000000000e+00,8.264462809917355601e-03,8.264462809917355601e-03,8.264462809917355601e-03,0.000000000000000000e+00,0.000000000000000000e+00,0.000000000000000000e+00,8.264462809917355601e-03,0.000000000000000000e+00,8.264462809917355601e-03,8.264462809917355601e-03,0.000000000000000000e+00,0.000000000000000000e+00,8.264462809917355601e-03,8.264462809917355601e-03,0.000000000000000000e+00,0.000000000000000000e+00
0.000000000000000000e+00,0.000000000000000000e+00,0.000000000000000000e+00,0.000000000000000000e+00,2.290076335877862593e-02,0.000000000000000000e+00,2.290076335877862593e-02,1.526717557251908337e-02,0.000000000000000000e+00,2.544529262086514185e-03,0.000000000000000000e+00,2.544529262086514185e-03,1.781170483460559756e-02,7.633587786259541687e-03,0.000000000000000000e+00,1.017811704834605674e-02,3.816793893129771104e-02,0.000000000000000000e+00,3.053435114503816675e-02,2.798982188295165430e-02,1.781170483460559756e-02,2.544529262086514185e-03,7.633587786259541687e-03,0.000000000000000000e+00,2.544529262086514185e-03,2.544529262086514185e-03,1.017811704834605674e-02,5.089058524173028369e-03,0.000000000000000000e+00,5.089058524173028369e-03,5.089058524173028369e-03,0.000000000000000000e+00,0.000000000000000000e+00,4.834605597964376777e-02,0.000000000000000000e+00,4.071246819338422696e-02,2.544529262086513838e-02,0.000000000000000000e+00,0.000000000000000000e+00,0.000000000000000000e+00,5.089058524173028369e-03,0.000000000000000000e+00,5.089058524173028369e-03,1.781170483460559756e-02,7.633587786259541687e-03,0.000000000000000000e+00,1.017811704834605674e-02,3.816793893129771104e-02,0.000000000000000000e+00,3.053435114503816675e-02,2.798982188295165430e-02,2.035623409669211348e-02,2.544529262086514185e-03,7.633587786259541687e-03,0.000000000000000000e+00,0.000000000000000000e+00,1.297709923664122078e-01,1.043256997455470764e-01,2.290076335877862593e-02,7.633587786259541687e-03,7.633587786259541687e-03,1.781170483460559756e-02,1.017811704834605674e-02,2.544529262086514185e-03,2.544529262086514185e-03,5.597964376590330859e-02,2.544529262086514185e-03,4.834605597964376777e-02,4.325699745547073594e-02
0.000000000000000000e+00,0.000000000000000000e+00,2.631578947368420907e-02,2.631578947368420907e-02,5.263157894736841813e-02,2.631578947368420907e-02,0.000000000000000000e+00,0.000000000000000000e+00,0.000000000000000000e+00,5.263157894736841813e-02,5.263157894736841813e-02,0.000000000000000000e+00,0.000000000000000000e+00,0.000000000000000000e+00,0.000000000000000000e+00,0.000000000000000000e+00,1.052631578947368363e-01,5.263157894736841813e-02,0.000000000000000000e+00,0.000000000000000000e+00,2.631578947368420907e-02,0.000000000000000000e+00,0.000000000000000000e+00,0.000000000000000000e+00,0.000000000000000000e+00,0.000000000000000000e+00,0.000000000000000000e+00,0.000000000000000000e+00,0.000000000000000000e+00,0.000000000000000000e+00,0.000000000000000000e+00,2.631578947368420907e-02,2.631578947368420907e-02,5.263157894736841813e-02,2.631578947368420907e-02,0.000000000000000000e+00,0.000000000000000000e+00,0.000000000000000000e+00,0.000000000000000000e+00,0.000000000000000000e+00,7.894736842105262720e-02,7.894736842105262720e-02,0.000000000000000000e+00,0.000000000000000000e+00,0.000000000000000000e+00,0.000000000000000000e+00,0.000000000000000000e+00,1.052631578947368363e-01,5.263157894736841813e-02,0.000000000000000000e+00,0.000000000000000000e+00,2.631578947368420907e-02,0.000000000000000000e+00,0.000000000000000000e+00,0.000000000000000000e+00,2.631578947368420907e-02,0.000000000000000000e+00,0.000000000000000000e+00,2.631578947368420907e-02,0.000000000000000000e+00,0.000000000000000000e+00,2.631578947368420907e-02,0.000000000000000000e+00,0.000000000000000000e+00,2.631578947368420907e-02,0.000000000000000000e+00,0.000000000000000000e+00,0.000000000000000000e+00,0.000000000000000000e+00
1.016949152542372947e-01,1.016949152542372947e-01,0.000000000000000000e+00,0.000000000000000000e+00,0.000000000000000000e+00,0.000000000000000000e+00,0.000000000000000000e+00,0.000000000000000000e+00,0.000000000000000000e+00,0.000000000000000000e+00,0.000000000000000000e+00,0.000000000000000000e+00,1.694915254237288130e-02,1.694915254237288130e-02,0.000000000000000000e+00,0.000000000000000000e+00,6.779661016949152519e-02,3.389830508474576259e-02,3.389830508474576259e-02,3.389830508474576259e-02,1.694915254237288130e-02,1.694915254237288130e-02,0.000000000000000000e+00,0.000000000000000000e+00,0.000000000000000000e+00,0.000000000000000000e+00,0.000000000000000000e+00,0.000000000000000000e+00,0.000000000000000000e+00,1.016949152542372947e-01,1.016949152542372947e-01,0.000000000000000000e+00,0.000000000000000000e+00,0.000000000000000000e+00,0.000000000000000000e+00,0.000000000000000000e+00,0.000000000000000000e+00,0.000000000000000000e+00,1.694915254237288130e-02,0.000000000000000000e+00,0.000000000000000000e+00,0.000000000000000000e+00,0.000000000000000000e+00,1.694915254237288130e-02,1.694915254237288130e-02,0.000000000000000000e+00,0.000000000000000000e+00,6.779661016949152519e-02,3.389830508474576259e-02,3.389830508474576259e-02,3.389830508474576259e-02,1.694915254237288130e-02,1.694915254237288130e-02,0.000000000000000000e+00,0.000000000000000000e+00,0.000000000000000000e+00,3.389830508474576259e-02,3.389830508474576259e-02,0.000000000000000000e+00,1.694915254237288130e-02,0.000000000000000000e+00,1.694915254237288130e-02,0.000000000000000000e+00,0.000000000000000000e+00,0.000000000000000000e+00,0.000000000000000000e+00,0.000000000000000000e+00,0.000000000000000000e+00,0.000000000000000000e+00
0.000000000000000000e+00,0.000000000000000000e+00,0.000000000000000000e+00,0.000000000000000000e+00,9.375000000000000000e-02,0.000000000000000000e+00,8.333333333333332871e-02,6.250000000000000000e-02,0.000000000000000000e+00,0.000000000000000000e+00,0.000000000000000000e+00,0.000000000000000000e+00,0.000000000000000000e+00,0.000000000000000000e+00,0.000000000000000000e+00,0.000000000000000000e+00,2.083333333333333218e-02,0.000000000000000000e+00,2.083333333333333218e-02,2.083333333333333218e-02,1.041666666666666609e-02,0.000000000000000000e+00,1.041666666666666609e-02,0.000000000000000000e+00,0.000000000000000000e+00,0.000000000000000000e+00,1.041666666666666609e-02,0.000000000000000000e+00,0.000000000000000000e+00,0.000000000000000000e+00,0.000000000000000000e+00,0.000000000000000000e+00,0.000000000000000000e+00,1.041666666666666713e-01,1.041666666666666609e-02,8.333333333333332871e-02,6.250000000000000000e-02,1.041666666666666609e-02,0.000000000000000000e+00,0.000000000000000000e+00,0.000000000000000000e+00,0.000000000000000000e+00,0.000000000000000000e+00,0.000000000000000000e+00,0.000000000000000000e+00,0.000000000000000000e+00,0.000000000000000000e+00,2.083333333333333218e-02,0.000000000000000000e+00,2.083333333333333218e-02,2.083333333333333218e-02,2.083333333333333218e-02,0.000000000000000000e+00,1.041666666666666609e-02,0.000000000000000000e+00,0.000000000000000000e+00,1.145833333333333287e-01,9.375000000000000000e-02,1.041666666666666609e-02,1.041666666666666609e-02,1.041666666666666609e-02,2.083333333333333218e-02,0.000000000000000000e+00,0.000000000000000000e+00,0.000000000000000000e+00,2.083333333333333218e-02,0.000000000000000000e+00,1.041666666666666609e-02,1.041666666666666609e-02
2.000000000000000042e-02,2.000000000000000042e-02,1.000000000000000021e-02,1.000000000000000021e-02,0.000000000000000000e+00,0.000000000000000000e+00,0.000000000000000000e+00,0.000000000000000000e+00,4.000000000000000083e-02,4.000000000000000083e-02,4.000000000000000083e-02,0.000000000000000000e+00,4.000000000000000083e-02,1.000000000000000021e-02,0.000000000000000000e+00,0.000000000000000000e+00,5.999999999999999778e-02,4.000000000000000083e-02,1.000000000000000021e-02,1.000000000000000021e-02,5.000000000000000278e-02,1.000000000000000021e-02,1.000000000000000021e-02,1.000000000000000021e-02,0.000000000000000000e+00,0.000000000000000000e+00,0.000000000000000000e+00,0.000000000000000000e+00,0.000000000000000000e+00,2.000000000000000042e-02,2.000000000000000042e-02,1.000000000000000021e-02,1.000000000000000021e-02,0.000000000000000000e+00,0.000000000000000000e+00,0.000000000000000000e+00,0.000000000000000000e+00,1.000000000000000021e-02,1.000000000000000021e-02,4.000000000000000083e-02,4.000000000000000083e-02,4.000000000000000083e-02,0.000000000000000000e+00,4.000000000000000083e-02,1.000000000000000021e-02,0.000000000000000000e+00,0.000000000000000000e+00,5.999999999999999778e-02,4.000000000000000083e-02,1.000000000000000021e-02,1.000000000000000021e-02,5.000000000000000278e-02,1.000000000000000021e-02,1.000000000000000021e-02,1.000000000000000021e-02,1.000000000000000021e-02,2.000000000000000042e-02,2.000000000000000042e-02,0.000000000000000000e+00,1.000000000000000021e-02,0.000000000000000000e+00,1.000000000000000021e-02,0.000000000000000000e+00,0.000000000000000000e+00,0.000000000000000000e+00,2.000000000000000042e-02,1.000000000000000021e-02,1.000000000000000021e-02,1.000000000000000021e-02
8.860759493670886111e-02,6.329113924050633333e-02,0.000000000000000000e+00,0.000000000000000000e+00,0.000000000000000000e+00,0.000000000000000000e+00,0.000000000000000000e+00,0.000000000000000000e+00,0.000000000000000000e+00,0.000000000000000000e+00,0.000000000000000000e+00,0.000000000000000000e+00,3.797468354430379861e-02,0.000000000000000000e+00,2.531645569620253125e-02,1.265822784810126563e-02,6.329113924050633333e-02,6.329113924050633333e-02,0.000000000000000000e+00,0.000000000000000000e+00,2.531645569620253125e-02,2.531645569620253125e-02,0.000000000000000000e+00,0.000000000000000000e+00,0.000000000000000000e+00,0.000000000000000000e+00,1.265822784810126563e-02,1.265822784810126563e-02,1.265822784810126563e-02,8.860759493670886111e-02,6.329113924050633333e-02,0.000000000000000000e+00,0.000000000000000000e+00,0.000000000000000000e+00,0.000000000000000000e+00,0.000000000000000000e+00,0.000000000000000000e+00,0.000000000000000000e+00,0.000000000000000000e+00,0.000000000000000000e+00,0.000000000000000000e+00,0.000000000000000000e+00,0.000000000000000000e+00,3.797468354430379861e-02,0.000000000000000000e+00,2.531645569620253125e-02,1.265822784810126563e-02,6.329113924050633333e-02,6.329113924050633333e-02,0.000000000000000000e+00,0.000000000000000000e+00,2.531645569620253125e-02,2.531645569620253125e-02,0.000000000000000000e+00,0.000000000000000000e+00,0.000000000000000000e+00,0.000000000000000000e+00,0.000000000000000000e+00,0.000000000000000000e+00,0.000000000000000000e+00,0.000000000000000000e+00,5.063291139240506250e-02,3.797468354430379861e-02,3.797468354430379861e-02,0.000000000000000000e+00,1.265822784810126563e-02,1.265822784810126563e-02,0.000000000000000000e+00,0.000000000000000000e+00
0.000000000000000000e+00,0.000000000000000000e+00,3.333333333333333287e-02,0.000000000000000000e+00,6.666666666666666574e-02,3.333333333333333287e-02,3.333333333333333287e-02,3.333333333333333287e-02,0.000000000000000000e+00,3.333333333333333287e-02,0.000000000000000000e+00,3.333333333333333287e-02,0.000000000000000000e+00,0.000000000000000000e+00,0.000000000000000000e+00,0.000000000000000000e+00,0.000000000000000000e+00,0.000000000000000000e+00,0.000000000000000000e+00,0.000000000000000000e+00,0.000000000000000000e+00,0.000000000000000000e+00,0.000000000000000000e+00,0.000000000000000000e+00,3.333333333333333287e-02,3.333333333333333287e-02,0.000000000000000000e+00,0.000000000000000000e+00,0.000000000000000000e+00,0.000000000000000000e+00,0.000000000000000000e+00,3.333333333333333287e-02,0.000000000000000000e+00,1.000000000000000056e-01,3.333333333333333287e-02,6.666666666666666574e-02,6.666666666666666574e-02,0.000000000000000000e+00,3.333333333333333287e-02,0.000000000000000000e+00,3.333333333333333287e-02,0.000000000000000000e+00,3.333333333333333287e-02,0.000000000000000000e+00,0.000000000000000000e+00,0.000000000000000000e+00,0.000000000000000000e+00,0.000000000000000000e+00,0.000000000000000000e+00,0.000000000000000000e+00,0.000000000000000000e+00,0.000000000000000000e+00,0.000000000000000000e+00,0.000000000000000000e+00,0.000000000000000000e+00,0.000000000000000000e+00,1.333333333333333315e-01,1.333333333333333315e-01,0.000000000000000000e+00,0.000000000000000000e+00,0.000000000000000000e+00,0.000000000000000000e+00,0.000000000000000000e+00,0.000000000000000000e+00,0.000000000000000000e+00,0.000000000000000000e+00,0.000000000000000000e+00,0.000000000000000000e+00,0.000000000000000000e+00
5.504587155963303058e-02,4.587155963302752548e-02,0.000000000000000000e+00,0.000000000000000000e+00,2.752293577981651529e-02,1.834862385321101019e-02,0.000000000000000000e+00,0.000000000000000000e+00,9.174311926605505096e-03,9.174311926605505096e-03,9.174311926605505096e-03,0.000000000000000000e+00,1.834862385321101019e-02,0.000000000000000000e+00,0.000000000000000000e+00,0.000000000000000000e+00,8.256880733944954587e-02,8.256880733944954587e-02,0.000000000000000000e+00,0.000000000000000000e+00,2.752293577981651529e-02,9.174311926605505096e-03,0.000000000000000000e+00,0.000000000000000000e+00,9.174311926605505096e-03,9.174311926605505096e-03,0.000000000000000000e+00,1.834862385321101019e-02,1.834862385321101019e-02,6.422018348623853568e-02,5.504587155963303058e-02,0.000000000000000000e+00,0.000000000000000000e+00,3.669724770642202039e-02,2.752293577981651529e-02,0.000000000000000000e+00,0.000000000000000000e+00,0.000000000000000000e+00,3.669724770642202039e-02,9.174311926605505096e-03,9.174311926605505096e-03,9.174311926605505096e-03,0.000000000000000000e+00,1.834862385321101019e-02,0.000000000000000000e+00,0.000000000000000000e+00,0.000000000000000000e+00,8.256880733944954587e-02,8.256880733944954587e-02,0.000000000000000000e+00,0.000000000000000000e+00,3.669724770642202039e-02,9.174311926605505096e-03,0.000000000000000000e+00,0.000000000000000000e+00,9.174311926605505096e-03,9.174311926605505096e-03,9.174311926605505096e-03,0.000000000000000000e+00,0.000000000000000000e+00,0.000000000000000000e+00,9.174311926605505096e-03,0.000000000000000000e+00,0.000000000000000000e+00,0.000000000000000000e+00,1.834862385321101019e-02,1.834862385321101019e-02,0.000000000000000000e+00,0.000000000000000000e+00
0.000000000000000000e+00,0.000000000000000000e+00,0.000000000000000000e+00,0.000000000000000000e+00,0.000000000000000000e+00,0.000000000000000000e+00,0.000000000000000000e+00,0.000000000000000000e+00,0.000000000000000000e+00,5.714285714285714107e-02,5.714285714285714107e-02,0.000000000000000000e+00,5.714285714285714107e-02,2.857142857142857054e-02,1.428571428571428527e-02,0.000000000000000000e+00,4.285714285714285754e-02,4.285714285714285754e-02,0.000000000000000000e+00,0.000000000000000000e+00,4.285714285714285754e-02,1.428571428571428527e-02,2.857142857142857054e-02,2.857142857142857054e-02,0.000000000000000000e+00,0.000000000000000000e+00,0.000000000000000000e+00,1.428571428571428527e-02,1.428571428571428527e-02,0.000000000000000000e+00,0.000000000000000000e+00,0.000000000000000000e+00,0.000000000000000000e+00,0.000000000000000000e+00,0.000000000000000000e+00,0.000000000000000000e+00,0.000000000000000000e+00,0.000000000000000000e+00,0.000000000000000000e+00,0.000000000000000000e+00,5.714285714285714107e-02,5.714285714285714107e-02,0.000000000000000000e+00,5.714285714285714107e-02,2.857142857142857054e-02,1.428571428571428527e-02,0.000000000000000000e+00,4.285714285714285754e-02,4.285714285714285754e-02,0.000000000000000000e+00,0.000000000000000000e+00,4.285714285714285754e-02,1.428571428571428527e-02,2.857142857142857054e-02,2.857142857142857054e-02,0.000000000000000000e+00,0.000000000000000000e+00,0.000000000000000000e+00,0.000000000000000000e+00,1.428571428571428527e-02,0.000000000000000000e+00,1.428571428571428527e-02,1.428571428571428527e-02,1.428571428571428527e-02,0.000000000000000000e+00,4.285714285714285754e-02,4.285714285714285754e-02,0.000000000000000000e+00,0.000000000000000000e+00
0.000000000000000000e+00,0.000000000000000000e+00,0.000000000000000000e+00,0.000000000000000000e+00,1.694915254237288130e-02,8.474576271186440649e-03,0.000000000000000000e+00,0.000000000000000000e+00,0.000000000000000000e+00,8.474576271186440302e-02,8.474576271186440302e-02,0.000000000000000000e+00,3.389830508474576259e-02,2.542372881355932368e-02,0.000000000000000000e+00,0.000000000000000000e+00,1.694915254237288130e-02,1.694915254237288130e-02,0.000000000000000000e+00,0.000000000000000000e+00,4.237288135593220151e-02,1.694915254237288130e-02,1.694915254237288130e-02,0.000000000000000000e+00,0.000000000000000000e+00,0.000000000000000000e+00,0.000000000000000000e+00,0.000000000000000000e+00,0.000000000000000000e+00,0.000000000000000000e+00,0.000000000000000000e+00,0.000000000000000000e+00,0.000000000000000000e+00,3.389830508474576259e-02,1.694915254237288130e-02,8.474576271186440649e-03,8.474576271186440649e-03,8.474576271186440649e-03,0.000000000000000000e+00,0.000000000000000000e+00,8.474576271186440302e-02,8.474576271186440302e-02,0.000000000000000000e+00,3.389830508474576259e-02,2.542372881355932368e-02,0.000000000000000000e+00,0.000000000000000000e+00,2.542372881355932368e-02,2.542372881355932368e-02,0.000000000000000000e+00,0.000000000000000000e+00,4.237288135593220151e-02,1.694915254237288130e-02,1.694915254237288130e-02,0.000000000000000000e+00,8.474576271186440649e-03,4.237288135593220151e-02,4.237288135593220151e-02,0.000000000000000000e+00,8.474576271186440649e-03,0.000000000000000000e+00,1.694915254237288130e-02,1.694915254237288130e-02,0.000000000000000000e+00,1.694915254237288130e-02,1.694915254237288130e-02,0.000000000000000000e+00,1.694915254237288130e-02,1.694915254237288130e-02
5.072463768115942351e-02,5.072463768115942351e-02,0.000000000000000000e+00,0.000000000000000000e+00,0.000000000000000000e+00,0.000000000000000000e+00,0.000000000000000000e+00,0.000000000000000000e+00,0.000000000000000000e+00,8.695652173913043237e-02,8.695652173913043237e-02,0.000000000000000000e+00,6.521739130434782428e-02,3.623188405797101580e-02,2.898550724637681195e-02,0.000000000000000000e+00,0.000000000000000000e+00,0.000000000000000000e+00,0.000000000000000000e+00,0.000000000000000000e+00,1.449275362318840597e-02,1.449275362318840597e-02,0.000000000000000000e+00,0.000000000000000000e+00,0.000000000000000000e+00,0.000000000000000000e+00,7.246376811594202987e-03,0.000000000000000000e+00,0.000000000000000000e+00,5.797101449275362389e-02,5.797101449275362389e-02,0.000000000000000000e+00,0.000000000000000000e+00,0.000000000000000000e+00,0.000000000000000000e+00,0.000000000000000000e+00,0.000000000000000000e+00,0.000000000000000000e+00,1.449275362318840597e-02,0.000000000000000000e+00,8.695652173913043237e-02,8.695652173913043237e-02,0.000000000000000000e+00,7.246376811594203160e-02,3.623188405797101580e-02,3.623188405797101580e-02,0.000000000000000000e+00,7.246376811594202987e-03,7.246376811594202987e-03,0.000000000000000000e+00,0.000000000000000000e+00,2.173913043478260809e-02,1.449275362318840597e-02,7.246376811594202987e-03,7.246376811594202987e-03,0.000000000000000000e+00,0.000000000000000000e+00,0.000000000000000000e+00,0.000000000000000000e+00,0.000000000000000000e+00,0.000000000000000000e+00,2.173913043478260809e-02,0.000000000000000000e+00,0.000000000000000000e+00,7.246376811594202987e-03,7.246376811594202987e-03,7.246376811594202987e-03,0.000000000000000000e+00,0.000000000000000000e+00
1.401869158878504655e-02,1.401869158878504655e-02,0.000000000000000000e+00,0.000000000000000000e+00,2.336448598130841034e-02,2.336448598130841034e-02,0.000000000000000000e+00,0.000000000000000000e+00,2.336448598130841034e-02,4.672897196261681894e-03,0.000000000000000000e+00,4.672897196261681894e-03,1.869158878504672758e-02,0.000000000000000000e+00,0.000000000000000000e+00,9.345794392523363789e-03,3.738317757009345516e-02,9.345794392523363789e-03,9.345794392523363789e-03,9.345794392523363789e-03,5.607476635514018620e-02,1.869158878504672758e-02,9.345794392523363789e-03,0.000000000000000000e+00,1.401869158878504655e-02,9.345794392523363789e-03,9.345794392523363789e-03,9.345794392523363789e-03,9.345794392523363789e-03,2.336448598130841034e-02,2.336448598130841034e-02,0.000000000000000000e+00,0.000000000000000000e+00,4.672897196261682068e-02,4.205607476635513792e-02,0.000000000000000000e+00,0.000000000000000000e+00,4.672897196261681894e-03,4.672897196261681894e-03,2.803738317757009310e-02,4.672897196261681894e-03,0.000000000000000000e+00,4.672897196261681894e-03,2.803738317757009310e-02,0.000000000000000000e+00,0.000000000000000000e+00,1.401869158878504655e-02,4.205607476635513792e-02,1.401869158878504655e-02,9.345794392523363789e-03,9.345794392523363789e-03,5.607476635514018620e-02,1.869158878504672758e-02,9.345794392523363789e-03,0.000000000000000000e+00,1.401869158878504655e-02,4.672897196261682068e-02,4.205607476635513792e-02,9.345794392523363789e-03,1.869158878504672758e-02,1.401869158878504655e-02,4.205607476635513792e-02,1.401869158878504655e-02,4.672897196261681894e-03,1.401869158878504655e-02,2.336448598130841034e-02,9.345794392523363789e-03,1.401869158878504655e-02,1.401869158878504655e-02
3.517587939698492427e-02,3.517587939698492427e-02,0.000000000000000000e+00,0.000000000000000000e+00,4.522613065326633319e-02,4.522613065326633319e-02,0.000000000000000000e+00,0.000000000000000000e+00,0.000000000000000000e+00,1.507537688442210991e-02,5.025125628140703592e-03,5.025125628140703592e-03,1.507537688442210991e-02,5.025125628140703592e-03,1.005025125628140718e-02,0.000000000000000000e+00,4.522613065326633319e-02,1.005025125628140718e-02,3.517587939698492427e-02,2.512562814070351883e-02,1.507537688442210991e-02,5.025125628140703592e-03,0.000000000000000000e+00,0.000000000000000000e+00,0.000000000000000000e+00,0.000000000000000000e+00,0.000000000000000000e+00,5.025125628140703592e-03,0.000000000000000000e+00,5.527638190954774211e-02,5.527638190954774211e-02,5.025125628140703592e-03,0.000000000000000000e+00,5.025125628140703765e-02,4.522613065326633319e-02,0.000000000000000000e+00,0.000000000000000000e+00,1.507537688442210991e-02,0.000000000000000000e+00,0.000000000000000000e+00,1.507537688442210991e-02,5.025125628140703592e-03,5.025125628140703592e-03,1.507537688442210991e-02,5.025125628140703592e-03,1.005025125628140718e-02,0.000000000000000000e+00,5.527638190954774211e-02,1.507537688442210991e-02,4.020100502512562873e-02,3.015075376884421982e-02,2.010050251256281437e-02,5.025125628140703592e-03,5.025125628140703592e-03,0.000000000000000000e+00,5.025125628140703592e-03,5.527638190954774211e-02,4.020100502512562873e-02,5.025125628140703592e-03,1.507537688442210991e-02,0.000000000000000000e+00,1.005025125628140718e-02,5.025125628140703592e-03,0.000000000000000000e+00,5.025125628140703592e-03,2.512562814070351883e-02,1.005025125628140718e-02,1.005025125628140718e-02,5.025125628140703592e-03
0.000000000000000000e+00,0.000000000000000000e+00,0.000000000000000000e+00,0.000000000000000000e+00,0.000000000000000000e+00,0.000000000000000000e+00,0.000000000000000000e+00,0.000000000000000000e+00,0.000000000000000000e+00,0.000000000000000000e+00,0.000000000000000000e+00,0.000000000000000000e+00,2.500000000000000000e-01,1.250000000000000000e-01,0.000000000000000000e+00,0.000000000000000000e+00,0.000000000000000000e+00,0.000000000000000000e+00,0.000000000000000000e+00,0.000000000000000000e+00,0.000000000000000000e+00,0.000000000000000000e+00,0.000000000000000000e+00,0.000000000000000000e+00,0.000000000000000000e+00,0.000000000000000000e+00,0.000000000000000000e+00,0.000000000000000000e+00,0.000000000000000000e+00,0.000000000000000000e+00,0.000000000000000000e+00,0.000000000000000000e+00,0.000000000000000000e+00,0.000000000000000000e+00,0.000000000000000000e+00,0.000000000000000000e+00,0.000000000000000000e+00,0.000000000000000000e+00,2.500000000000000000e-01,0.000000000000000000e+00,0.000000000000000000e+00,0.000000000000000000e+00,0.000000000000000000e+00,2.500000000000000000e-01,1.250000000000000000e-01,0.000000000000000000e+00,0.000000000000000000e+00,0.000000000000000000e+00,0.000000000000000000e+00,0.000000000000000000e+00,0.000000000000000000e+00,0.000000000000000000e+00,0.000000000000000000e+00,0.000000000000000000e+00,0.000000000000000000e+00,0.000000000000000000e+00,0.000000000000000000e+00,0.000000000000000000e+00,0.000000000000000000e+00,0.000000000000000000e+00,0.000000000000000000e+00,0.000000000000000000e+00,0.000000000000000000e+00,0.000000000000000000e+00,0.000000000000000000e+00,0.000000000000000000e+00,0.000000000000000000e+00,0.000000000000000000e+00,0.000000000000000000e+00
0.000000000000000000e+00,0.000000000000000000e+00,0.000000000000000000e+00,0.000000000000000000e+00,0.000000000000000000e+00,0.000000000000000000e+00,0.000000000000000000e+00,0.000000000000000000e+00,0.000000000000000000e+00,0.000000000000000000e+00,0.000000000000000000e+00,0.000000000000000000e+00,0.000000000000000000e+00,0.000000000000000000e+00,0.000000000000000000e+00,0.000000000000000000e+00,7.547169811320754429e-02,7.547169811320754429e-02,0.000000000000000000e+00,0.000000000000000000e+00,5.660377358490566169e-02,0.000000000000000000e+00,3.773584905660377214e-02,3.773584905660377214e-02,0.000000000000000000e+00,0.000000000000000000e+00,1.886792452830188607e-02,3.773584905660377214e-02,3.773584905660377214e-02,0.000000000000000000e+00,0.000000000000000000e+00,0.000000000000000000e+00,0.000000000000000000e+00,0.000000000000000000e+00,0.000000000000000000e+00,0.000000000000000000e+00,0.000000000000000000e+00,0.000000000000000000e+00,0.000000000000000000e+00,0.000000000000000000e+00,0.000000000000000000e+00,0.000000000000000000e+00,0.000000000000000000e+00,0.000000000000000000e+00,0.000000000000000000e+00,0.000000000000000000e+00,0.000000000000000000e+00,9.433962264150944077e-02,9.433962264150944077e-02,0.000000000000000000e+00,0.000000000000000000e+00,7.547169811320754429e-02,0.000000000000000000e+00,5.660377358490566169e-02,5.660377358490566169e-02,0.000000000000000000e+00,0.000000000000000000e+00,0.000000000000000000e+00,0.000000000000000000e+00,1.886792452830188607e-02,0.000000000000000000e+00,1.886792452830188607e-02,0.000000000000000000e+00,0.000000000000000000e+00,1.886792452830188607e-02,9.433962264150944077e-02,9.433962264150944077e-02,0.000000000000000000e+00,0.000000000000000000e+00
7.936507936507936067e-02,6.349206349206348854e-02,0.000000000000000000e+00,0.000000000000000000e+00,3.174603174603174427e-02,1.587301587301587213e-02,1.587301587301587213e-02,1.587301587301587213e-02,0.000000000000000000e+00,3.174603174603174427e-02,1.587301587301587213e-02,1.587301587301587213e-02,1.587301587301587213e-02,0.000000000000000000e+00,0.000000000000000000e+00,0.000000000000000000e+00,3.174603174603174427e-02,1.587301587301587213e-02,1.587301587301587213e-02,1.587301587301587213e-02,1.587301587301587213e-02,0.000000000000000000e+00,0.000000000000000000e+00,0.000000000000000000e+00,0.000000000000000000e+00,0.000000000000000000e+00,0.000000000000000000e+00,0.000000000000000000e+00,0.000000000000000000e+00,9.523809523809523281e-02,7.936507936507936067e-02,0.000000000000000000e+00,0.000000000000000000e+00,4.761904761904761640e-02,1.587301587301587213e-02,3.174603174603174427e-02,3.174603174603174427e-02,0.000000000000000000e+00,1.587301587301587213e-02,0.000000000000000000e+00,3.174603174603174427e-02,1.587301587301587213e-02,1.587301587301587213e-02,1.587301587301587213e-02,0.000000000000000000e+00,0.000000000000000000e+00,0.000000000000000000e+00,3.174603174603174427e-02,1.587301587301587213e-02,1.587301587301587213e-02,1.587301587301587213e-02,1.587301587301587213e-02,0.000000000000000000e+00,0.000000000000000000e+00,0.000000000000000000e+00,0.000000000000000000e+00,4.761904761904761640e-02,4.761904761904761640e-02,0.000000000000000000e+00,1.587301587301587213e-02,0.000000000000000000e+00,0.000000000000000000e+00,0.000000000000000000e+00,0.000000000000000000e+00,0.000000000000000000e+00,0.000000000000000000e+00,0.000000000000000000e+00,0.000000000000000000e+00,0.000000000000000000e+00
0.000000000000000000e+00,0.000000000000000000e+00,0.000000000000000000e+00,0.000000000000000000e+00,4.761904761904762334e-03,0.000000000000000000e+00,4.761904761904762334e-03,4.761904761904762334e-03,0.000000000000000000e+00,1.428571428571428527e-02,1.428571428571428527e-02,0.000000000000000000e+00,7.619047619047619735e-02,2.857142857142857054e-02,1.904761904761904934e-02,1.904761904761904934e-02,7.619047619047619735e-02,7.619047619047619735e-02,0.000000000000000000e+00,0.000000000000000000e+00,4.761904761904761640e-02,1.904761904761904934e-02,0.000000000000000000e+00,0.000000000000000000e+00,0.000000000000000000e+00,0.000000000000000000e+00,4.761904761904762334e-03,9.523809523809524669e-03,9.523809523809524669e-03,0.000000000000000000e+00,0.000000000000000000e+00,0.000000000000000000e+00,0.000000000000000000e+00,4.761904761904762334e-03,0.000000000000000000e+00,4.761904761904762334e-03,4.761904761904762334e-03,0.000000000000000000e+00,0.000000000000000000e+00,0.000000000000000000e+00,1.428571428571428527e-02,1.428571428571428527e-02,0.000000000000000000e+00,8.571428571428571508e-02,3.809523809523809867e-02,1.904761904761904934e-02,1.904761904761904934e-02,9.047619047619047394e-02,9.047619047619047394e-02,0.000000000000000000e+00,0.000000000000000000e+00,5.238095238095238221e-02,1.904761904761904934e-02,0.000000000000000000e+00,0.000000000000000000e+00,4.761904761904762334e-03,4.761904761904762334e-03,4.761904761904762334e-03,0.000000000000000000e+00,4.761904761904762334e-03,0.000000000000000000e+00,2.857142857142857054e-02,4.761904761904762334e-03,4.761904761904762334e-03,1.904761904761904934e-02,1.904761904761904934e-02,1.904761904761904934e-02,0.000000000000000000e+00,0.000000000000000000e+00
0.000000000000000000e+00,0.000000000000000000e+00,0.000000000000000000e+00,0.000000000000000000e+00,2.857142857142857054e-02,2.857142857142857054e-02,0.000000000000000000e+00,0.000000000000000000e+00,0.000000000000000000e+00,8.571428571428571508e-02,8.571428571428571508e-02,0.000000000000000000e+00,0.000000000000000000e+00,0.000000000000000000e+00,0.000000000000000000e+00,0.000000000000000000e+00,8.571428571428571508e-02,8.571428571428571508e-02,0.000000000000000000e+00,0.000000000000000000e+00,2.857142857142857054e-02,2.857142857142857054e-02,0.000000000000000000e+00,0.000000000000000000e+00,0.000000000000000000e+00,0.000000000000000000e+00,0.000000000000000000e+00,0.000000000000000000e+00,0.000000000000000000e+00,0.000000000000000000e+00,0.000000000000000000e+00,0.000000000000000000e+00,0.000000000000000000e+00,2.857142857142857054e-02,2.857142857142857054e-02,0.000000000000000000e+00,0.000000000000000000e+00,0.000000000000000000e+00,0.000000000000000000e+00,0.000000000000000000e+00,8.571428571428571508e-02,8.571428571428571508e-02,0.000000000000000000e+00,0.000000000000000000e+00,0.000000000000000000e+00,0.000000000000000000e+00,0.000000000000000000e+00,8.571428571428571508e-02,8.571428571428571508e-02,0.000000000000000000e+00,0.000000000000000000e+00,2.857142857142857054e-02,2.857142857142857054e-02,0.000000000000000000e+00,0.000000000000000000e+00,0.000000000000000000e+00,0.000000000000000000e+00,0.000000000000000000e+00,0.000000000000000000e+00,0.000000000000000000e+00,0.000000000000000000e+00,2.857142857142857054e-02,2.857142857142857054e-02,2.857142857142857054e-02,0.000000000000000000e+00,0.000000000000000000e+00,0.000000000000000000e+00,0.000000000000000000e+00,0.000000000000000000e+00
6.250000000000000000e-02,6.250000000000000000e-02,0.000000000000000000e+00,0.000000000000000000e+00,6.250000000000000000e-02,6.250000000000000000e-02,0.000000000000000000e+00,0.000000000000000000e+00,0.000000000000000000e+00,0.000000000000000000e+00,0.000000000000000000e+00,0.000000000000000000e+00,0.000000000000000000e+00,0.000000000000000000e+00,0.000000000000000000e+00,0.000000000000000000e+00,6.250000000000000000e-02,0.000000000000000000e+00,6.250000000000000000e-02,6.250000000000000000e-02,0.000000000000000000e+00,0.000000000000000000e+00,0.000000000000000000e+00,0.000000000000000000e+00,0.000000000000000000e+00,0.000000000000000000e+00,0.000000000000000000e+00,0.000000000000000000e+00,0.000000000000000000e+00,6.250000000000000000e-02,6.250000000000000000e-02,0.000000000000000000e+00,0.000000000000000000e+00,6.250000000000000000e-02,6.250000000000000000e-02,0.000000000000000000e+00,0.000000000000000000e+00,0.000000000000000000e+00,0.000000000000000000e+00,0.000000000000000000e+00,0.000000000000000000e+00,0.000000000000000000e+00,0.000000000000000000e+00,0.000000000000000000e+00,0.000000000000000000e+00,0.000000000000000000e+00,0.000000000000000000e+00,6.250000000000000000e-02,0.000000000000000000e+00,6.250000000000000000e-02,6.250000000000000000e-02,0.000000000000000000e+00,0.000000000000000000e+00,0.000000000000000000e+00,0.000000000000000000e+00,0.000000000000000000e+00,6.250000000000000000e-02,6.250000000000000000e-02,0.000000000000000000e+00,0.000000000000000000e+00,0.000000000000000000e+00,0.000000000000000000e+00,0.000000000000000000e+00,0.000000000000000000e+00,0.000000000000000000e+00,0.000000000000000000e+00,0.000000000000000000e+00,0.000000000000000000e+00,0.000000000000000000e+00
0.000000000000000000e+00,0.000000000000000000e+00,0.000000000000000000e+00,0.000000000000000000e+00,0.000000000000000000e+00,0.000000000000000000e+00,0.000000000000000000e+00,0.000000000000000000e+00,0.000000000000000000e+00,3.030303030303030387e-02,3.030303030303030387e-02,0.000000000000000000e+00,0.000000000000000000e+00,0.000000000000000000e+00,0.000000000000000000e+00,0.000000000000000000e+00,6.060606060606060774e-02,6.060606060606060774e-02,0.000000000000000000e+00,0.000000000000000000e+00,9.090909090909091161e-02,3.030303030303030387e-02,6.060606060606060774e-02,6.060606060606060774e-02,0.000000000000000000e+00,0.000000000000000000e+00,0.000000000000000000e+00,0.000000000000000000e+00,0.000000000000000000e+00,0.000000000000000000e+00,0.000000000000000000e+00,0.000000000000000000e+00,0.000000000000000000e+00,0.000000000000000000e+00,0.000000000000000000e+00,0.000000000000000000e+00,0.000000000000000000e+00,0.000000000000000000e+00,0.000000000000000000e+00,0.000000000000000000e+00,3.030303030303030387e-02,3.030303030303030387e-02,0.000000000000000000e+00,0.000000000000000000e+00,0.000000000000000000e+00,0.000000000000000000e+00,0.000000000000000000e+00,6.060606060606060774e-02,6.060606060606060774e-02,0.000000000000000000e+00,0.000000000000000000e+00,9.090909090909091161e-02,3.030303030303030387e-02,6.060606060606060774e-02,6.060606060606060774e-02,0.000000000000000000e+00,0.000000000000000000e+00,0.000000000000000000e+00,0.000000000000000000e+00,0.000000000000000000e+00,0.000000000000000000e+00,3.030303030303030387e-02,0.000000000000000000e+00,0.000000000000000000e+00,0.000000000000000000e+00,6.060606060606060774e-02,6.060606060606060774e-02,0.000000000000000000e+00,0.000000000000000000e+00
0.000000000000000000e+00,0.000000000000000000e+00,1.063829787234042527e-02,1.063829787234042527e-02,3.191489361702127409e-02,2.127659574468085055e-02,0.000000000000000000e+00,0.000000000000000000e+00,0.000000000000000000e+00,2.127659574468085055e-02,0.000000000000000000e+00,0.000000000000000000e+00,6.382978723404254817e-02,2.127659574468085055e-02,1.063829787234042527e-02,1.063829787234042527e-02,3.191489361702127409e-02,3.191489361702127409e-02,0.000000000000000000e+00,0.000000000000000000e+00,1.063829787234042527e-02,0.000000000000000000e+00,0.000000000000000000e+00,0.000000000000000000e+00,1.063829787234042527e-02,1.063829787234042527e-02,1.063829787234042527e-02,0.000000000000000000e+00,0.000000000000000000e+00,0.000000000000000000e+00,0.000000000000000000e+00,3.191489361702127409e-02,3.191489361702127409e-02,5.319148936170212810e-02,3.191489361702127409e-02,1.063829787234042527e-02,1.063829787234042527e-02,1.063829787234042527e-02,0.000000000000000000e+00,0.000000000000000000e+00,3.191489361702127409e-02,0.000000000000000000e+00,1.063829787234042527e-02,6.382978723404254817e-02,2.127659574468085055e-02,1.063829787234042527e-02,1.063829787234042527e-02,5.319148936170212810e-02,4.255319148936170109e-02,0.000000000000000000e+00,0.000000000000000000e+00,1.063829787234042527e-02,0.000000000000000000e+00,0.000000000000000000e+00,0.000000000000000000e+00,1.063829787234042527e-02,5.319148936170212810e-02,5.319148936170212810e-02,0.000000000000000000e+00,1.063829787234042527e-02,1.063829787234042527e-02,1.063829787234042527e-02,1.063829787234042527e-02,1.063829787234042527e-02,2.127659574468085055e-02,2.127659574468085055e-02,0.000000000000000000e+00,2.127659574468085055e-02,2.127659574468085055e-02
3.333333333333333287e-02,2.222222222222222307e-02,0.000000000000000000e+00,0.000000000000000000e+00,1.111111111111111154e-02,1.111111111111111154e-02,0.000000000000000000e+00,0.000000000000000000e+00,2.222222222222222307e-02,7.777777777777777901e-02,2.222222222222222307e-02,5.555555555555555247e-02,4.444444444444444614e-02,1.111111111111111154e-02,1.111111111111111154e-02,1.111111111111111154e-02,1.111111111111111154e-02,0.000000000000000000e+00,1.111111111111111154e-02,1.111111111111111154e-02,0.000000000000000000e+00,0.000000000000000000e+00,0.000000000000000000e+00,0.000000000000000000e+00,0.000000000000000000e+00,0.000000000000000000e+00,0.000000000000000000e+00,1.111111111111111154e-02,0.000000000000000000e+00,3.333333333333333287e-02,2.222222222222222307e-02,0.000000000000000000e+00,0.000000000000000000e+00,6.666666666666666574e-02,6.666666666666666574e-02,0.000000000000000000e+00,0.000000000000000000e+00,0.000000000000000000e+00,0.000000000000000000e+00,2.222222222222222307e-02,7.777777777777777901e-02,2.222222222222222307e-02,5.555555555555555247e-02,4.444444444444444614e-02,1.111111111111111154e-02,1.111111111111111154e-02,1.111111111111111154e-02,1.111111111111111154e-02,0.000000000000000000e+00,1.111111111111111154e-02,1.111111111111111154e-02,0.000000000000000000e+00,0.000000000000000000e+00,0.000000000000000000e+00,0.000000000000000000e+00,0.000000000000000000e+00,4.444444444444444614e-02,4.444444444444444614e-02,0.000000000000000000e+00,0.000000000000000000e+00,0.000000000000000000e+00,1.111111111111111154e-02,1.111111111111111154e-02,0.000000000000000000e+00,0.000000000000000000e+00,1.111111111111111154e-02,0.000000000000000000e+00,1.111111111111111154e-02,1.111111111111111154e-02
6.250000000000000000e-02,6.250000000000000000e-02,0.000000000000000000e+00,0.000000000000000000e+00,6.250000000000000000e-02,6.250000000000000000e-02,0.000000000000000000e+00,0.000000000000000000e+00,0.000000000000000000e+00,0.000000000000000000e+00,0.000000000000000000e+00,0.000000000000000000e+00,0.000000000000000000e+00,0.000000000000000000e+00,0.000000000000000000e+00,0.000000000000000000e+00,6.250000000000000000e-02,0.000000000000000000e+00,6.250000000000000000e-02,6.250000000000000000e-02,0.000000000000000000e+00,0.000000000000000000e+00,0.000000000000000000e+00,0.000000000000000000e+00,0.000000000000000000e+00,0.000000000000000000e+00,0.000000000000000000e+00,0.000000000000000000e+00,0.000000000000000000e+00,6.250000000000000000e-02,6.250000000000000000e-02,0.000000000000000000e+00,0.000000000000000000e+00,6.250000000000000000e-02,6.250000000000000000e-02,0.000000000000000000e+00,0.000000000000000000e+00,0.000000000000000000e+00,0.000000000000000000e+00,0.000000000000000000e+00,0.000000000000000000e+00,0.000000000000000000e+00,0.000000000000000000e+00,0.000000000000000000e+00,0.000000000000000000e+00,0.000000000000000000e+00,0.000000000000000000e+00,6.250000000000000000e-02,0.000000000000000000e+00,6.250000000000000000e-02,6.250000000000000000e-02,0.000000000000000000e+00,0.000000000000000000e+00,0.000000000000000000e+00,0.000000000000000000e+00,0.000000000000000000e+00,6.250000000000000000e-02,6.250000000000000000e-02,0.000000000000000000e+00,0.000000000000000000e+00,0.000000000000000000e+00,0.000000000000000000e+00,0.000000000000000000e+00,0.000000000000000000e+00,0.000000000000000000e+00,0.000000000000000000e+00,0.000000000000000000e+00,0.000000000000000000e+00,0.000000000000000000e+00
0.000000000000000000e+00,0.000000000000000000e+00,2.164502164502164414e-02,8.658008658008658001e-03,7.792207792207792028e-02,3.030303030303030387e-02,4.329004329004328827e-02,3.463203463203463200e-02,0.000000000000000000e+00,8.658008658008658001e-03,0.000000000000000000e+00,8.658008658008658001e-03,1.298701298701298787e-02,4.329004329004329001e-03,4.329004329004329001e-03,4.329004329004329001e-03,1.298701298701298787e-02,4.329004329004329001e-03,8.658008658008658001e-03,8.658008658008658001e-03,0.000000000000000000e+00,0.000000000000000000e+00,0.000000000000000000e+00,0.000000000000000000e+00,1.298701298701298787e-02,1.298701298701298787e-02,0.000000000000000000e+00,0.000000000000000000e+00,0.000000000000000000e+00,0.000000000000000000e+00,0.000000000000000000e+00,2.597402597402597574e-02,1.298701298701298787e-02,1.038961038961039030e-01,4.761904761904761640e-02,5.194805194805195148e-02,4.329004329004328827e-02,1.298701298701298787e-02,0.000000000000000000e+00,0.000000000000000000e+00,8.658008658008658001e-03,0.000000000000000000e+00,8.658008658008658001e-03,2.164502164502164414e-02,4.329004329004329001e-03,8.658008658008658001e-03,8.658008658008658001e-03,1.731601731601731600e-02,4.329004329004329001e-03,1.298701298701298787e-02,1.298701298701298787e-02,0.000000000000000000e+00,0.000000000000000000e+00,0.000000000000000000e+00,0.000000000000000000e+00,4.329004329004329001e-03,9.956709956709956788e-02,9.090909090909091161e-02,1.298701298701298787e-02,8.658008658008658001e-03,8.658008658008658001e-03,1.298701298701298787e-02,4.329004329004329001e-03,0.000000000000000000e+00,0.000000000000000000e+00,1.731601731601731600e-02,4.329004329004329001e-03,4.329004329004329001e-03,4.329004329004329001e-03
0.000000000000000000e+00,0.000000000000000000e+00,0.000000000000000000e+00,0.000000000000000000e+00,3.200000000000000067e-02,1.600000000000000033e-02,8.000000000000000167e-03,8.000000000000000167e-03,0.000000000000000000e+00,5.600000000000000117e-02,4.000000000000000083e-02,0.000000000000000000e+00,3.200000000000000067e-02,0.000000000000000000e+00,8.000000000000000167e-03,1.600000000000000033e-02,4.000000000000000083e-02,3.200000000000000067e-02,8.000000000000000167e-03,8.000000000000000167e-03,3.200000000000000067e-02,8.000000000000000167e-03,1.600000000000000033e-02,8.000000000000000167e-03,0.000000000000000000e+00,0.000000000000000000e+00,0.000000000000000000e+00,0.000000000000000000e+00,0.000000000000000000e+00,0.000000000000000000e+00,0.000000000000000000e+00,0.000000000000000000e+00,0.000000000000000000e+00,4.000000000000000083e-02,2.400000000000000050e-02,8.000000000000000167e-03,8.000000000000000167e-03,8.000000000000000167e-03,0.000000000000000000e+00,0.000000000000000000e+00,5.600000000000000117e-02,4.000000000000000083e-02,0.000000000000000000e+00,4.800000000000000100e-02,1.600000000000000033e-02,8.000000000000000167e-03,1.600000000000000033e-02,4.800000000000000100e-02,4.000000000000000083e-02,8.000000000000000167e-03,8.000000000000000167e-03,4.000000000000000083e-02,1.600000000000000033e-02,1.600000000000000033e-02,8.000000000000000167e-03,0.000000000000000000e+00,2.400000000000000050e-02,2.400000000000000050e-02,1.600000000000000033e-02,8.000000000000000167e-03,8.000000000000000167e-03,3.200000000000000067e-02,8.000000000000000167e-03,8.000000000000000167e-03,0.000000000000000000e+00,2.400000000000000050e-02,8.000000000000000167e-03,8.000000000000000167e-03,8.000000000000000167e-03
0.000000000000000000e+00,0.000000000000000000e+00,1.075268817204301161e-02,1.075268817204301161e-02,0.000000000000000000e+00,0.000000000000000000e+00,0.000000000000000000e+00,0.000000000000000000e+00,0.000000000000000000e+00,2.150537634408602322e-02,1.075268817204301161e-02,0.000000000000000000e+00,3.225806451612903136e-02,0.000000000000000000e+00,2.150537634408602322e-02,1.075268817204301161e-02,8.602150537634409289e-02,3.225806451612903136e-02,3.225806451612903136e-02,3.225806451612903136e-02,2.150537634408602322e-02,0.000000000000000000e+00,1.075268817204301161e-02,1.075268817204301161e-02,0.000000000000000000e+00,0.000000000000000000e+00,1.075268817204301161e-02,0.000000000000000000e+00,0.000000000000000000e+00,0.000000000000000000e+00,0.000000000000000000e+00,2.150537634408602322e-02,1.075268817204301161e-02,0.000000000000000000e+00,0.000000000000000000e+00,0.000000000000000000e+00,0.000000000000000000e+00,0.000000000000000000e+00,0.000000000000000000e+00,0.000000000000000000e+00,3.225806451612903136e-02,1.075268817204301161e-02,0.000000000000000000e+00,4.301075268817204644e-02,0.000000000000000000e+00,2.150537634408602322e-02,1.075268817204301161e-02,8.602150537634409289e-02,3.225806451612903136e-02,3.225806451612903136e-02,3.225806451612903136e-02,3.225806451612903136e-02,0.000000000000000000e+00,2.150537634408602322e-02,2.150537634408602322e-02,1.075268817204301161e-02,5.376344086021505458e-02,5.376344086021505458e-02,0.000000000000000000e+00,0.000000000000000000e+00,0.000000000000000000e+00,1.075268817204301161e-02,1.075268817204301161e-02,1.075268817204301161e-02,2.150537634408602322e-02,3.225806451612903136e-02,3.225806451612903136e-02,0.000000000000000000e+00,0.000000000000000000e+00
3.225806451612903136e-02,0.000000000000000000e+00,1.612903225806451568e-02,1.612903225806451568e-02,0.000000000000000000e+00,0.000000000000000000e+00,0.000000000000000000e+00,0.000000000000000000e+00,0.000000000000000000e+00,4.838709677419354704e-02,1.612903225806451568e-02,3.225806451612903136e-02,4.838709677419354704e-02,1.612903225806451568e-02,0.000000000000000000e+00,1.612903225806451568e-02,4.838709677419354704e-02,4.838709677419354704e-02,0.000000000000000000e+00,0.000000000000000000e+00,1.612903225806451568e-02,0.000000000000000000e+00,0.000000000000000000e+00,0.000000000000000000e+00,0.000000000000000000e+00,0.000000000000000000e+00,0.000000000000000000e+00,0.000000000000000000e+00,0.000000000000000000e+00,3.225806451612903136e-02,0.000000000000000000e+00,3.225806451612903136e-02,3.225806451612903136e-02,3.225806451612903136e-02,0.000000000000000000e+00,1.612903225806451568e-02,1.612903225806451568e-02,0.000000000000000000e+00,0.000000000000000000e+00,0.000000000000000000e+00,4.838709677419354704e-02,1.612903225806451568e-02,3.225806451612903136e-02,6.451612903225806273e-02,1.612903225806451568e-02,0.000000000000000000e+00,3.225806451612903136e-02,4.838709677419354704e-02,4.838709677419354704e-02,0.000000000000000000e+00,0.000000000000000000e+00,1.612903225806451568e-02,0.000000000000000000e+00,0.000000000000000000e+00,0.000000000000000000e+00,1.612903225806451568e-02,3.225806451612903136e-02,3.225806451612903136e-02,1.612903225806451568e-02,0.000000000000000000e+00,0.000000000000000000e+00,1.612903225806451568e-02,1.612903225806451568e-02,0.000000000000000000e+00,1.612903225806451568e-02,1.612903225806451568e-02,0.000000000000000000e+00,0.000000000000000000e+00,0.000000000000000000e+00
0.000000000000000000e+00,0.000000000000000000e+00,0.000000000000000000e+00,0.000000000000000000e+00,2.702702702702702853e-02,2.702702702702702853e-02,0.000000000000000000e+00,0.000000000000000000e+00,0.000000000000000000e+00,8.108108108108108558e-02,8.108108108108108558e-02,0.000000000000000000e+00,5.405405405405405705e-02,0.000000000000000000e+00,0.000000000000000000e+00,0.000000000000000000e+00,5.405405405405405705e-02,2.702702702702702853e-02,2.702702702702702853e-02,2.702702702702702853e-02,2.702702702702702853e-02,0.000000000000000000e+00,0.000000000000000000e+00,0.000000000000000000e+00,0.000000000000000000e+00,0.000000000000000000e+00,0.000000000000000000e+00,0.000000000000000000e+00,0.000000000000000000e+00,0.000000000000000000e+00,0.000000000000000000e+00,0.000000000000000000e+00,0.000000000000000000e+00,2.702702702702702853e-02,2.702702702702702853e-02,0.000000000000000000e+00,0.000000000000000000e+00,0.000000000000000000e+00,0.000000000000000000e+00,0.000000000000000000e+00,8.108108108108108558e-02,8.108108108108108558e-02,0.000000000000000000e+00,8.108108108108108558e-02,0.000000000000000000e+00,0.000000000000000000e+00,2.702702702702702853e-02,5.405405405405405705e-02,2.702702702702702853e-02,2.702702702702702853e-02,2.702702702702702853e-02,2.702702702702702853e-02,0.000000000000000000e+00,0.000000000000000000e+00,0.000000000000000000e+00,0.000000000000000000e+00,2.702702702702702853e-02,2.702702702702702853e-02,0.000000000000000000e+00,0.000000000000000000e+00,0.000000000000000000e+00,0.000000000000000000e+00,0.000000000000000000e+00,0.000000000000000000e+00,2.702702702702702853e-02,0.000000000000000000e+00,0.000000000000000000e+00,0.000000000000000000e+00,0.000000000000000000e+00
0.000000000000000000e+00,0.000000000000000000e+00,1.646090534979424008e-02,0.000000000000000000e+00,2.469135802469135665e-02,1.646090534979424008e-02,8.230452674897120041e-03,4.115226337448560021e-03,0.000000000000000000e+00,2.880658436213991841e-02,1.646090534979424008e-02,1.234567901234567833e-02,2.880658436213991841e-02,8.230452674897120041e-03,8.230452674897120041e-03,1.234567901234567833e-02,3.292181069958848016e-02,8.230452674897120041e-03,1.646090534979424008e-02,1.646090534979424008e-02,2.469135802469135665e-02,0.000000000000000000e+00,4.115226337448560021e-03,4.115226337448560021e-03,0.000000000000000000e+00,0.000000000000000000e+00,4.115226337448560021e-03,0.000000000000000000e+00,0.000000000000000000e+00,0.000000000000000000e+00,0.000000000000000000e+00,2.469135802469135665e-02,8.230452674897120041e-03,4.938271604938271331e-02,3.292181069958848016e-02,1.646090534979424008e-02,8.230452674897120041e-03,1.234567901234567833e-02,0.000000000000000000e+00,0.000000000000000000e+00,3.292181069958848016e-02,1.646090534979424008e-02,1.234567901234567833e-02,4.526748971193415849e-02,1.646090534979424008e-02,8.230452674897120041e-03,1.646090534979424008e-02,4.115226337448559674e-02,8.230452674897120041e-03,2.469135802469135665e-02,2.469135802469135665e-02,3.292181069958848016e-02,4.115226337448560021e-03,8.230452674897120041e-03,4.115226337448560021e-03,8.230452674897120041e-03,6.172839506172839164e-02,4.526748971193415849e-02,8.230452674897120041e-03,8.230452674897120041e-03,4.115226337448560021e-03,2.057613168724279837e-02,8.230452674897120041e-03,4.115226337448560021e-03,2.057613168724279837e-02,3.292181069958848016e-02,8.230452674897120041e-03,1.646090534979424008e-02,8.230452674897120041e-03
0.000000000000000000e+00,0.000000000000000000e+00,0.000000000000000000e+00,0.000000000000000000e+00,0.000000000000000000e+00,0.000000000000000000e+00,0.000000000000000000e+00,0.000000000000000000e+00,0.000000000000000000e+00,2.500000000000000139e-02,2.500000000000000139e-02,0.000000000000000000e+00,7.499999999999999722e-02,1.250000000000000069e-02,2.500000000000000139e-02,2.500000000000000139e-02,5.000000000000000278e-02,3.749999999999999861e-02,1.250000000000000069e-02,1.250000000000000069e-02,3.749999999999999861e-02,0.000000000000000000e+00,2.500000000000000139e-02,2.500000000000000139e-02,0.000000000000000000e+00,0.000000000000000000e+00,0.000000000000000000e+00,0.000000000000000000e+00,0.000000000000000000e+00,0.000000000000000000e+00,0.000000000000000000e+00,0.000000000000000000e+00,0.000000000000000000e+00,0.000000000000000000e+00,0.000000000000000000e+00,0.000000000000000000e+00,0.000000000000000000e+00,0.000000000000000000e+00,0.000000000000000000e+00,0.000000000000000000e+00,5.000000000000000278e-02,5.000000000000000278e-02,0.000000000000000000e+00,7.499999999999999722e-02,1.250000000000000069e-02,2.500000000000000139e-02,2.500000000000000139e-02,6.250000000000000000e-02,5.000000000000000278e-02,1.250000000000000069e-02,1.250000000000000069e-02,3.749999999999999861e-02,0.000000000000000000e+00,2.500000000000000139e-02,2.500000000000000139e-02,0.000000000000000000e+00,1.250000000000000069e-02,1.250000000000000069e-02,0.000000000000000000e+00,1.250000000000000069e-02,0.000000000000000000e+00,0.000000000000000000e+00,0.000000000000000000e+00,0.000000000000000000e+00,3.749999999999999861e-02,3.749999999999999861e-02,3.749999999999999861e-02,0.000000000000000000e+00,0.000000000000000000e+00
0.000000000000000000e+00,0.000000000000000000e+00,0.000000000000000000e+00,0.000000000000000000e+00,5.825242718446602130e-02,1.941747572815533812e-02,3.883495145631067624e-02,1.941747572815533812e-02,0.000000000000000000e+00,9.708737864077669061e-03,9.708737864077669061e-03,0.000000000000000000e+00,0.000000000000000000e+00,0.000000000000000000e+00,0.000000000000000000e+00,0.000000000000000000e+00,3.883495145631067624e-02,1.941747572815533812e-02,1.941747572815533812e-02,1.941747572815533812e-02,0.000000000000000000e+00,0.000000000000000000e+00,0.000000000000000000e+00,0.000000000000000000e+00,4.854368932038834877e-02,4.854368932038834877e-02,9.708737864077669061e-03,9.708737864077669061e-03,0.000000000000000000e+00,0.000000000000000000e+00,0.000000000000000000e+00,0.000000000000000000e+00,0.000000000000000000e+00,5.825242718446602130e-02,1.941747572815533812e-02,3.883495145631067624e-02,1.941747572815533812e-02,1.941747572815533812e-02,0.000000000000000000e+00,0.000000000000000000e+00,1.941747572815533812e-02,9.708737864077669061e-03,0.000000000000000000e+00,0.000000000000000000e+00,0.000000000000000000e+00,0.000000000000000000e+00,0.000000000000000000e+00,3.883495145631067624e-02,1.941747572815533812e-02,1.941747572815533812e-02,1.941747572815533812e-02,0.000000000000000000e+00,0.000000000000000000e+00,0.000000000000000000e+00,0.000000000000000000e+00,0.000000000000000000e+00,1.262135922330097082e-01,1.067961165048543631e-01,0.000000000000000000e+00,0.000000000000000000e+00,0.000000000000000000e+00,9.708737864077669061e-03,9.708737864077669061e-03,9.708737864077669061e-03,9.708737864077669061e-03,2.912621359223301065e-02,9.708737864077669061e-03,1.941747572815533812e-02,1.941747572815533812e-02
6.944444444444444059e-03,6.944444444444444059e-03,6.944444444444444059e-03,6.944444444444444059e-03,6.944444444444444753e-02,4.166666666666666435e-02,2.083333333333333218e-02,1.388888888888888812e-02,3.472222222222222376e-02,1.388888888888888812e-02,0.000000000000000000e+00,6.944444444444444059e-03,1.388888888888888812e-02,1.388888888888888812e-02,0.000000000000000000e+00,0.000000000000000000e+00,3.472222222222222376e-02,6.944444444444444059e-03,2.777777777777777624e-02,1.388888888888888812e-02,2.083333333333333218e-02,6.944444444444444059e-03,6.944444444444444059e-03,6.944444444444444059e-03,0.000000000000000000e+00,0.000000000000000000e+00,0.000000000000000000e+00,0.000000000000000000e+00,0.000000000000000000e+00,6.944444444444444059e-03,6.944444444444444059e-03,2.083333333333333218e-02,2.083333333333333218e-02,9.722222222222222376e-02,6.250000000000000000e-02,2.083333333333333218e-02,1.388888888888888812e-02,0.000000000000000000e+00,1.388888888888888812e-02,4.166666666666666435e-02,2.083333333333333218e-02,0.000000000000000000e+00,1.388888888888888812e-02,1.388888888888888812e-02,1.388888888888888812e-02,0.000000000000000000e+00,0.000000000000000000e+00,3.472222222222222376e-02,6.944444444444444059e-03,2.777777777777777624e-02,1.388888888888888812e-02,2.083333333333333218e-02,6.944444444444444059e-03,6.944444444444444059e-03,6.944444444444444059e-03,1.388888888888888812e-02,4.861111111111111188e-02,2.777777777777777624e-02,0.000000000000000000e+00,0.000000000000000000e+00,0.000000000000000000e+00,6.944444444444444059e-03,6.944444444444444059e-03,6.944444444444444059e-03,0.000000000000000000e+00,6.944444444444444059e-03,6.944444444444444059e-03,0.000000000000000000e+00,0.000000000000000000e+00
0.000000000000000000e+00,0.000000000000000000e+00,0.000000000000000000e+00,0.000000000000000000e+00,0.000000000000000000e+00,0.000000000000000000e+00,0.000000000000000000e+00,0.000000000000000000e+00,0.000000000000000000e+00,4.347826086956521618e-02,4.347826086956521618e-02,0.000000000000000000e+00,4.347826086956521618e-02,0.000000000000000000e+00,0.000000000000000000e+00,4.347826086956521618e-02,8.695652173913043237e-02,8.695652173913043237e-02,0.000000000000000000e+00,0.000000000000000000e+00,8.695652173913043237e-02,0.000000000000000000e+00,0.000000000000000000e+00,0.000000000000000000e+00,0.000000000000000000e+00,0.000000000000000000e+00,0.000000000000000000e+00,0.000000000000000000e+00,0.000000000000000000e+00,0.000000000000000000e+00,0.000000000000000000e+00,0.000000000000000000e+00,0.000000000000000000e+00,0.000000000000000000e+00,0.000000000000000000e+00,0.000000000000000000e+00,0.000000000000000000e+00,0.000000000000000000e+00,0.000000000000000000e+00,0.000000000000000000e+00,4.347826086956521618e-02,4.347826086956521618e-02,0.000000000000000000e+00,4.347826086956521618e-02,0.000000000000000000e+00,0.000000000000000000e+00,4.347826086956521618e-02,8.695652173913043237e-02,8.695652173913043237e-02,0.000000000000000000e+00,0.000000000000000000e+00,8.695652173913043237e-02,0.000000000000000000e+00,0.000000000000000000e+00,0.000000000000000000e+00,0.000000000000000000e+00,0.000000000000000000e+00,0.000000000000000000e+00,0.000000000000000000e+00,8.695652173913043237e-02,0.000000000000000000e+00,4.347826086956521618e-02,0.000000000000000000e+00,0.000000000000000000e+00,0.000000000000000000e+00,0.000000000000000000e+00,0.000000000000000000e+00,0.000000000000000000e+00,0.000000000000000000e+00
0.000000000000000000e+00,0.000000000000000000e+00,2.564102564102564014e-02,1.025641025641025640e-02,5.128205128205128027e-02,3.589743589743589480e-02,1.025641025641025640e-02,5.128205128205128201e-03,5.128205128205128201e-03,4.615384615384615641e-02,2.564102564102564014e-02,1.025641025641025640e-02,5.128205128205128201e-03,5.128205128205128201e-03,0.000000000000000000e+00,0.000000000000000000e+00,3.589743589743589480e-02,2.051282051282051280e-02,1.538461538461538547e-02,1.538461538461538547e-02,5.128205128205128201e-03,0.000000000000000000e+00,0.000000000000000000e+00,0.000000000000000000e+00,0.000000000000000000e+00,0.000000000000000000e+00,0.000000000000000000e+00,1.025641025641025640e-02,1.025641025641025640e-02,0.000000000000000000e+00,0.000000000000000000e+00,3.589743589743589480e-02,2.051282051282051280e-02,8.717948717948717507e-02,5.128205128205128027e-02,2.564102564102564014e-02,2.051282051282051280e-02,1.025641025641025640e-02,0.000000000000000000e+00,5.128205128205128201e-03,6.666666666666666574e-02,4.102564102564102561e-02,1.538461538461538547e-02,1.025641025641025640e-02,1.025641025641025640e-02,0.000000000000000000e+00,0.000000000000000000e+00,3.589743589743589480e-02,2.051282051282051280e-02,1.538461538461538547e-02,1.538461538461538547e-02,5.128205128205128201e-03,0.000000000000000000e+00,0.000000000000000000e+00,0.000000000000000000e+00,1.025641025641025640e-02,4.615384615384615641e-02,4.102564102564102561e-02,0.000000000000000000e+00,2.564102564102564014e-02,1.025641025641025640e-02,0.000000000000000000e+00,0.000000000000000000e+00,0.000000000000000000e+00,5.128205128205128201e-03,1.025641025641025640e-02,1.025641025641025640e-02,0.000000000000000000e+00,0.000000000000000000e+00
3.875968992248061962e-03,3.875968992248061962e-03,3.875968992248061962e-03,3.875968992248061962e-03,3.875968992248061962e-02,2.325581395348837177e-02,1.550387596899224785e-02,1.550387596899224785e-02,0.000000000000000000e+00,1.937984496124030981e-02,0.000000000000000000e+00,1.162790697674418589e-02,3.875968992248061962e-03,0.000000000000000000e+00,0.000000000000000000e+00,3.875968992248061962e-03,3.488372093023255766e-02,1.162790697674418589e-02,2.325581395348837177e-02,2.325581395348837177e-02,2.325581395348837177e-02,7.751937984496123923e-03,1.162790697674418589e-02,7.751937984496123923e-03,0.000000000000000000e+00,0.000000000000000000e+00,1.550387596899224785e-02,1.162790697674418589e-02,0.000000000000000000e+00,3.875968992248061962e-03,3.875968992248061962e-03,7.751937984496123923e-03,3.875968992248061962e-03,5.426356589147286746e-02,3.100775193798449569e-02,1.937984496124030981e-02,1.937984496124030981e-02,1.162790697674418589e-02,0.000000000000000000e+00,0.000000000000000000e+00,1.937984496124030981e-02,0.000000000000000000e+00,1.162790697674418589e-02,3.875968992248061962e-03,0.000000000000000000e+00,0.000000000000000000e+00,3.875968992248061962e-03,3.488372093023255766e-02,1.162790697674418589e-02,2.325581395348837177e-02,2.325581395348837177e-02,3.100775193798449569e-02,1.550387596899224785e-02,1.162790697674418589e-02,7.751937984496123923e-03,7.751937984496123923e-03,6.589147286821706029e-02,6.589147286821706029e-02,2.325581395348837177e-02,0.000000000000000000e+00,0.000000000000000000e+00,4.651162790697674354e-02,3.100775193798449569e-02,3.875968992248061962e-03,0.000000000000000000e+00,3.875968992248061962e-02,1.550387596899224785e-02,1.550387596899224785e-02,1.550387596899224785e-02
1.923076923076923184e-02,1.923076923076923184e-02,0.000000000000000000e+00,0.000000000000000000e+00,1.923076923076923184e-02,1.923076923076923184e-02,0.000000000000000000e+00,0.000000000000000000e+00,0.000000000000000000e+00,5.769230769230769551e-02,5.769230769230769551e-02,0.000000000000000000e+00,1.923076923076923184e-02,0.000000000000000000e+00,1.923076923076923184e-02,0.000000000000000000e+00,7.692307692307692735e-02,7.692307692307692735e-02,0.000000000000000000e+00,0.000000000000000000e+00,0.000000000000000000e+00,0.000000000000000000e+00,0.000000000000000000e+00,0.000000000000000000e+00,0.000000000000000000e+00,0.000000000000000000e+00,0.000000000000000000e+00,3.846153846153846367e-02,0.000000000000000000e+00,1.923076923076923184e-02,1.923076923076923184e-02,0.000000000000000000e+00,0.000000000000000000e+00,1.923076923076923184e-02,1.923076923076923184e-02,0.000000000000000000e+00,0.000000000000000000e+00,0.000000000000000000e+00,0.000000000000000000e+00,0.000000000000000000e+00,5.769230769230769551e-02,5.769230769230769551e-02,0.000000000000000000e+00,1.923076923076923184e-02,0.000000000000000000e+00,1.923076923076923184e-02,0.000000000000000000e+00,7.692307692307692735e-02,7.692307692307692735e-02,0.000000000000000000e+00,0.000000000000000000e+00,0.000000000000000000e+00,0.000000000000000000e+00,0.000000000000000000e+00,0.000000000000000000e+00,0.000000000000000000e+00,3.846153846153846367e-02,3.846153846153846367e-02,0.000000000000000000e+00,0.000000000000000000e+00,0.000000000000000000e+00,0.000000000000000000e+00,0.000000000000000000e+00,0.000000000000000000e+00,0.000000000000000000e+00,3.846153846153846367e-02,0.000000000000000000e+00,3.846153846153846367e-02,3.846153846153846367e-02
0.000000000000000000e+00,0.000000000000000000e+00,2.222222222222222099e-01,0.000000000000000000e+00,0.000000000000000000e+00,0.000000000000000000e+00,0.000000000000000000e+00,0.000000000000000000e+00,0.000000000000000000e+00,1.111111111111111049e-01,0.000000000000000000e+00,0.000000000000000000e+00,0.000000000000000000e+00,0.000000000000000000e+00,0.000000000000000000e+00,0.000000000000000000e+00,0.000000000000000000e+00,0.000000000000000000e+00,0.000000000000000000e+00,0.000000000000000000e+00,0.000000000000000000e+00,0.000000000000000000e+00,0.000000000000000000e+00,0.000000000000000000e+00,0.000000000000000000e+00,0.000000000000000000e+00,0.000000000000000000e+00,0.000000000000000000e+00,0.000000000000000000e+00,1.111111111111111049e-01,1.111111111111111049e-01,3.333333333333333148e-01,0.000000000000000000e+00,0.000000000000000000e+00,0.000000000000000000e+00,0.000000000000000000e+00,0.000000000000000000e+00,0.000000000000000000e+00,0.000000000000000000e+00,0.000000000000000000e+00,1.111111111111111049e-01,0.000000000000000000e+00,0.000000000000000000e+00,0.000000000000000000e+00,0.000000000000000000e+00,0.000000000000000000e+00,0.000000000000000000e+00,0.000000000000000000e+00,0.000000000000000000e+00,0.000000000000000000e+00,0.000000000000000000e+00,0.000000000000000000e+00,0.000000000000000000e+00,0.000000000000000000e+00,0.000000000000000000e+00,0.000000000000000000e+00,0.000000000000000000e+00,0.000000000000000000e+00,0.000000000000000000e+00,0.000000000000000000e+00,0.000000000000000000e+00,0.000000000000000000e+00,0.000000000000000000e+00,0.000000000000000000e+00,0.000000000000000000e+00,0.000000000000000000e+00,0.000000000000000000e+00,0.000000000000000000e+00,0.000000000000000000e+00
1.612903225806451568e-02,1.209677419354838676e-02,8.064516129032257841e-03,8.064516129032257841e-03,3.225806451612903136e-02,2.016129032258064460e-02,8.064516129032257841e-03,8.064516129032257841e-03,8.064516129032257841e-03,2.016129032258064460e-02,1.209677419354838676e-02,4.032258064516128920e-03,4.435483870967742159e-02,1.209677419354838676e-02,8.064516129032257841e-03,8.064516129032257841e-03,3.225806451612903136e-02,1.612903225806451568e-02,1.612903225806451568e-02,1.612903225806451568e-02,1.612903225806451568e-02,4.032258064516128920e-03,4.032258064516128920e-03,0.000000000000000000e+00,4.032258064516128920e-03,4.032258064516128920e-03,4.032258064516128920e-03,4.032258064516128920e-03,0.000000000000000000e+00,1.612903225806451568e-02,1.209677419354838676e-02,1.612903225806451568e-02,1.209677419354838676e-02,5.241935483870967943e-02,3.225806451612903136e-02,1.209677419354838676e-02,1.209677419354838676e-02,4.032258064516128920e-03,4.032258064516128920e-03,8.064516129032257841e-03,3.629032258064516375e-02,2.016129032258064460e-02,8.064516129032257841e-03,4.435483870967742159e-02,1.209677419354838676e-02,8.064516129032257841e-03,8.064516129032257841e-03,4.032258064516128920e-02,1.612903225806451568e-02,2.016129032258064460e-02,2.016129032258064460e-02,1.612903225806451568e-02,4.032258064516128920e-03,4.032258064516128920e-03,0.000000000000000000e+00,8.064516129032257841e-03,4.838709677419354704e-02,4.435483870967742159e-02,1.209677419354838676e-02,2.016129032258064460e-02,4.032258064516128920e-03,8.064516129032257841e-03,8.064516129032257841e-03,4.032258064516128920e-03,1.612903225806451568e-02,2.016129032258064460e-02,4.032258064516128920e-03,8.064516129032257841e-03,4.032258064516128920e-03
0.000000000000000000e+00,0.000000000000000000e+00,1.149425287356321823e-02,1.149425287356321823e-02,0.000000000000000000e+00,0.000000000000000000e+00,0.000000000000000000e+00,0.000000000000000000e+00,0.000000000000000000e+00,3.448275862068965469e-02,3.448275862068965469e-02,0.000000000000000000e+00,4.597701149425287293e-02,1.149425287356321823e-02,1.149425287356321823e-02,2.298850574712643646e-02,6.896551724137930939e-02,6.896551724137930939e-02,0.000000000000000000e+00,0.000000000000000000e+00,3.448275862068965469e-02,2.298850574712643646e-02,1.149425287356321823e-02,1.149425287356321823e-02,0.000000000000000000e+00,0.000000000000000000e+00,0.000000000000000000e+00,1.149425287356321823e-02,1.149425287356321823e-02,0.000000000000000000e+00,0.000000000000000000e+00,1.149425287356321823e-02,1.149425287356321823e-02,0.000000000000000000e+00,0.000000000000000000e+00,0.000000000000000000e+00,0.000000000000000000e+00,0.000000000000000000e+00,0.000000000000000000e+00,0.000000000000000000e+00,3.448275862068965469e-02,3.448275862068965469e-02,0.000000000000000000e+00,4.597701149425287293e-02,1.149425287356321823e-02,1.149425287356321823e-02,2.298850574712643646e-02,8.045977011494252762e-02,8.045977011494252762e-02,0.000000000000000000e+00,0.000000000000000000e+00,3.448275862068965469e-02,2.298850574712643646e-02,1.149425287356321823e-02,1.149425287356321823e-02,0.000000000000000000e+00,0.000000000000000000e+00,0.000000000000000000e+00,0.000000000000000000e+00,1.149425287356321823e-02,0.000000000000000000e+00,2.298850574712643646e-02,1.149425287356321823e-02,1.149425287356321823e-02,0.000000000000000000e+00,4.597701149425287293e-02,4.597701149425287293e-02,0.000000000000000000e+00,0.000000000000000000e+00
1.223776223776223797e-02,1.048951048951048994e-02,3.496503496503496500e-03,1.748251748251748250e-03,5.769230769230769551e-02,3.146853146853147154e-02,2.097902097902097987e-02,1.923076923076923184e-02,0.000000000000000000e+00,8.741258741258741902e-03,0.000000000000000000e+00,5.244755244755244968e-03,3.496503496503496500e-03,0.000000000000000000e+00,0.000000000000000000e+00,3.496503496503496500e-03,6.993006993006993001e-03,0.000000000000000000e+00,6.993006993006993001e-03,6.993006993006993001e-03,1.573426573426573577e-02,6.993006993006993001e-03,1.748251748251748250e-03,0.000000000000000000e+00,1.398601398601398600e-02,1.398601398601398600e-02,3.496503496503496500e-03,3.496503496503496500e-03,0.000000000000000000e+00,1.398601398601398600e-02,1.223776223776223797e-02,3.496503496503496500e-03,1.748251748251748250e-03,8.741258741258740861e-02,3.846153846153846367e-02,3.846153846153846367e-02,2.972027972027972004e-02,1.048951048951048994e-02,1.748251748251748250e-03,0.000000000000000000e+00,1.048951048951048994e-02,0.000000000000000000e+00,6.993006993006993001e-03,3.496503496503496500e-03,0.000000000000000000e+00,0.000000000000000000e+00,3.496503496503496500e-03,1.573426573426573577e-02,0.000000000000000000e+00,1.573426573426573577e-02,1.398601398601398600e-02,2.622377622377622397e-02,1.398601398601398600e-02,3.496503496503496500e-03,0.000000000000000000e+00,1.048951048951048994e-02,1.171328671328671356e-01,8.741258741258740861e-02,1.223776223776223797e-02,1.223776223776223797e-02,8.741258741258741902e-03,2.447552447552447594e-02,1.923076923076923184e-02,0.000000000000000000e+00,5.244755244755244968e-03,4.020979020979020824e-02,0.000000000000000000e+00,3.146853146853147154e-02,2.097902097902097987e-02
4.761904761904761640e-02,4.761904761904761640e-02,4.761904761904761640e-02,4.761904761904761640e-02,0.000000000000000000e+00,0.000000000000000000e+00,0.000000000000000000e+00,0.000000000000000000e+00,0.000000000000000000e+00,0.000000000000000000e+00,0.000000000000000000e+00,0.000000000000000000e+00,0.000000000000000000e+00,0.000000000000000000e+00,0.000000000000000000e+00,0.000000000000000000e+00,4.761904761904761640e-02,0.000000000000000000e+00,4.761904761904761640e-02,4.761904761904761640e-02,4.761904761904761640e-02,4.761904761904761640e-02,0.000000000000000000e+00,0.000000000000000000e+00,0.000000000000000000e+00,0.000000000000000000e+00,0.000000000000000000e+00,0.000000000000000000e+00,0.000000000000000000e+00,4.761904761904761640e-02,4.761904761904761640e-02,4.761904761904761640e-02,4.761904761904761640e-02,0.000000000000000000e+00,0.000000000000000000e+00,0.000000000000000000e+00,0.000000000000000000e+00,0.000000000000000000e+00,0.000000000000000000e+00,0.000000000000000000e+00,0.000000000000000000e+00,0.000000000000000000e+00,0.000000000000000000e+00,0.000000000000000000e+00,0.000000000000000000e+00,0.000000000000000000e+00,0.000000000000000000e+00,4.761904761904761640e-02,0.000000000000000000e+00,4.761904761904761640e-02,4.761904761904761640e-02,4.761904761904761640e-02,4.761904761904761640e-02,0.000000000000000000e+00,0.000000000000000000e+00,0.000000000000000000e+00,4.761904761904761640e-02,4.761904761904761640e-02,0.000000000000000000e+00,0.000000000000000000e+00,0.000000000000000000e+00,4.761904761904761640e-02,0.000000000000000000e+00,0.000000000000000000e+00,0.000000000000000000e+00,0.000000000000000000e+00,0.000000000000000000e+00,0.000000000000000000e+00,0.000000000000000000e+00
0.000000000000000000e+00,0.000000000000000000e+00,6.896551724137930939e-03,0.000000000000000000e+00,4.827586206896551657e-02,3.448275862068965469e-02,1.379310344827586188e-02,6.896551724137930939e-03,0.000000000000000000e+00,4.137931034482758563e-02,1.379310344827586188e-02,2.068965517241379282e-02,2.758620689655172376e-02,2.068965517241379282e-02,6.896551724137930939e-03,0.000000000000000000e+00,2.068965517241379282e-02,6.896551724137930939e-03,6.896551724137930939e-03,6.896551724137930939e-03,1.379310344827586188e-02,0.000000000000000000e+00,0.000000000000000000e+00,0.000000000000000000e+00,0.000000000000000000e+00,0.000000000000000000e+00,0.000000000000000000e+00,6.896551724137930939e-03,6.896551724137930939e-03,0.000000000000000000e+00,0.000000000000000000e+00,3.448275862068965469e-02,1.379310344827586188e-02,1.034482758620689641e-01,6.896551724137930939e-02,3.448275862068965469e-02,1.379310344827586188e-02,6.896551724137930939e-03,0.000000000000000000e+00,0.000000000000000000e+00,4.827586206896551657e-02,1.379310344827586188e-02,2.068965517241379282e-02,3.448275862068965469e-02,2.068965517241379282e-02,6.896551724137930939e-03,6.896551724137930939e-03,3.448275862068965469e-02,1.379310344827586188e-02,1.379310344827586188e-02,6.896551724137930939e-03,2.068965517241379282e-02,0.000000000000000000e+00,0.000000000000000000e+00,0.000000000000000000e+00,0.000000000000000000e+00,6.206896551724137845e-02,2.758620689655172376e-02,6.896551724137930939e-03,2.758620689655172376e-02,1.379310344827586188e-02,1.379310344827586188e-02,0.000000000000000000e+00,0.000000000000000000e+00,6.896551724137930939e-03,6.896551724137930939e-03,6.896551724137930939e-03,0.000000000000000000e+00,0.000000000000000000e+00
1.273885350318471402e-02,1.273885350318471402e-02,1.273885350318471402e-02,1.061571125265392719e-02,4.033970276008492367e-02,1.698513800424628420e-02,1.486199575371549911e-02,1.273885350318471402e-02,0.000000000000000000e+00,3.821656050955413858e-02,1.486199575371549911e-02,1.486199575371549911e-02,3.184713375796178331e-02,1.273885350318471402e-02,1.486199575371549911e-02,2.123142250530785525e-03,1.910828025477706929e-02,1.698513800424628420e-02,2.123142250530785525e-03,0.000000000000000000e+00,8.492569002123142100e-03,0.000000000000000000e+00,2.123142250530785525e-03,2.123142250530785525e-03,6.369426751592357008e-03,6.369426751592357008e-03,0.000000000000000000e+00,1.061571125265392719e-02,6.369426751592357008e-03,1.273885350318471402e-02,1.273885350318471402e-02,2.123142250530785438e-02,1.698513800424628420e-02,7.006369426751592189e-02,2.972399150743099822e-02,2.547770700636942803e-02,2.123142250530785438e-02,8.492569002123142100e-03,0.000000000000000000e+00,0.000000000000000000e+00,4.670912951167727895e-02,1.698513800424628420e-02,1.698513800424628420e-02,4.033970276008492367e-02,1.486199575371549911e-02,1.910828025477706929e-02,2.123142250530785525e-03,2.760084925690021312e-02,1.698513800424628420e-02,4.246284501061571050e-03,2.123142250530785525e-03,1.273885350318471402e-02,2.123142250530785525e-03,4.246284501061571050e-03,4.246284501061571050e-03,6.369426751592357008e-03,5.520169851380042625e-02,4.033970276008492367e-02,1.486199575371549911e-02,1.061571125265392719e-02,6.369426751592357008e-03,6.369426751592357008e-03,2.123142250530785525e-03,0.000000000000000000e+00,1.061571125265392719e-02,2.547770700636942803e-02,1.273885350318471402e-02,8.492569002123142100e-03,6.369426751592357008e-03
0.000000000000000000e+00,0.000000000000000000e+00,2.222222222222222307e-02,2.222222222222222307e-02,6.666666666666666574e-02,6.666666666666666574e-02,0.000000000000000000e+00,0.000000000000000000e+00,0.000000000000000000e+00,8.888888888888889228e-02,4.444444444444444614e-02,2.222222222222222307e-02,2.222222222222222307e-02,0.000000000000000000e+00,2.222222222222222307e-02,0.000000000000000000e+00,4.444444444444444614e-02,4.444444444444444614e-02,0.000000000000000000e+00,0.000000000000000000e+00,0.000000000000000000e+00,0.000000000000000000e+00,0.000000000000000000e+00,0.000000000000000000e+00,0.000000000000000000e+00,0.000000000000000000e+00,0.000000000000000000e+00,0.000000000000000000e+00,0.000000000000000000e+00,0.000000000000000000e+00,0.000000000000000000e+00,2.222222222222222307e-02,2.222222222222222307e-02,8.888888888888889228e-02,8.888888888888889228e-02,0.000000000000000000e+00,0.000000000000000000e+00,2.222222222222222307e-02,0.000000000000000000e+00,0.000000000000000000e+00,8.888888888888889228e-02,4.444444444444444614e-02,2.222222222222222307e-02,2.222222222222222307e-02,0.000000000000000000e+00,2.222222222222222307e-02,0.000000000000000000e+00,4.444444444444444614e-02,4.444444444444444614e-02,0.000000000000000000e+00,0.000000000000000000e+00,0.000000000000000000e+00,0.000000000000000000e+00,0.000000000000000000e+00,0.000000000000000000e+00,0.000000000000000000e+00,0.000000000000000000e+00,0.000000000000000000e+00,0.000000000000000000e+00,0.000000000000000000e+00,0.000000000000000000e+00,0.000000000000000000e+00,0.000000000000000000e+00,0.000000000000000000e+00,0.000000000000000000e+00,0.000000000000000000e+00,0.000000000000000000e+00,0.000000000000000000e+00,0.000000000000000000e+00
0.000000000000000000e+00,0.000000000000000000e+00,0.000000000000000000e+00,0.000000000000000000e+00,7.142857142857142461e-02,0.000000000000000000e+00,0.000000000000000000e+00,0.000000000000000000e+00,0.000000000000000000e+00,0.000000000000000000e+00,0.000000000000000000e+00,0.000000000000000000e+00,0.000000000000000000e+00,0.000000000000000000e+00,0.000000000000000000e+00,0.000000000000000000e+00,7.142857142857142461e-02,7.142857142857142461e-02,0.000000000000000000e+00,0.000000000000000000e+00,7.142857142857142461e-02,0.000000000000000000e+00,7.142857142857142461e-02,7.142857142857142461e-02,0.000000000000000000e+00,0.000000000000000000e+00,0.000000000000000000e+00,0.000000000000000000e+00,0.000000000000000000e+00,0.000000000000000000e+00,0.000000000000000000e+00,0.000000000000000000e+00,0.000000000000000000e+00,7.142857142857142461e-02,0.000000000000000000e+00,0.000000000000000000e+00,0.000000000000000000e+00,0.000000000000000000e+00,0.000000000000000000e+00,0.000000000000000000e+00,0.000000000000000000e+00,0.000000000000000000e+00,0.000000000000000000e+00,0.000000000000000000e+00,0.000000000000000000e+00,0.000000000000000000e+00,0.000000000000000000e+00,7.142857142857142461e-02,7.142857142857142461e-02,0.000000000000000000e+00,0.000000000000000000e+00,7.142857142857142461e-02,0.000000000000000000e+00,7.142857142857142461e-02,7.142857142857142461e-02,0.000000000000000000e+00,0.000000000000000000e+00,0.000000000000000000e+00,0.000000000000000000e+00,0.000000000000000000e+00,0.000000000000000000e+00,0.000000000000000000e+00,0.000000000000000000e+00,0.000000000000000000e+00,0.000000000000000000e+00,7.142857142857142461e-02,7.142857142857142461e-02,0.000000000000000000e+00,0.000000000000000000e+00
0.000000000000000000e+00,0.000000000000000000e+00,9.803921568627450844e-02,9.803921568627450844e-02,0.000000000000000000e+00,0.000000000000000000e+00,0.000000000000000000e+00,0.000000000000000000e+00,0.000000000000000000e+00,9.803921568627450844e-02,1.960784313725490169e-02,1.960784313725490169e-02,1.960784313725490169e-02,1.960784313725490169e-02,0.000000000000000000e+00,0.000000000000000000e+00,0.000000000000000000e+00,0.000000000000000000e+00,0.000000000000000000e+00,0.000000000000000000e+00,0.000000000000000000e+00,0.000000000000000000e+00,0.000000000000000000e+00,0.000000000000000000e+00,0.000000000000000000e+00,0.000000000000000000e+00,0.000000000000000000e+00,0.000000000000000000e+00,0.000000000000000000e+00,0.000000000000000000e+00,0.000000000000000000e+00,1.764705882352941291e-01,1.568627450980392135e-01,3.921568627450980338e-02,3.921568627450980338e-02,0.000000000000000000e+00,0.000000000000000000e+00,0.000000000000000000e+00,0.000000000000000000e+00,0.000000000000000000e+00,9.803921568627450844e-02,1.960784313725490169e-02,1.960784313725490169e-02,1.960784313725490169e-02,1.960784313725490169e-02,0.000000000000000000e+00,0.000000000000000000e+00,0.000000000000000000e+00,0.000000000000000000e+00,0.000000000000000000e+00,0.000000000000000000e+00,0.000000000000000000e+00,0.000000000000000000e+00,0.000000000000000000e+00,0.000000000000000000e+00,0.000000000000000000e+00,0.000000000000000000e+00,0.000000000000000000e+00,0.000000000000000000e+00,1.960784313725490169e-02,1.960784313725490169e-02,0.000000000000000000e+00,0.000000000000000000e+00,0.000000000000000000e+00,0.000000000000000000e+00,0.000000000000000000e+00,0.000000000000000000e+00,0.000000000000000000e+00,0.000000000000000000e+00
0.000000000000000000e+00,0.000000000000000000e+00,0.000000000000000000e+00,0.000000000000000000e+00,0.000000000000000000e+00,0.000000000000000000e+00,0.000000000000000000e+00,0.000000000000000000e+00,0.000000000000000000e+00,5.263157894736841813e-02,4.511278195488721554e-02,0.000000000000000000e+00,5.263157894736841813e-02,2.255639097744360777e-02,1.503759398496240518e-02,1.503759398496240518e-02,6.015037593984962072e-02,6.015037593984962072e-02,0.000000000000000000e+00,0.000000000000000000e+00,3.759398496240601295e-02,1.503759398496240518e-02,7.518796992481202590e-03,7.518796992481202590e-03,0.000000000000000000e+00,0.000000000000000000e+00,7.518796992481202590e-03,1.503759398496240518e-02,1.503759398496240518e-02,0.000000000000000000e+00,0.000000000000000000e+00,0.000000000000000000e+00,0.000000000000000000e+00,0.000000000000000000e+00,0.000000000000000000e+00,0.000000000000000000e+00,0.000000000000000000e+00,0.000000000000000000e+00,0.000000000000000000e+00,0.000000000000000000e+00,5.263157894736841813e-02,4.511278195488721554e-02,0.000000000000000000e+00,7.518796992481202590e-02,2.255639097744360777e-02,2.255639097744360777e-02,2.255639097744360777e-02,6.015037593984962072e-02,6.015037593984962072e-02,0.000000000000000000e+00,0.000000000000000000e+00,3.759398496240601295e-02,1.503759398496240518e-02,7.518796992481202590e-03,7.518796992481202590e-03,0.000000000000000000e+00,0.000000000000000000e+00,0.000000000000000000e+00,0.000000000000000000e+00,2.255639097744360777e-02,0.000000000000000000e+00,3.759398496240601295e-02,7.518796992481202590e-03,7.518796992481202590e-03,7.518796992481202590e-03,3.007518796992481036e-02,3.007518796992481036e-02,0.000000000000000000e+00,0.000000000000000000e+00
0.000000000000000000e+00,0.000000000000000000e+00,5.361930294906166322e-03,0.000000000000000000e+00,6.970509383378016566e-02,2.412868632707774671e-02,3.485254691689008283e-02,3.485254691689008283e-02,0.000000000000000000e+00,8.042895442359249483e-03,0.000000000000000000e+00,8.042895442359249483e-03,5.361930294906166322e-03,2.680965147453083161e-03,0.000000000000000000e+00,2.680965147453083161e-03,8.042895442359249483e-03,2.680965147453083161e-03,2.680965147453083161e-03,2.680965147453083161e-03,4.289544235924933058e-02,5.361930294906166322e-03,1.876675603217158039e-02,0.000000000000000000e+00,5.361930294906166322e-03,5.361930294906166322e-03,5.361930294906166322e-03,0.000000000000000000e+00,0.000000000000000000e+00,0.000000000000000000e+00,0.000000000000000000e+00,5.361930294906166322e-03,0.000000000000000000e+00,1.286863270777479917e-01,5.093833780160857833e-02,5.361930294906166322e-02,4.557640750670241547e-02,0.000000000000000000e+00,0.000000000000000000e+00,0.000000000000000000e+00,8.042895442359249483e-03,0.000000000000000000e+00,8.042895442359249483e-03,5.361930294906166322e-03,2.680965147453083161e-03,0.000000000000000000e+00,2.680965147453083161e-03,8.042895442359249483e-03,2.680965147453083161e-03,2.680965147453083161e-03,2.680965147453083161e-03,5.093833780160857833e-02,5.361930294906166322e-03,1.876675603217158039e-02,0.000000000000000000e+00,2.412868632707774671e-02,8.847184986595174605e-02,7.506702412868632157e-02,2.680965147453083161e-03,1.876675603217158039e-02,1.608579088471849897e-02,1.608579088471849897e-02,8.042895442359249483e-03,0.000000000000000000e+00,5.361930294906166322e-03,1.876675603217158039e-02,0.000000000000000000e+00,1.608579088471849897e-02,1.340482573726541581e-02
0.000000000000000000e+00,0.000000000000000000e+00,5.347593582887700224e-03,5.347593582887700224e-03,3.208556149732620655e-02,2.673796791443850199e-02,0.000000000000000000e+00,0.000000000000000000e+00,0.000000000000000000e+00,8.556149732620320358e-02,5.882352941176470507e-02,2.139037433155080090e-02,3.743315508021390070e-02,1.604278074866310327e-02,1.069518716577540045e-02,5.347593582887700224e-03,3.208556149732620655e-02,1.604278074866310327e-02,5.347593582887700224e-03,5.347593582887700224e-03,1.604278074866310327e-02,0.000000000000000000e+00,1.069518716577540045e-02,1.069518716577540045e-02,0.000000000000000000e+00,0.000000000000000000e+00,0.000000000000000000e+00,0.000000000000000000e+00,0.000000000000000000e+00,0.000000000000000000e+00,0.000000000000000000e+00,1.069518716577540045e-02,5.347593582887700224e-03,5.347593582887700397e-02,4.812834224598930288e-02,0.000000000000000000e+00,0.000000000000000000e+00,1.069518716577540045e-02,0.000000000000000000e+00,0.000000000000000000e+00,9.625668449197860577e-02,6.417112299465241310e-02,2.139037433155080090e-02,4.812834224598930288e-02,2.139037433155080090e-02,1.069518716577540045e-02,5.347593582887700224e-03,3.208556149732620655e-02,1.604278074866310327e-02,5.347593582887700224e-03,5.347593582887700224e-03,1.604278074866310327e-02,0.000000000000000000e+00,1.069518716577540045e-02,1.069518716577540045e-02,1.604278074866310327e-02,5.347593582887700224e-03,5.347593582887700224e-03,5.347593582887700224e-03,0.000000000000000000e+00,0.000000000000000000e+00,1.069518716577540045e-02,1.069518716577540045e-02,1.069518716577540045e-02,1.604278074866310327e-02,1.604278074866310327e-02,1.069518716577540045e-02,0.000000000000000000e+00,0.000000000000000000e+00
0.000000000000000000e+00,0.000000000000000000e+00,0.000000000000000000e+00,0.000000000000000000e+00,0.000000000000000000e+00,0.000000000000000000e+00,0.000000000000000000e+00,0.000000000000000000e+00,0.000000000000000000e+00,9.677419354838709409e-02,9.677419354838709409e-02,0.000000000000000000e+00,9.677419354838709409e-02,3.225806451612903136e-02,6.451612903225806273e-02,0.000000000000000000e+00,3.225806451612903136e-02,3.225806451612903136e-02,0.000000000000000000e+00,0.000000000000000000e+00,0.000000000000000000e+00,0.000000000000000000e+00,0.000000000000000000e+00,0.000000000000000000e+00,0.000000000000000000e+00,0.000000000000000000e+00,0.000000000000000000e+00,0.000000000000000000e+00,0.000000000000000000e+00,0.000000000000000000e+00,0.000000000000000000e+00,3.225806451612903136e-02,3.225806451612903136e-02,0.000000000000000000e+00,0.000000000000000000e+00,0.000000000000000000e+00,0.000000000000000000e+00,0.000000000000000000e+00,0.000000000000000000e+00,0.000000000000000000e+00,9.677419354838709409e-02,9.677419354838709409e-02,0.000000000000000000e+00,9.677419354838709409e-02,3.225806451612903136e-02,6.451612903225806273e-02,0.000000000000000000e+00,3.225806451612903136e-02,3.225806451612903136e-02,0.000000000000000000e+00,0.000000000000000000e+00,0.000000000000000000e+00,0.000000000000000000e+00,0.000000000000000000e+00,0.000000000000000000e+00,0.000000000000000000e+00,0.000000000000000000e+00,0.000000000000000000e+00,0.000000000000000000e+00,3.225806451612903136e-02,0.000000000000000000e+00,0.000000000000000000e+00,0.000000000000000000e+00,0.000000000000000000e+00,0.000000000000000000e+00,0.000000000000000000e+00,0.000000000000000000e+00,0.000000000000000000e+00,0.000000000000000000e+00
5.000000000000000000e-01,0.000000000000000000e+00,0.000000000000000000e+00,0.000000000000000000e+00,0.000000000000000000e+00,0.000000000000000000e+00,0.000000000000000000e+00,0.000000000000000000e+00,0.000000000000000000e+00,0.000000000000000000e+00,0.000000000000000000e+00,0.000000000000000000e+00,0.000000000000000000e+00,0.000000000000000000e+00,0.000000000000000000e+00,0.000000000000000000e+00,0.000000000000000000e+00,0.000000000000000000e+00,0.000000000000000000e+00,0.000000000000000000e+00,0.000000000000000000e+00,0.000000000000000000e+00,0.000000000000000000e+00,0.000000000000000000e+00,0.000000000000000000e+00,0.000000000000000000e+00,0.000000000000000000e+00,0.000000000000000000e+00,0.000000000000000000e+00,5.000000000000000000e-01,0.000000000000000000e+00,0.000000000000000000e+00,0.000000000000000000e+00,0.000000000000000000e+00,0.000000000000000000e+00,0.000000000000000000e+00,0.000000000000000000e+00,0.000000000000000000e+00,0.000000000000000000e+00,0.000000000000000000e+00,0.000000000000000000e+00,0.000000000000000000e+00,0.000000000000000000e+00,0.000000000000000000e+00,0.000000000000000000e+00,0.000000000000000000e+00,0.000000000000000000e+00,0.000000000000000000e+00,0.000000000000000000e+00,0.000000000000000000e+00,0.000000000000000000e+00,0.000000000000000000e+00,0.000000000000000000e+00,0.000000000000000000e+00,0.000000000000000000e+00,0.000000000000000000e+00,0.000000000000000000e+00,0.000000000000000000e+00,0.000000000000000000e+00,0.000000000000000000e+00,0.000000000000000000e+00,0.000000000000000000e+00,0.000000000000000000e+00,0.000000000000000000e+00,0.000000000000000000e+00,0.000000000000000000e+00,0.000000000000000000e+00,0.000000000000000000e+00,0.000000000000000000e+00
0.000000000000000000e+00,0.000000000000000000e+00,2.040816326530612082e-02,1.530612244897959148e-02,8.163265306122448328e-02,5.102040816326530726e-02,3.061224489795918297e-02,3.061224489795918297e-02,0.000000000000000000e+00,2.040816326530612082e-02,0.000000000000000000e+00,2.040816326530612082e-02,0.000000000000000000e+00,0.000000000000000000e+00,0.000000000000000000e+00,0.000000000000000000e+00,2.551020408163265363e-02,0.000000000000000000e+00,2.040816326530612082e-02,1.530612244897959148e-02,5.102040816326530205e-03,0.000000000000000000e+00,0.000000000000000000e+00,0.000000000000000000e+00,1.530612244897959148e-02,1.530612244897959148e-02,0.000000000000000000e+00,0.000000000000000000e+00,0.000000000000000000e+00,0.000000000000000000e+00,0.000000000000000000e+00,2.551020408163265363e-02,2.040816326530612082e-02,1.071428571428571369e-01,7.142857142857142461e-02,3.571428571428571230e-02,3.571428571428571230e-02,1.020408163265306041e-02,0.000000000000000000e+00,0.000000000000000000e+00,2.551020408163265363e-02,0.000000000000000000e+00,2.040816326530612082e-02,5.102040816326530205e-03,0.000000000000000000e+00,0.000000000000000000e+00,5.102040816326530205e-03,3.061224489795918297e-02,0.000000000000000000e+00,2.551020408163265363e-02,2.040816326530612082e-02,1.020408163265306041e-02,0.000000000000000000e+00,0.000000000000000000e+00,0.000000000000000000e+00,5.102040816326530205e-03,7.653061224489796088e-02,7.142857142857142461e-02,0.000000000000000000e+00,5.102040816326530205e-03,0.000000000000000000e+00,0.000000000000000000e+00,0.000000000000000000e+00,0.000000000000000000e+00,1.530612244897959148e-02,5.102040816326530205e-03,5.102040816326530205e-03,0.000000000000000000e+00,0.000000000000000000e+00
0.000000000000000000e+00,0.000000000000000000e+00,3.012048192771084494e-03,3.012048192771084494e-03,3.313253012048193030e-02,2.409638554216867595e-02,9.036144578313252615e-03,9.036144578313252615e-03,0.000000000000000000e+00,6.024096385542168988e-03,3.012048192771084494e-03,0.000000000000000000e+00,4.518072289156626481e-02,1.204819277108433798e-02,3.012048192771084494e-03,1.204819277108433798e-02,5.421686746987951916e-02,3.915662650602409756e-02,1.204819277108433798e-02,1.204819277108433798e-02,3.313253012048193030e-02,6.024096385542168988e-03,1.204819277108433798e-02,9.036144578313252615e-03,6.024096385542168988e-03,6.024096385542168988e-03,3.012048192771084494e-03,9.036144578313252615e-03,6.024096385542168988e-03,0.000000000000000000e+00,0.000000000000000000e+00,6.024096385542168988e-03,6.024096385542168988e-03,3.614457831325301046e-02,2.409638554216867595e-02,9.036144578313252615e-03,9.036144578313252615e-03,2.108433734939758886e-02,0.000000000000000000e+00,0.000000000000000000e+00,9.036144578313252615e-03,6.024096385542168988e-03,0.000000000000000000e+00,5.722891566265059932e-02,1.204819277108433798e-02,6.024096385542168988e-03,1.506024096385542160e-02,6.626506024096386060e-02,5.120481927710843206e-02,1.204819277108433798e-02,1.204819277108433798e-02,3.614457831325301046e-02,9.036144578313252615e-03,1.204819277108433798e-02,9.036144578313252615e-03,6.024096385542168988e-03,3.313253012048193030e-02,3.313253012048193030e-02,3.012048192771084494e-03,9.036144578313252615e-03,0.000000000000000000e+00,2.108433734939758886e-02,6.024096385542168988e-03,6.024096385542168988e-03,2.409638554216867595e-02,3.012048192771084321e-02,2.108433734939758886e-02,6.024096385542168988e-03,6.024096385542168988e-03
7.633587786259541687e-03,7.633587786259541687e-03,0.000000000000000000e+00,0.000000000000000000e+00,0.000000000000000000e+00,0.000000000000000000e+00,0.000000000000000000e+00,0.000000000000000000e+00,0.000000000000000000e+00,3.816793893129771104e-02,2.290076335877862593e-02,1.526717557251908337e-02,3.816793893129771104e-02,0.000000000000000000e+00,1.526717557251908337e-02,1.526717557251908337e-02,5.343511450381679267e-02,5.343511450381679267e-02,0.000000000000000000e+00,0.000000000000000000e+00,3.816793893129771104e-02,0.000000000000000000e+00,3.053435114503816675e-02,3.053435114503816675e-02,0.000000000000000000e+00,0.000000000000000000e+00,0.000000000000000000e+00,2.290076335877862593e-02,2.290076335877862593e-02,2.290076335877862593e-02,2.290076335877862593e-02,0.000000000000000000e+00,0.000000000000000000e+00,1.526717557251908337e-02,1.526717557251908337e-02,0.000000000000000000e+00,0.000000000000000000e+00,0.000000000000000000e+00,0.000000000000000000e+00,0.000000000000000000e+00,3.816793893129771104e-02,2.290076335877862593e-02,1.526717557251908337e-02,3.816793893129771104e-02,0.000000000000000000e+00,1.526717557251908337e-02,1.526717557251908337e-02,5.343511450381679267e-02,5.343511450381679267e-02,0.000000000000000000e+00,0.000000000000000000e+00,3.816793893129771104e-02,0.000000000000000000e+00,3.053435114503816675e-02,3.053435114503816675e-02,0.000000000000000000e+00,7.633587786259541687e-03,7.633587786259541687e-03,0.000000000000000000e+00,1.526717557251908337e-02,0.000000000000000000e+00,7.633587786259541687e-03,0.000000000000000000e+00,0.000000000000000000e+00,0.000000000000000000e+00,6.106870229007633349e-02,6.106870229007633349e-02,0.000000000000000000e+00,0.000000000000000000e+00
4.907975460122699501e-02,4.907975460122699501e-02,0.000000000000000000e+00,0.000000000000000000e+00,0.000000000000000000e+00,0.000000000000000000e+00,0.000000000000000000e+00,0.000000000000000000e+00,6.134969325153374377e-03,4.907975460122699501e-02,4.907975460122699501e-02,0.000000000000000000e+00,1.226993865030674875e-02,0.000000000000000000e+00,6.134969325153374377e-03,0.000000000000000000e+00,4.294478527607362150e-02,4.294478527607362150e-02,0.000000000000000000e+00,0.000000000000000000e+00,2.453987730061349751e-02,6.134969325153374377e-03,1.840490797546012400e-02,1.840490797546012400e-02,0.000000000000000000e+00,0.000000000000000000e+00,0.000000000000000000e+00,1.226993865030674875e-02,1.226993865030674875e-02,6.134969325153374203e-02,6.134969325153374203e-02,0.000000000000000000e+00,0.000000000000000000e+00,0.000000000000000000e+00,0.000000000000000000e+00,0.000000000000000000e+00,0.000000000000000000e+00,0.000000000000000000e+00,1.840490797546012400e-02,6.134969325153374377e-03,5.521472392638036852e-02,5.521472392638036852e-02,0.000000000000000000e+00,1.840490797546012400e-02,0.000000000000000000e+00,6.134969325153374377e-03,6.134969325153374377e-03,4.294478527607362150e-02,4.294478527607362150e-02,0.000000000000000000e+00,0.000000000000000000e+00,3.680981595092024800e-02,1.226993865030674875e-02,2.453987730061349751e-02,2.453987730061349751e-02,0.000000000000000000e+00,6.134969325153374377e-03,6.134969325153374377e-03,0.000000000000000000e+00,1.226993865030674875e-02,0.000000000000000000e+00,1.840490797546012400e-02,0.000000000000000000e+00,0.000000000000000000e+00,1.226993865030674875e-02,3.680981595092024800e-02,3.680981595092024800e-02,0.000000000000000000e+00,0.000000000000000000e+00
3.196347031963470142e-02,2.739726027397260122e-02,0.000000000000000000e+00,0.000000000000000000e+00,4.109589041095890183e-02,0.000000000000000000e+00,4.109589041095890183e-02,4.109589041095890183e-02,4.566210045662100203e-03,1.826484018264840081e-02,4.566210045662100203e-03,9.132420091324200406e-03,1.369863013698630061e-02,0.000000000000000000e+00,9.132420091324200406e-03,4.566210045662100203e-03,9.132420091324200406e-03,4.566210045662100203e-03,0.000000000000000000e+00,0.000000000000000000e+00,1.369863013698630061e-02,0.000000000000000000e+00,4.566210045662100203e-03,0.000000000000000000e+00,3.652968036529680163e-02,3.652968036529680163e-02,0.000000000000000000e+00,0.000000000000000000e+00,0.000000000000000000e+00,3.652968036529680163e-02,3.196347031963470142e-02,0.000000000000000000e+00,0.000000000000000000e+00,5.022831050228310223e-02,0.000000000000000000e+00,5.022831050228310223e-02,4.566210045662100203e-02,4.566210045662100203e-03,4.566210045662100203e-03,4.566210045662100203e-03,1.826484018264840081e-02,4.566210045662100203e-03,9.132420091324200406e-03,1.369863013698630061e-02,0.000000000000000000e+00,9.132420091324200406e-03,4.566210045662100203e-03,1.369863013698630061e-02,4.566210045662100203e-03,4.566210045662100203e-03,4.566210045662100203e-03,1.369863013698630061e-02,0.000000000000000000e+00,4.566210045662100203e-03,0.000000000000000000e+00,0.000000000000000000e+00,1.187214611872146053e-01,1.141552511415525051e-01,9.132420091324200406e-03,0.000000000000000000e+00,0.000000000000000000e+00,0.000000000000000000e+00,0.000000000000000000e+00,0.000000000000000000e+00,4.566210045662100203e-03,2.283105022831050102e-02,0.000000000000000000e+00,2.283105022831050102e-02,2.283105022831050102e-02
1.108033240997229919e-02,8.310249307479224828e-03,1.385041551246537356e-02,5.540166204986149597e-03,4.432132963988919677e-02,0.000000000000000000e+00,4.155124653739612067e-02,3.878116343490304457e-02,2.770083102493074798e-03,1.939058171745152229e-02,0.000000000000000000e+00,1.385041551246537356e-02,1.662049861495844966e-02,5.540166204986149597e-03,2.770083102493074798e-03,8.310249307479224828e-03,1.385041551246537356e-02,0.000000000000000000e+00,8.310249307479224828e-03,5.540166204986149597e-03,0.000000000000000000e+00,0.000000000000000000e+00,0.000000000000000000e+00,0.000000000000000000e+00,0.000000000000000000e+00,0.000000000000000000e+00,0.000000000000000000e+00,0.000000000000000000e+00,0.000000000000000000e+00,1.385041551246537356e-02,8.310249307479224828e-03,2.493074792243767449e-02,1.108033240997229919e-02,8.864265927977839354e-02,2.770083102493074798e-03,7.202216066481995083e-02,6.648199445983379863e-02,2.216066481994459839e-02,8.310249307479224828e-03,2.770083102493074798e-03,3.047091412742382321e-02,0.000000000000000000e+00,1.385041551246537356e-02,2.216066481994459839e-02,8.310249307479224828e-03,5.540166204986149597e-03,8.310249307479224828e-03,1.385041551246537356e-02,0.000000000000000000e+00,8.310249307479224828e-03,5.540166204986149597e-03,0.000000000000000000e+00,0.000000000000000000e+00,0.000000000000000000e+00,0.000000000000000000e+00,2.216066481994459839e-02,9.972299168975069794e-02,9.141274238227146964e-02,5.540166204986149597e-03,1.939058171745152229e-02,8.310249307479224828e-03,5.540166204986149597e-03,5.540166204986149597e-03,2.770083102493074798e-03,5.540166204986149597e-03,1.385041551246537356e-02,0.000000000000000000e+00,1.108033240997229919e-02,1.108033240997229919e-02
1.149425287356321823e-02,1.149425287356321823e-02,0.000000000000000000e+00,0.000000000000000000e+00,1.915708812260536256e-02,1.532567049808429040e-02,3.831417624521072599e-03,3.831417624521072599e-03,7.662835249042145198e-03,1.149425287356321823e-02,1.149425287356321823e-02,0.000000000000000000e+00,1.915708812260536256e-02,3.831417624521072599e-03,3.831417624521072599e-03,7.662835249042145198e-03,6.130268199233716159e-02,4.980842911877394336e-02,7.662835249042145198e-03,3.831417624521072599e-03,4.214559386973180249e-02,1.149425287356321823e-02,1.915708812260536256e-02,1.915708812260536256e-02,1.149425287356321823e-02,1.149425287356321823e-02,1.149425287356321823e-02,7.662835249042145198e-03,3.831417624521072599e-03,1.532567049808429040e-02,1.532567049808429040e-02,0.000000000000000000e+00,0.000000000000000000e+00,1.915708812260536256e-02,1.532567049808429040e-02,3.831417624521072599e-03,3.831417624521072599e-03,7.662835249042145198e-03,3.831417624521072599e-03,7.662835249042145198e-03,1.532567049808429040e-02,1.532567049808429040e-02,0.000000000000000000e+00,1.915708812260536256e-02,3.831417624521072599e-03,3.831417624521072599e-03,7.662835249042145198e-03,6.896551724137930939e-02,4.980842911877394336e-02,1.532567049808429040e-02,1.149425287356321823e-02,4.214559386973180249e-02,1.149425287356321823e-02,1.915708812260536256e-02,1.915708812260536256e-02,0.000000000000000000e+00,3.065134099616858079e-02,2.681992337164751036e-02,3.831417624521072599e-03,0.000000000000000000e+00,0.000000000000000000e+00,3.065134099616858079e-02,2.681992337164751036e-02,2.681992337164751036e-02,1.149425287356321823e-02,3.065134099616858079e-02,2.681992337164751036e-02,0.000000000000000000e+00,0.000000000000000000e+00
4.366812227074235581e-03,4.366812227074235581e-03,8.733624454148471161e-03,0.000000000000000000e+00,5.676855895196506602e-02,0.000000000000000000e+00,5.240174672489082697e-02,4.803493449781659486e-02,0.000000000000000000e+00,1.746724890829694232e-02,0.000000000000000000e+00,1.310043668122270674e-02,2.183406113537117790e-02,8.733624454148471161e-03,4.366812227074235581e-03,0.000000000000000000e+00,2.183406113537117790e-02,0.000000000000000000e+00,1.310043668122270674e-02,1.310043668122270674e-02,4.366812227074235581e-03,0.000000000000000000e+00,4.366812227074235581e-03,0.000000000000000000e+00,0.000000000000000000e+00,0.000000000000000000e+00,0.000000000000000000e+00,0.000000000000000000e+00,0.000000000000000000e+00,8.733624454148471161e-03,8.733624454148471161e-03,1.310043668122270674e-02,4.366812227074235581e-03,9.170305676855895760e-02,8.733624454148471161e-03,7.860262008733624739e-02,7.423580786026201528e-02,8.733624454148471161e-03,4.366812227074235581e-03,0.000000000000000000e+00,1.746724890829694232e-02,0.000000000000000000e+00,1.310043668122270674e-02,2.183406113537117790e-02,8.733624454148471161e-03,4.366812227074235581e-03,0.000000000000000000e+00,3.056768558951964906e-02,0.000000000000000000e+00,2.183406113537117790e-02,2.183406113537117790e-02,4.366812227074235581e-03,0.000000000000000000e+00,4.366812227074235581e-03,0.000000000000000000e+00,1.746724890829694232e-02,1.048034934497816539e-01,1.004366812227074218e-01,0.000000000000000000e+00,4.366812227074235581e-03,4.366812227074235581e-03,0.000000000000000000e+00,0.000000000000000000e+00,0.000000000000000000e+00,8.733624454148471161e-03,4.366812227074235581e-03,0.000000000000000000e+00,4.366812227074235581e-03,4.366812227074235581e-03
5.555555555555555247e-02,4.444444444444444614e-02,0.000000000000000000e+00,0.000000000000000000e+00,0.000000000000000000e+00,0.000000000000000000e+00,0.000000000000000000e+00,0.000000000000000000e+00,0.000000000000000000e+00,4.444444444444444614e-02,3.333333333333333287e-02,1.111111111111111154e-02,4.444444444444444614e-02,1.111111111111111154e-02,1.111111111111111154e-02,2.222222222222222307e-02,2.222222222222222307e-02,2.222222222222222307e-02,0.000000000000000000e+00,0.000000000000000000e+00,2.222222222222222307e-02,0.000000000000000000e+00,1.111111111111111154e-02,1.111111111111111154e-02,0.000000000000000000e+00,0.000000000000000000e+00,0.000000000000000000e+00,1.111111111111111154e-02,1.111111111111111154e-02,6.666666666666666574e-02,5.555555555555555247e-02,0.000000000000000000e+00,0.000000000000000000e+00,1.111111111111111154e-02,1.111111111111111154e-02,0.000000000000000000e+00,0.000000000000000000e+00,0.000000000000000000e+00,1.111111111111111154e-02,0.000000000000000000e+00,4.444444444444444614e-02,3.333333333333333287e-02,1.111111111111111154e-02,4.444444444444444614e-02,1.111111111111111154e-02,1.111111111111111154e-02,2.222222222222222307e-02,4.444444444444444614e-02,3.333333333333333287e-02,0.000000000000000000e+00,0.000000000000000000e+00,2.222222222222222307e-02,0.000000000000000000e+00,1.111111111111111154e-02,1.111111111111111154e-02,0.000000000000000000e+00,0.000000000000000000e+00,0.000000000000000000e+00,1.111111111111111154e-02,0.000000000000000000e+00,0.000000000000000000e+00,1.111111111111111154e-02,1.111111111111111154e-02,1.111111111111111154e-02,2.222222222222222307e-02,4.444444444444444614e-02,4.444444444444444614e-02,0.000000000000000000e+00,0.000000000000000000e+00
2.439024390243902524e-02,2.439024390243902524e-02,0.000000000000000000e+00,0.000000000000000000e+00,0.000000000000000000e+00,0.000000000000000000e+00,0.000000000000000000e+00,0.000000000000000000e+00,0.000000000000000000e+00,1.829268292682926719e-02,1.219512195121951262e-02,6.097560975609756309e-03,3.048780487804877981e-02,0.000000000000000000e+00,1.829268292682926719e-02,1.219512195121951262e-02,4.268292682926829590e-02,3.658536585365853439e-02,0.000000000000000000e+00,0.000000000000000000e+00,5.487804878048780505e-02,3.048780487804877981e-02,1.219512195121951262e-02,1.219512195121951262e-02,0.000000000000000000e+00,0.000000000000000000e+00,0.000000000000000000e+00,1.219512195121951262e-02,1.219512195121951262e-02,3.658536585365853439e-02,3.658536585365853439e-02,0.000000000000000000e+00,0.000000000000000000e+00,6.097560975609756309e-03,6.097560975609756309e-03,0.000000000000000000e+00,0.000000000000000000e+00,0.000000000000000000e+00,0.000000000000000000e+00,0.000000000000000000e+00,1.829268292682926719e-02,1.219512195121951262e-02,6.097560975609756309e-03,3.048780487804877981e-02,0.000000000000000000e+00,1.829268292682926719e-02,1.219512195121951262e-02,4.878048780487805047e-02,4.268292682926829590e-02,0.000000000000000000e+00,0.000000000000000000e+00,7.317073170731706877e-02,3.048780487804877981e-02,2.439024390243902524e-02,2.439024390243902524e-02,0.000000000000000000e+00,6.097560975609756309e-03,6.097560975609756309e-03,0.000000000000000000e+00,0.000000000000000000e+00,0.000000000000000000e+00,3.048780487804877981e-02,3.048780487804877981e-02,1.829268292682926719e-02,2.439024390243902524e-02,4.878048780487805047e-02,4.878048780487805047e-02,0.000000000000000000e+00,0.000000000000000000e+00
6.875000000000000555e-02,6.250000000000000000e-02,0.000000000000000000e+00,0.000000000000000000e+00,6.250000000000000347e-03,6.250000000000000347e-03,0.000000000000000000e+00,0.000000000000000000e+00,0.000000000000000000e+00,6.250000000000000347e-03,6.250000000000000347e-03,0.000000000000000000e+00,6.250000000000000347e-03,0.000000000000000000e+00,0.000000000000000000e+00,6.250000000000000347e-03,4.374999999999999722e-02,4.374999999999999722e-02,0.000000000000000000e+00,0.000000000000000000e+00,4.374999999999999722e-02,6.250000000000000347e-03,3.749999999999999861e-02,3.749999999999999861e-02,0.000000000000000000e+00,0.000000000000000000e+00,6.250000000000000347e-03,1.250000000000000069e-02,6.250000000000000347e-03,8.125000000000000278e-02,7.499999999999999722e-02,0.000000000000000000e+00,0.000000000000000000e+00,6.250000000000000347e-03,6.250000000000000347e-03,0.000000000000000000e+00,0.000000000000000000e+00,0.000000000000000000e+00,0.000000000000000000e+00,0.000000000000000000e+00,6.250000000000000347e-03,6.250000000000000347e-03,0.000000000000000000e+00,6.250000000000000347e-03,0.000000000000000000e+00,0.000000000000000000e+00,6.250000000000000347e-03,4.374999999999999722e-02,4.374999999999999722e-02,0.000000000000000000e+00,0.000000000000000000e+00,5.000000000000000278e-02,1.250000000000000069e-02,3.749999999999999861e-02,3.749999999999999861e-02,0.000000000000000000e+00,0.000000000000000000e+00,0.000000000000000000e+00,0.000000000000000000e+00,0.000000000000000000e+00,0.000000000000000000e+00,2.500000000000000139e-02,2.500000000000000139e-02,2.500000000000000139e-02,6.250000000000000347e-03,5.000000000000000278e-02,4.374999999999999722e-02,0.000000000000000000e+00,0.000000000000000000e+00
4.032258064516128920e-02,4.032258064516128920e-02,1.612903225806451568e-02,1.612903225806451568e-02,4.032258064516128920e-02,1.612903225806451568e-02,2.419354838709677352e-02,2.419354838709677352e-02,0.000000000000000000e+00,5.645161290322580488e-02,1.612903225806451568e-02,8.064516129032257841e-03,1.612903225806451568e-02,0.000000000000000000e+00,8.064516129032257841e-03,0.000000000000000000e+00,3.225806451612903136e-02,1.612903225806451568e-02,1.612903225806451568e-02,0.000000000000000000e+00,0.000000000000000000e+00,0.000000000000000000e+00,0.000000000000000000e+00,0.000000000000000000e+00,0.000000000000000000e+00,0.000000000000000000e+00,8.064516129032257841e-03,0.000000000000000000e+00,0.000000000000000000e+00,4.838709677419354704e-02,4.838709677419354704e-02,2.419354838709677352e-02,2.419354838709677352e-02,4.838709677419354704e-02,2.419354838709677352e-02,2.419354838709677352e-02,2.419354838709677352e-02,2.419354838709677352e-02,0.000000000000000000e+00,0.000000000000000000e+00,5.645161290322580488e-02,1.612903225806451568e-02,8.064516129032257841e-03,1.612903225806451568e-02,0.000000000000000000e+00,8.064516129032257841e-03,0.000000000000000000e+00,4.032258064516128920e-02,2.419354838709677352e-02,1.612903225806451568e-02,0.000000000000000000e+00,0.000000000000000000e+00,0.000000000000000000e+00,0.000000000000000000e+00,0.000000000000000000e+00,0.000000000000000000e+00,4.838709677419354704e-02,3.225806451612903136e-02,0.000000000000000000e+00,0.000000000000000000e+00,0.000000000000000000e+00,8.064516129032257841e-03,0.000000000000000000e+00,0.000000000000000000e+00,0.000000000000000000e+00,1.612903225806451568e-02,8.064516129032257841e-03,8.064516129032257841e-03,8.064516129032257841e-03
5.263157894736841987e-03,5.263157894736841987e-03,1.578947368421052683e-02,1.052631578947368397e-02,4.210526315789473589e-02,1.052631578947368397e-02,3.157894736842105365e-02,3.157894736842105365e-02,0.000000000000000000e+00,1.578947368421052683e-02,0.000000000000000000e+00,5.263157894736841987e-03,5.789473684210526272e-02,1.052631578947368397e-02,3.157894736842105365e-02,5.263157894736841987e-03,2.105263157894736795e-02,5.263157894736841987e-03,1.052631578947368397e-02,1.052631578947368397e-02,0.000000000000000000e+00,0.000000000000000000e+00,0.000000000000000000e+00,0.000000000000000000e+00,5.263157894736841987e-03,5.263157894736841987e-03,0.000000000000000000e+00,0.000000000000000000e+00,0.000000000000000000e+00,1.578947368421052683e-02,1.578947368421052683e-02,2.631578947368420907e-02,1.578947368421052683e-02,6.842105263157895190e-02,2.631578947368420907e-02,3.684210526315789130e-02,3.684210526315789130e-02,5.263157894736841987e-03,5.263157894736841987e-03,0.000000000000000000e+00,1.578947368421052683e-02,0.000000000000000000e+00,5.263157894736841987e-03,6.842105263157895190e-02,1.578947368421052683e-02,3.684210526315789130e-02,5.263157894736841987e-03,3.684210526315789130e-02,1.578947368421052683e-02,1.578947368421052683e-02,1.578947368421052683e-02,0.000000000000000000e+00,0.000000000000000000e+00,0.000000000000000000e+00,0.000000000000000000e+00,1.578947368421052683e-02,6.842105263157895190e-02,6.315789473684210731e-02,1.052631578947368397e-02,1.052631578947368397e-02,5.263157894736841987e-03,0.000000000000000000e+00,0.000000000000000000e+00,0.000000000000000000e+00,5.263157894736841987e-03,0.000000000000000000e+00,0.000000000000000000e+00,0.000000000000000000e+00,0.000000000000000000e+00
8.333333333333333218e-03,8.333333333333333218e-03,1.666666666666666644e-02,8.333333333333333218e-03,7.499999999999999722e-02,0.000000000000000000e+00,4.166666666666666435e-02,4.166666666666666435e-02,1.666666666666666644e-02,8.333333333333333218e-03,0.000000000000000000e+00,8.333333333333333218e-03,0.000000000000000000e+00,0.000000000000000000e+00,0.000000000000000000e+00,0.000000000000000000e+00,8.333333333333333218e-03,0.000000000000000000e+00,8.333333333333333218e-03,0.000000000000000000e+00,2.500000000000000139e-02,0.000000000000000000e+00,8.333333333333333218e-03,0.000000000000000000e+00,0.000000000000000000e+00,0.000000000000000000e+00,0.000000000000000000e+00,0.000000000000000000e+00,0.000000000000000000e+00,1.666666666666666644e-02,1.666666666666666644e-02,1.666666666666666644e-02,8.333333333333333218e-03,1.250000000000000000e-01,1.666666666666666644e-02,7.499999999999999722e-02,7.499999999999999722e-02,0.000000000000000000e+00,1.666666666666666644e-02,1.666666666666666644e-02,8.333333333333333218e-03,0.000000000000000000e+00,8.333333333333333218e-03,0.000000000000000000e+00,0.000000000000000000e+00,0.000000000000000000e+00,0.000000000000000000e+00,8.333333333333333218e-03,0.000000000000000000e+00,8.333333333333333218e-03,0.000000000000000000e+00,2.500000000000000139e-02,0.000000000000000000e+00,8.333333333333333218e-03,0.000000000000000000e+00,3.333333333333333287e-02,9.166666666666666019e-02,8.333333333333332871e-02,0.000000000000000000e+00,1.666666666666666644e-02,1.666666666666666644e-02,0.000000000000000000e+00,0.000000000000000000e+00,0.000000000000000000e+00,0.000000000000000000e+00,8.333333333333333218e-03,0.000000000000000000e+00,8.333333333333333218e-03,8.333333333333333218e-03
4.166666666666666435e-02,4.166666666666666435e-02,0.000000000000000000e+00,0.000000000000000000e+00,4.166666666666666435e-02,4.166666666666666435e-02,0.000000000000000000e+00,0.000000000000000000e+00,0.000000000000000000e+00,0.000000000000000000e+00,0.000000000000000000e+00,0.000000000000000000e+00,8.333333333333332871e-02,0.000000000000000000e+00,0.000000000000000000e+00,0.000000000000000000e+00,8.333333333333332871e-02,4.166666666666666435e-02,0.000000000000000000e+00,0.000000000000000000e+00,4.166666666666666435e-02,4.166666666666666435e-02,0.000000000000000000e+00,0.000000000000000000e+00,0.000000000000000000e+00,0.000000000000000000e+00,0.000000000000000000e+00,0.000000000000000000e+00,0.000000000000000000e+00,4.166666666666666435e-02,4.166666666666666435e-02,0.000000000000000000e+00,0.000000000000000000e+00,4.166666666666666435e-02,4.166666666666666435e-02,0.000000000000000000e+00,0.000000000000000000e+00,0.000000000000000000e+00,0.000000000000000000e+00,0.000000000000000000e+00,0.000000000000000000e+00,0.000000000000000000e+00,0.000000000000000000e+00,8.333333333333332871e-02,0.000000000000000000e+00,0.000000000000000000e+00,0.000000000000000000e+00,8.333333333333332871e-02,4.166666666666666435e-02,0.000000000000000000e+00,0.000000000000000000e+00,4.166666666666666435e-02,4.166666666666666435e-02,0.000000000000000000e+00,0.000000000000000000e+00,4.166666666666666435e-02,0.000000000000000000e+00,0.000000000000000000e+00,0.000000000000000000e+00,0.000000000000000000e+00,0.000000000000000000e+00,4.166666666666666435e-02,0.000000000000000000e+00,0.000000000000000000e+00,0.000000000000000000e+00,0.000000000000000000e+00,0.000000000000000000e+00,0.000000000000000000e+00,0.000000000000000000e+00
1.156069364161849654e-02,1.156069364161849654e-02,0.000000000000000000e+00,0.000000000000000000e+00,5.780346820809248269e-03,5.780346820809248269e-03,0.000000000000000000e+00,0.000000000000000000e+00,0.000000000000000000e+00,2.312138728323699308e-02,1.156069364161849654e-02,1.156069364161849654e-02,2.312138728323699308e-02,0.000000000000000000e+00,1.734104046242774394e-02,5.780346820809248269e-03,2.312138728323699308e-02,1.156069364161849654e-02,1.156069364161849654e-02,1.156069364161849654e-02,4.046242774566474049e-02,2.312138728323699308e-02,5.780346820809248269e-03,0.000000000000000000e+00,0.000000000000000000e+00,0.000000000000000000e+00,1.156069364161849654e-02,1.734104046242774394e-02,5.780346820809248269e-03,1.156069364161849654e-02,1.156069364161849654e-02,0.000000000000000000e+00,0.000000000000000000e+00,2.890173410404624221e-02,1.734104046242774394e-02,5.780346820809248269e-03,5.780346820809248269e-03,5.780346820809248269e-03,5.780346820809248269e-03,0.000000000000000000e+00,3.468208092485548788e-02,1.156069364161849654e-02,2.312138728323699308e-02,2.312138728323699308e-02,0.000000000000000000e+00,1.734104046242774394e-02,5.780346820809248269e-03,3.468208092485548788e-02,1.734104046242774394e-02,1.156069364161849654e-02,1.156069364161849654e-02,5.780346820809248443e-02,2.890173410404624221e-02,5.780346820809248269e-03,0.000000000000000000e+00,5.780346820809248269e-03,3.468208092485548788e-02,2.890173410404624221e-02,5.202312138728323876e-02,5.780346820809248269e-03,0.000000000000000000e+00,4.624277456647398615e-02,2.312138728323699308e-02,5.780346820809248269e-03,3.468208092485548788e-02,6.358381502890173009e-02,3.468208092485548788e-02,0.000000000000000000e+00,0.000000000000000000e+00
0.000000000000000000e+00,0.000000000000000000e+00,0.000000000000000000e+00,0.000000000000000000e+00,0.000000000000000000e+00,0.000000000000000000e+00,0.000000000000000000e+00,0.000000000000000000e+00,2.083333333333333218e-02,6.250000000000000000e-02,2.083333333333333218e-02,0.000000000000000000e+00,8.333333333333332871e-02,0.000000000000000000e+00,6.250000000000000000e-02,2.083333333333333218e-02,6.250000000000000000e-02,6.250000000000000000e-02,0.000000000000000000e+00,0.000000000000000000e+00,0.000000000000000000e+00,0.000000000000000000e+00,0.000000000000000000e+00,0.000000000000000000e+00,0.000000000000000000e+00,0.000000000000000000e+00,0.000000000000000000e+00,0.000000000000000000e+00,0.000000000000000000e+00,6.250000000000000000e-02,4.166666666666666435e-02,0.000000000000000000e+00,0.000000000000000000e+00,0.000000000000000000e+00,0.000000000000000000e+00,0.000000000000000000e+00,0.000000000000000000e+00,0.000000000000000000e+00,4.166666666666666435e-02,2.083333333333333218e-02,6.250000000000000000e-02,2.083333333333333218e-02,0.000000000000000000e+00,8.333333333333332871e-02,0.000000000000000000e+00,6.250000000000000000e-02,2.083333333333333218e-02,6.250000000000000000e-02,6.250000000000000000e-02,0.000000000000000000e+00,0.000000000000000000e+00,0.000000000000000000e+00,0.000000000000000000e+00,0.000000000000000000e+00,0.000000000000000000e+00,0.000000000000000000e+00,0.000000000000000000e+00,0.000000000000000000e+00,0.000000000000000000e+00,0.000000000000000000e+00,0.000000000000000000e+00,2.083333333333333218e-02,2.083333333333333218e-02,2.083333333333333218e-02,0.000000000000000000e+00,0.000000000000000000e+00,0.000000000000000000e+00,0.000000000000000000e+00,0.000000000000000000e+00
1.333333333333333419e-02,1.333333333333333419e-02,0.000000000000000000e+00,0.000000000000000000e+00,0.000000000000000000e+00,0.000000000000000000e+00,0.000000000000000000e+00,0.000000000000000000e+00,2.666666666666666838e-02,2.666666666666666838e-02,2.666666666666666838e-02,0.000000000000000000e+00,5.333333333333333676e-02,0.000000000000000000e+00,2.666666666666666838e-02,1.333333333333333419e-02,8.000000000000000167e-02,8.000000000000000167e-02,0.000000000000000000e+00,0.000000000000000000e+00,2.666666666666666838e-02,1.333333333333333419e-02,1.333333333333333419e-02,1.333333333333333419e-02,0.000000000000000000e+00,0.000000000000000000e+00,0.000000000000000000e+00,0.000000000000000000e+00,0.000000000000000000e+00,4.000000000000000083e-02,4.000000000000000083e-02,0.000000000000000000e+00,0.000000000000000000e+00,0.000000000000000000e+00,0.000000000000000000e+00,0.000000000000000000e+00,0.000000000000000000e+00,0.000000000000000000e+00,0.000000000000000000e+00,2.666666666666666838e-02,2.666666666666666838e-02,2.666666666666666838e-02,0.000000000000000000e+00,5.333333333333333676e-02,0.000000000000000000e+00,2.666666666666666838e-02,1.333333333333333419e-02,8.000000000000000167e-02,8.000000000000000167e-02,0.000000000000000000e+00,0.000000000000000000e+00,2.666666666666666838e-02,1.333333333333333419e-02,1.333333333333333419e-02,1.333333333333333419e-02,0.000000000000000000e+00,0.000000000000000000e+00,0.000000000000000000e+00,0.000000000000000000e+00,1.333333333333333419e-02,0.000000000000000000e+00,1.333333333333333419e-02,1.333333333333333419e-02,0.000000000000000000e+00,0.000000000000000000e+00,2.666666666666666838e-02,2.666666666666666838e-02,0.000000000000000000e+00,0.000000000000000000e+00
0.000000000000000000e+00,0.000000000000000000e+00,0.000000000000000000e+00,0.000000000000000000e+00,0.000000000000000000e+00,0.000000000000000000e+00,0.000000000000000000e+00,0.000000000000000000e+00,1.250000000000000000e-01,0.000000000000000000e+00,0.000000000000000000e+00,0.000000000000000000e+00,1.250000000000000000e-01,0.000000000000000000e+00,0.000000000000000000e+00,0.000000000000000000e+00,1.250000000000000000e-01,1.250000000000000000e-01,0.000000000000000000e+00,0.000000000000000000e+00,0.000000000000000000e+00,0.000000000000000000e+00,0.000000000000000000e+00,0.000000000000000000e+00,0.000000000000000000e+00,0.000000000000000000e+00,0.000000000000000000e+00,0.000000000000000000e+00,0.000000000000000000e+00,0.000000000000000000e+00,0.000000000000000000e+00,0.000000000000000000e+00,0.000000000000000000e+00,0.000000000000000000e+00,0.000000000000000000e+00,0.000000000000000000e+00,0.000000000000000000e+00,0.000000000000000000e+00,0.000000000000000000e+00,1.250000000000000000e-01,0.000000000000000000e+00,0.000000000000000000e+00,0.000000000000000000e+00,1.250000000000000000e-01,0.000000000000000000e+00,0.000000000000000000e+00,0.000000000000000000e+00,1.250000000000000000e-01,1.250000000000000000e-01,0.000000000000000000e+00,0.000000000000000000e+00,0.000000000000000000e+00,0.000000000000000000e+00,0.000000000000000000e+00,0.000000000000000000e+00,0.000000000000000000e+00,0.000000000000000000e+00,0.000000000000000000e+00,0.000000000000000000e+00,0.000000000000000000e+00,0.000000000000000000e+00,0.000000000000000000e+00,0.000000000000000000e+00,0.000000000000000000e+00,0.000000000000000000e+00,0.000000000000000000e+00,0.000000000000000000e+00,0.000000000000000000e+00,0.000000000000000000e+00
0.000000000000000000e+00,0.000000000000000000e+00,0.000000000000000000e+00,0.000000000000000000e+00,0.000000000000000000e+00,0.000000000000000000e+00,0.000000000000000000e+00,0.000000000000000000e+00,2.962962962962962798e-01,3.703703703703703498e-02,3.703703703703703498e-02,0.000000000000000000e+00,0.000000000000000000e+00,0.000000000000000000e+00,0.000000000000000000e+00,0.000000000000000000e+00,0.000000000000000000e+00,0.000000000000000000e+00,0.000000000000000000e+00,0.000000000000000000e+00,0.000000000000000000e+00,0.000000000000000000e+00,0.000000000000000000e+00,0.000000000000000000e+00,0.000000000000000000e+00,0.000000000000000000e+00,0.000000000000000000e+00,0.000000000000000000e+00,0.000000000000000000e+00,7.407407407407406996e-02,7.407407407407406996e-02,0.000000000000000000e+00,0.000000000000000000e+00,0.000000000000000000e+00,0.000000000000000000e+00,0.000000000000000000e+00,0.000000000000000000e+00,0.000000000000000000e+00,7.407407407407406996e-02,3.333333333333333148e-01,3.703703703703703498e-02,3.703703703703703498e-02,0.000000000000000000e+00,0.000000000000000000e+00,0.000000000000000000e+00,0.000000000000000000e+00,0.000000000000000000e+00,0.000000000000000000e+00,0.000000000000000000e+00,0.000000000000000000e+00,0.000000000000000000e+00,0.000000000000000000e+00,0.000000000000000000e+00,0.000000000000000000e+00,0.000000000000000000e+00,0.000000000000000000e+00,0.000000000000000000e+00,0.000000000000000000e+00,0.000000000000000000e+00,0.000000000000000000e+00,0.000000000000000000e+00,0.000000000000000000e+00,0.000000000000000000e+00,0.000000000000000000e+00,0.000000000000000000e+00,0.000000000000000000e+00,0.000000000000000000e+00,0.000000000000000000e+00,0.000000000000000000e+00
2.127659574468085055e-02,1.063829787234042527e-02,0.000000000000000000e+00,0.000000000000000000e+00,2.127659574468085055e-02,2.127659574468085055e-02,0.000000000000000000e+00,0.000000000000000000e+00,1.063829787234042527e-02,1.063829787234042527e-02,1.063829787234042527e-02,0.000000000000000000e+00,2.127659574468085055e-02,0.000000000000000000e+00,1.063829787234042527e-02,1.063829787234042527e-02,5.319148936170212810e-02,5.319148936170212810e-02,0.000000000000000000e+00,0.000000000000000000e+00,4.255319148936170109e-02,1.063829787234042527e-02,2.127659574468085055e-02,2.127659574468085055e-02,1.063829787234042527e-02,1.063829787234042527e-02,0.000000000000000000e+00,2.127659574468085055e-02,1.063829787234042527e-02,3.191489361702127409e-02,2.127659574468085055e-02,0.000000000000000000e+00,0.000000000000000000e+00,2.127659574468085055e-02,2.127659574468085055e-02,0.000000000000000000e+00,0.000000000000000000e+00,1.063829787234042527e-02,3.191489361702127409e-02,1.063829787234042527e-02,1.063829787234042527e-02,1.063829787234042527e-02,0.000000000000000000e+00,2.127659574468085055e-02,0.000000000000000000e+00,1.063829787234042527e-02,1.063829787234042527e-02,5.319148936170212810e-02,5.319148936170212810e-02,0.000000000000000000e+00,0.000000000000000000e+00,4.255319148936170109e-02,1.063829787234042527e-02,2.127659574468085055e-02,2.127659574468085055e-02,0.000000000000000000e+00,1.063829787234042527e-02,1.063829787234042527e-02,0.000000000000000000e+00,2.127659574468085055e-02,0.000000000000000000e+00,2.127659574468085055e-02,1.063829787234042527e-02,1.063829787234042527e-02,0.000000000000000000e+00,5.319148936170212810e-02,4.255319148936170109e-02,0.000000000000000000e+00,0.000000000000000000e+00
3.333333333333333547e-03,3.333333333333333547e-03,0.000000000000000000e+00,0.000000000000000000e+00,3.666666666666666685e-02,1.666666666666666644e-02,1.666666666666666644e-02,1.666666666666666644e-02,0.000000000000000000e+00,2.999999999999999889e-02,3.333333333333333547e-03,1.333333333333333419e-02,1.000000000000000021e-02,0.000000000000000000e+00,3.333333333333333547e-03,6.666666666666667095e-03,2.666666666666666838e-02,0.000000000000000000e+00,2.000000000000000042e-02,1.666666666666666644e-02,1.333333333333333419e-02,3.333333333333333547e-03,1.000000000000000021e-02,0.000000000000000000e+00,6.666666666666667095e-03,3.333333333333333547e-03,1.333333333333333419e-02,6.666666666666667095e-03,3.333333333333333547e-03,1.000000000000000021e-02,1.000000000000000021e-02,1.000000000000000021e-02,3.333333333333333547e-03,7.000000000000000666e-02,2.999999999999999889e-02,3.333333333333333287e-02,3.333333333333333287e-02,1.666666666666666644e-02,3.333333333333333547e-03,0.000000000000000000e+00,3.333333333333333287e-02,3.333333333333333547e-03,1.666666666666666644e-02,1.000000000000000021e-02,0.000000000000000000e+00,3.333333333333333547e-03,6.666666666666667095e-03,2.666666666666666838e-02,0.000000000000000000e+00,2.000000000000000042e-02,1.666666666666666644e-02,2.666666666666666838e-02,6.666666666666667095e-03,1.000000000000000021e-02,0.000000000000000000e+00,6.666666666666667095e-03,9.333333333333333759e-02,8.000000000000000167e-02,3.333333333333333547e-03,1.000000000000000021e-02,3.333333333333333547e-03,2.333333333333333440e-02,6.666666666666667095e-03,0.000000000000000000e+00,6.666666666666667095e-03,3.333333333333333287e-02,1.000000000000000021e-02,2.333333333333333440e-02,1.666666666666666644e-02
1.666666666666666574e-01,8.333333333333332871e-02,0.000000000000000000e+00,0.000000000000000000e+00,0.000000000000000000e+00,0.000000000000000000e+00,0.000000000000000000e+00,0.000000000000000000e+00,0.000000000000000000e+00,0.000000000000000000e+00,0.000000000000000000e+00,0.000000000000000000e+00,0.000000000000000000e+00,0.000000000000000000e+00,0.000000000000000000e+00,0.000000000000000000e+00,0.000000000000000000e+00,0.000000000000000000e+00,0.000000000000000000e+00,0.000000000000000000e+00,8.333333333333332871e-02,8.333333333333332871e-02,0.000000000000000000e+00,0.000000000000000000e+00,0.000000000000000000e+00,0.000000000000000000e+00,0.000000000000000000e+00,0.000000000000000000e+00,0.000000000000000000e+00,1.666666666666666574e-01,8.333333333333332871e-02,0.000000000000000000e+00,0.000000000000000000e+00,0.000000000000000000e+00,0.000000000000000000e+00,0.000000000000000000e+00,0.000000000000000000e+00,0.000000000000000000e+00,8.333333333333332871e-02,0.000000000000000000e+00,0.000000000000000000e+00,0.000000000000000000e+00,0.000000000000000000e+00,0.000000000000000000e+00,0.000000000000000000e+00,0.000000000000000000e+00,0.000000000000000000e+00,0.000000000000000000e+00,0.000000000000000000e+00,0.000000000000000000e+00,0.000000000000000000e+00,8.333333333333332871e-02,8.333333333333332871e-02,0.000000000000000000e+00,0.000000000000000000e+00,0.000000000000000000e+00,0.000000000000000000e+00,0.000000000000000000e+00,0.000000000000000000e+00,0.000000000000000000e+00,0.000000000000000000e+00,8.333333333333332871e-02,0.000000000000000000e+00,0.000000000000000000e+00,0.000000000000000000e+00,0.000000000000000000e+00,0.000000000000000000e+00,0.000000000000000000e+00,0.000000000000000000e+00
7.377049180327868716e-02,6.557377049180328210e-02,0.000000000000000000e+00,0.000000000000000000e+00,0.000000000000000000e+00,0.000000000000000000e+00,0.000000000000000000e+00,0.000000000000000000e+00,0.000000000000000000e+00,2.459016393442622905e-02,2.459016393442622905e-02,0.000000000000000000e+00,0.000000000000000000e+00,0.000000000000000000e+00,0.000000000000000000e+00,0.000000000000000000e+00,7.377049180327868716e-02,5.737704918032787010e-02,8.196721311475410263e-03,8.196721311475410263e-03,1.639344262295082053e-02,0.000000000000000000e+00,8.196721311475410263e-03,0.000000000000000000e+00,0.000000000000000000e+00,0.000000000000000000e+00,8.196721311475410263e-03,8.196721311475410263e-03,8.196721311475410263e-03,9.836065573770491621e-02,9.016393442622951115e-02,0.000000000000000000e+00,0.000000000000000000e+00,0.000000000000000000e+00,0.000000000000000000e+00,0.000000000000000000e+00,0.000000000000000000e+00,8.196721311475410263e-03,2.459016393442622905e-02,0.000000000000000000e+00,2.459016393442622905e-02,2.459016393442622905e-02,0.000000000000000000e+00,8.196721311475410263e-03,0.000000000000000000e+00,8.196721311475410263e-03,0.000000000000000000e+00,9.016393442622951115e-02,6.557377049180328210e-02,8.196721311475410263e-03,8.196721311475410263e-03,1.639344262295082053e-02,0.000000000000000000e+00,8.196721311475410263e-03,0.000000000000000000e+00,0.000000000000000000e+00,1.639344262295082053e-02,1.639344262295082053e-02,2.459016393442622905e-02,8.196721311475410263e-03,0.000000000000000000e+00,8.196721311475410263e-03,8.196721311475410263e-03,0.000000000000000000e+00,8.196721311475410263e-03,2.459016393442622905e-02,1.639344262295082053e-02,0.000000000000000000e+00,0.000000000000000000e+00
3.636363636363636187e-02,1.818181818181818094e-02,0.000000000000000000e+00,0.000000000000000000e+00,0.000000000000000000e+00,0.000000000000000000e+00,0.000000000000000000e+00,0.000000000000000000e+00,0.000000000000000000e+00,0.000000000000000000e+00,0.000000000000000000e+00,0.000000000000000000e+00,0.000000000000000000e+00,0.000000000000000000e+00,0.000000000000000000e+00,0.000000000000000000e+00,1.818181818181818094e-02,1.818181818181818094e-02,0.000000000000000000e+00,0.000000000000000000e+00,5.454545454545454281e-02,0.000000000000000000e+00,5.454545454545454281e-02,5.454545454545454281e-02,3.636363636363636187e-02,3.636363636363636187e-02,3.636363636363636187e-02,1.818181818181818094e-02,1.818181818181818094e-02,3.636363636363636187e-02,1.818181818181818094e-02,0.000000000000000000e+00,0.000000000000000000e+00,0.000000000000000000e+00,0.000000000000000000e+00,0.000000000000000000e+00,0.000000000000000000e+00,0.000000000000000000e+00,0.000000000000000000e+00,0.000000000000000000e+00,0.000000000000000000e+00,0.000000000000000000e+00,0.000000000000000000e+00,0.000000000000000000e+00,0.000000000000000000e+00,0.000000000000000000e+00,0.000000000000000000e+00,1.818181818181818094e-02,1.818181818181818094e-02,0.000000000000000000e+00,0.000000000000000000e+00,5.454545454545454281e-02,0.000000000000000000e+00,5.454545454545454281e-02,5.454545454545454281e-02,0.000000000000000000e+00,5.454545454545454281e-02,5.454545454545454281e-02,0.000000000000000000e+00,0.000000000000000000e+00,0.000000000000000000e+00,3.636363636363636187e-02,3.636363636363636187e-02,1.818181818181818094e-02,0.000000000000000000e+00,7.272727272727272374e-02,7.272727272727272374e-02,0.000000000000000000e+00,0.000000000000000000e+00
3.260869565217391214e-02,2.173913043478260809e-02,0.000000000000000000e+00,0.000000000000000000e+00,1.086956521739130405e-02,5.434782608695652023e-03,5.434782608695652023e-03,5.434782608695652023e-03,2.173913043478260809e-02,5.434782608695652023e-03,0.000000000000000000e+00,5.434782608695652023e-03,1.086956521739130405e-02,0.000000000000000000e+00,5.434782608695652023e-03,0.000000000000000000e+00,9.239130434782608092e-02,7.608695652173913526e-02,1.086956521739130405e-02,1.086956521739130405e-02,3.260869565217391214e-02,5.434782608695652023e-03,1.630434782608695607e-02,0.000000000000000000e+00,0.000000000000000000e+00,0.000000000000000000e+00,0.000000000000000000e+00,1.630434782608695607e-02,1.630434782608695607e-02,4.891304347826087168e-02,3.804347826086956763e-02,5.434782608695652023e-03,5.434782608695652023e-03,1.630434782608695607e-02,5.434782608695652023e-03,1.086956521739130405e-02,1.086956521739130405e-02,0.000000000000000000e+00,5.434782608695652023e-03,2.173913043478260809e-02,1.086956521739130405e-02,0.000000000000000000e+00,5.434782608695652023e-03,1.086956521739130405e-02,0.000000000000000000e+00,5.434782608695652023e-03,0.000000000000000000e+00,9.239130434782608092e-02,7.608695652173913526e-02,1.086956521739130405e-02,1.086956521739130405e-02,3.260869565217391214e-02,5.434782608695652023e-03,1.630434782608695607e-02,0.000000000000000000e+00,5.434782608695652023e-03,2.717391304347826012e-02,2.173913043478260809e-02,5.434782608695652023e-03,0.000000000000000000e+00,0.000000000000000000e+00,1.086956521739130405e-02,5.434782608695652023e-03,5.434782608695652023e-03,1.086956521739130405e-02,3.260869565217391214e-02,1.630434782608695607e-02,5.434782608695652023e-03,0.000000000000000000e+00
0.000000000000000000e+00,0.000000000000000000e+00,0.000000000000000000e+00,0.000000000000000000e+00,5.454545454545454281e-02,5.454545454545454281e-02,0.000000000000000000e+00,0.000000000000000000e+00,0.000000000000000000e+00,1.818181818181818094e-02,0.000000000000000000e+00,1.818181818181818094e-02,1.818181818181818094e-02,1.818181818181818094e-02,0.000000000000000000e+00,0.000000000000000000e+00,3.636363636363636187e-02,0.000000000000000000e+00,3.636363636363636187e-02,3.636363636363636187e-02,3.636363636363636187e-02,0.000000000000000000e+00,1.818181818181818094e-02,1.818181818181818094e-02,0.000000000000000000e+00,0.000000000000000000e+00,0.000000000000000000e+00,1.818181818181818094e-02,1.818181818181818094e-02,0.000000000000000000e+00,0.000000000000000000e+00,0.000000000000000000e+00,0.000000000000000000e+00,9.090909090909091161e-02,9.090909090909091161e-02,0.000000000000000000e+00,0.000000000000000000e+00,0.000000000000000000e+00,0.000000000000000000e+00,0.000000000000000000e+00,1.818181818181818094e-02,0.000000000000000000e+00,1.818181818181818094e-02,1.818181818181818094e-02,1.818181818181818094e-02,0.000000000000000000e+00,0.000000000000000000e+00,3.636363636363636187e-02,0.000000000000000000e+00,3.636363636363636187e-02,3.636363636363636187e-02,3.636363636363636187e-02,0.000000000000000000e+00,1.818181818181818094e-02,1.818181818181818094e-02,0.000000000000000000e+00,3.636363636363636187e-02,3.636363636363636187e-02,0.000000000000000000e+00,1.818181818181818094e-02,0.000000000000000000e+00,0.000000000000000000e+00,0.000000000000000000e+00,0.000000000000000000e+00,0.000000000000000000e+00,3.636363636363636187e-02,3.636363636363636187e-02,0.000000000000000000e+00,0.000000000000000000e+00
0.000000000000000000e+00,0.000000000000000000e+00,0.000000000000000000e+00,0.000000000000000000e+00,0.000000000000000000e+00,0.000000000000000000e+00,0.000000000000000000e+00,0.000000000000000000e+00,0.000000000000000000e+00,1.029411764705882304e-01,5.882352941176470507e-02,1.470588235294117627e-02,1.470588235294117627e-02,1.470588235294117627e-02,0.000000000000000000e+00,0.000000000000000000e+00,8.823529411764706454e-02,7.352941176470588480e-02,1.470588235294117627e-02,1.470588235294117627e-02,1.470588235294117627e-02,0.000000000000000000e+00,0.000000000000000000e+00,0.000000000000000000e+00,0.000000000000000000e+00,0.000000000000000000e+00,0.000000000000000000e+00,0.000000000000000000e+00,0.000000000000000000e+00,0.000000000000000000e+00,0.000000000000000000e+00,0.000000000000000000e+00,0.000000000000000000e+00,4.411764705882353227e-02,4.411764705882353227e-02,0.000000000000000000e+00,0.000000000000000000e+00,2.941176470588235253e-02,0.000000000000000000e+00,0.000000000000000000e+00,1.029411764705882304e-01,5.882352941176470507e-02,1.470588235294117627e-02,1.470588235294117627e-02,1.470588235294117627e-02,0.000000000000000000e+00,0.000000000000000000e+00,8.823529411764706454e-02,7.352941176470588480e-02,1.470588235294117627e-02,1.470588235294117627e-02,1.470588235294117627e-02,0.000000000000000000e+00,0.000000000000000000e+00,0.000000000000000000e+00,0.000000000000000000e+00,1.470588235294117627e-02,1.470588235294117627e-02,0.000000000000000000e+00,1.470588235294117627e-02,1.470588235294117627e-02,0.000000000000000000e+00,0.000000000000000000e+00,0.000000000000000000e+00,0.000000000000000000e+00,0.000000000000000000e+00,0.000000000000000000e+00,0.000000000000000000e+00,0.000000000000000000e+00
9.433962264150944077e-02,8.490566037735848559e-02,0.000000000000000000e+00,0.000000000000000000e+00,9.433962264150943036e-03,0.000000000000000000e+00,9.433962264150943036e-03,9.433962264150943036e-03,9.433962264150943036e-03,1.886792452830188607e-02,9.433962264150943036e-03,9.433962264150943036e-03,0.000000000000000000e+00,0.000000000000000000e+00,0.000000000000000000e+00,0.000000000000000000e+00,3.773584905660377214e-02,1.886792452830188607e-02,1.886792452830188607e-02,1.886792452830188607e-02,2.830188679245283084e-02,0.000000000000000000e+00,0.000000000000000000e+00,0.000000000000000000e+00,0.000000000000000000e+00,0.000000000000000000e+00,0.000000000000000000e+00,9.433962264150943036e-03,0.000000000000000000e+00,1.037735849056603821e-01,9.433962264150944077e-02,0.000000000000000000e+00,0.000000000000000000e+00,2.830188679245283084e-02,9.433962264150943036e-03,1.886792452830188607e-02,1.886792452830188607e-02,0.000000000000000000e+00,0.000000000000000000e+00,9.433962264150943036e-03,1.886792452830188607e-02,9.433962264150943036e-03,9.433962264150943036e-03,0.000000000000000000e+00,0.000000000000000000e+00,0.000000000000000000e+00,0.000000000000000000e+00,4.716981132075472039e-02,1.886792452830188607e-02,1.886792452830188607e-02,1.886792452830188607e-02,2.830188679245283084e-02,0.000000000000000000e+00,0.000000000000000000e+00,0.000000000000000000e+00,9.433962264150943036e-03,4.716981132075472039e-02,4.716981132075472039e-02,9.433962264150943036e-03,0.000000000000000000e+00,0.000000000000000000e+00,0.000000000000000000e+00,0.000000000000000000e+00,0.000000000000000000e+00,9.433962264150943036e-03,1.886792452830188607e-02,0.000000000000000000e+00,9.433962264150943036e-03,9.433962264150943036e-03
0.000000000000000000e+00,0.000000000000000000e+00,0.000000000000000000e+00,0.000000000000000000e+00,0.000000000000000000e+00,0.000000000000000000e+00,0.000000000000000000e+00,0.000000000000000000e+00,0.000000000000000000e+00,1.071428571428571369e-01,7.142857142857142461e-02,3.571428571428571230e-02,3.571428571428571230e-02,0.000000000000000000e+00,3.571428571428571230e-02,0.000000000000000000e+00,7.142857142857142461e-02,7.142857142857142461e-02,0.000000000000000000e+00,0.000000000000000000e+00,3.571428571428571230e-02,0.000000000000000000e+00,0.000000000000000000e+00,0.000000000000000000e+00,0.000000000000000000e+00,0.000000000000000000e+00,0.000000000000000000e+00,0.000000000000000000e+00,0.000000000000000000e+00,0.000000000000000000e+00,0.000000000000000000e+00,0.000000000000000000e+00,0.000000000000000000e+00,3.571428571428571230e-02,3.571428571428571230e-02,0.000000000000000000e+00,0.000000000000000000e+00,0.000000000000000000e+00,0.000000000000000000e+00,0.000000000000000000e+00,1.071428571428571369e-01,7.142857142857142461e-02,3.571428571428571230e-02,3.571428571428571230e-02,0.000000000000000000e+00,3.571428571428571230e-02,0.000000000000000000e+00,7.142857142857142461e-02,7.142857142857142461e-02,0.000000000000000000e+00,0.000000000000000000e+00,3.571428571428571230e-02,0.000000000000000000e+00,0.000000000000000000e+00,0.000000000000000000e+00,0.000000000000000000e+00,0.000000000000000000e+00,0.000000000000000000e+00,0.000000000000000000e+00,0.000000000000000000e+00,0.000000000000000000e+00,0.000000000000000000e+00,0.000000000000000000e+00,0.000000000000000000e+00,0.000000000000000000e+00,0.000000000000000000e+00,0.000000000000000000e+00,0.000000000000000000e+00,0.000000000000000000e+00
6.382978723404254817e-02,4.255319148936170109e-02,0.000000000000000000e+00,0.000000000000000000e+00,2.127659574468085055e-02,2.127659574468085055e-02,0.000000000000000000e+00,0.000000000000000000e+00,0.000000000000000000e+00,6.382978723404254817e-02,4.255319148936170109e-02,2.127659574468085055e-02,0.000000000000000000e+00,0.000000000000000000e+00,0.000000000000000000e+00,0.000000000000000000e+00,2.127659574468085055e-02,2.127659574468085055e-02,0.000000000000000000e+00,0.000000000000000000e+00,4.255319148936170109e-02,2.127659574468085055e-02,0.000000000000000000e+00,0.000000000000000000e+00,0.000000000000000000e+00,0.000000000000000000e+00,2.127659574468085055e-02,0.000000000000000000e+00,0.000000000000000000e+00,6.382978723404254817e-02,4.255319148936170109e-02,0.000000000000000000e+00,0.000000000000000000e+00,4.255319148936170109e-02,4.255319148936170109e-02,0.000000000000000000e+00,0.000000000000000000e+00,0.000000000000000000e+00,2.127659574468085055e-02,4.255319148936170109e-02,6.382978723404254817e-02,4.255319148936170109e-02,2.127659574468085055e-02,0.000000000000000000e+00,0.000000000000000000e+00,0.000000000000000000e+00,0.000000000000000000e+00,4.255319148936170109e-02,4.255319148936170109e-02,0.000000000000000000e+00,0.000000000000000000e+00,4.255319148936170109e-02,2.127659574468085055e-02,0.000000000000000000e+00,0.000000000000000000e+00,0.000000000000000000e+00,0.000000000000000000e+00,0.000000000000000000e+00,0.000000000000000000e+00,0.000000000000000000e+00,0.000000000000000000e+00,4.255319148936170109e-02,0.000000000000000000e+00,0.000000000000000000e+00,2.127659574468085055e-02,0.000000000000000000e+00,0.000000000000000000e+00,0.000000000000000000e+00,0.000000000000000000e+00
1.785714285714285615e-02,1.785714285714285615e-02,3.571428571428571230e-02,8.928571428571428076e-03,8.928571428571428770e-02,0.000000000000000000e+00,7.142857142857142461e-02,6.250000000000000000e-02,0.000000000000000000e+00,8.928571428571428076e-03,0.000000000000000000e+00,0.000000000000000000e+00,8.928571428571428076e-03,0.000000000000000000e+00,8.928571428571428076e-03,0.000000000000000000e+00,0.000000000000000000e+00,0.000000000000000000e+00,0.000000000000000000e+00,0.000000000000000000e+00,0.000000000000000000e+00,0.000000000000000000e+00,0.000000000000000000e+00,0.000000000000000000e+00,0.000000000000000000e+00,0.000000000000000000e+00,0.000000000000000000e+00,0.000000000000000000e+00,0.000000000000000000e+00,3.571428571428571230e-02,3.571428571428571230e-02,4.464285714285714385e-02,8.928571428571428076e-03,1.250000000000000000e-01,1.785714285714285615e-02,8.035714285714286309e-02,7.142857142857142461e-02,0.000000000000000000e+00,8.928571428571428076e-03,0.000000000000000000e+00,8.928571428571428076e-03,0.000000000000000000e+00,0.000000000000000000e+00,1.785714285714285615e-02,8.928571428571428076e-03,8.928571428571428076e-03,0.000000000000000000e+00,0.000000000000000000e+00,0.000000000000000000e+00,0.000000000000000000e+00,0.000000000000000000e+00,0.000000000000000000e+00,0.000000000000000000e+00,0.000000000000000000e+00,0.000000000000000000e+00,1.785714285714285615e-02,8.035714285714286309e-02,7.142857142857142461e-02,8.928571428571428076e-03,8.928571428571428076e-03,8.928571428571428076e-03,0.000000000000000000e+00,0.000000000000000000e+00,0.000000000000000000e+00,0.000000000000000000e+00,0.000000000000000000e+00,0.000000000000000000e+00,0.000000000000000000e+00,0.000000000000000000e+00
0.000000000000000000e+00,0.000000000000000000e+00,0.000000000000000000e+00,0.000000000000000000e+00,0.000000000000000000e+00,0.000000000000000000e+00,0.000000000000000000e+00,0.000000000000000000e+00,0.000000000000000000e+00,5.882352941176470507e-02,5.882352941176470507e-02,0.000000000000000000e+00,1.176470588235294101e-01,5.882352941176470507e-02,0.000000000000000000e+00,0.000000000000000000e+00,0.000000000000000000e+00,0.000000000000000000e+00,0.000000000000000000e+00,0.000000000000000000e+00,5.882352941176470507e-02,0.000000000000000000e+00,5.882352941176470507e-02,0.000000000000000000e+00,0.000000000000000000e+00,0.000000000000000000e+00,0.000000000000000000e+00,0.000000000000000000e+00,0.000000000000000000e+00,0.000000000000000000e+00,0.000000000000000000e+00,0.000000000000000000e+00,0.000000000000000000e+00,0.000000000000000000e+00,0.000000000000000000e+00,0.000000000000000000e+00,0.000000000000000000e+00,5.882352941176470507e-02,0.000000000000000000e+00,0.000000000000000000e+00,5.882352941176470507e-02,5.882352941176470507e-02,0.000000000000000000e+00,1.176470588235294101e-01,5.882352941176470507e-02,0.000000000000000000e+00,0.000000000000000000e+00,0.000000000000000000e+00,0.000000000000000000e+00,0.000000000000000000e+00,0.000000000000000000e+00,5.882352941176470507e-02,0.000000000000000000e+00,5.882352941176470507e-02,0.000000000000000000e+00,0.000000000000000000e+00,0.000000000000000000e+00,0.000000000000000000e+00,0.000000000000000000e+00,5.882352941176470507e-02,0.000000000000000000e+00,0.000000000000000000e+00,0.000000000000000000e+00,0.000000000000000000e+00,0.000000000000000000e+00,5.882352941176470507e-02,0.000000000000000000e+00,0.000000000000000000e+00,0.000000000000000000e+00
1.875000000000000000e-01,1.250000000000000000e-01,0.000000000000000000e+00,0.000000000000000000e+00,0.000000000000000000e+00,0.000000000000000000e+00,0.000000000000000000e+00,0.000000000000000000e+00,0.000000000000000000e+00,0.000000000000000000e+00,0.000000000000000000e+00,0.000000000000000000e+00,0.000000000000000000e+00,0.000000000000000000e+00,0.000000000000000000e+00,0.000000000000000000e+00,6.250000000000000000e-02,6.250000000000000000e-02,0.000000000000000000e+00,0.000000000000000000e+00,0.000000000000000000e+00,0.000000000000000000e+00,0.000000000000000000e+00,0.000000000000000000e+00,0.000000000000000000e+00,0.000000000000000000e+00,0.000000000000000000e+00,0.000000000000000000e+00,0.000000000000000000e+00,1.875000000000000000e-01,1.250000000000000000e-01,0.000000000000000000e+00,0.000000000000000000e+00,0.000000000000000000e+00,0.000000000000000000e+00,0.000000000000000000e+00,0.000000000000000000e+00,0.000000000000000000e+00,6.250000000000000000e-02,6.250000000000000000e-02,0.000000000000000000e+00,0.000000000000000000e+00,0.000000000000000000e+00,0.000000000000000000e+00,0.000000000000000000e+00,0.000000000000000000e+00,0.000000000000000000e+00,6.250000000000000000e-02,6.250000000000000000e-02,0.000000000000000000e+00,0.000000000000000000e+00,0.000000000000000000e+00,0.000000000000000000e+00,0.000000000000000000e+00,0.000000000000000000e+00,0.000000000000000000e+00,0.000000000000000000e+00,0.000000000000000000e+00,0.000000000000000000e+00,0.000000000000000000e+00,0.000000000000000000e+00,0.000000000000000000e+00,0.000000000000000000e+00,0.000000000000000000e+00,0.000000000000000000e+00,0.000000000000000000e+00,0.000000000000000000e+00,0.000000000000000000e+00,0.000000000000000000e+00
6.756756756756757132e-03,6.756756756756757132e-03,0.000000000000000000e+00,0.000000000000000000e+00,1.351351351351351426e-02,1.351351351351351426e-02,0.000000000000000000e+00,0.000000000000000000e+00,2.027027027027027140e-02,4.729729729729729992e-02,3.378378378378378566e-02,6.756756756756757132e-03,4.054054054054054279e-02,6.756756756756757132e-03,2.027027027027027140e-02,1.351351351351351426e-02,4.729729729729729992e-02,4.054054054054054279e-02,6.756756756756757132e-03,6.756756756756757132e-03,2.027027027027027140e-02,6.756756756756757132e-03,6.756756756756757132e-03,0.000000000000000000e+00,0.000000000000000000e+00,0.000000000000000000e+00,0.000000000000000000e+00,0.000000000000000000e+00,0.000000000000000000e+00,2.027027027027027140e-02,2.027027027027027140e-02,0.000000000000000000e+00,0.000000000000000000e+00,3.378378378378378566e-02,2.702702702702702853e-02,6.756756756756757132e-03,6.756756756756757132e-03,2.027027027027027140e-02,2.027027027027027140e-02,4.054054054054054279e-02,4.729729729729729992e-02,3.378378378378378566e-02,6.756756756756757132e-03,4.054054054054054279e-02,6.756756756756757132e-03,2.027027027027027140e-02,1.351351351351351426e-02,4.729729729729729992e-02,4.054054054054054279e-02,6.756756756756757132e-03,6.756756756756757132e-03,2.027027027027027140e-02,6.756756756756757132e-03,6.756756756756757132e-03,0.000000000000000000e+00,6.756756756756757132e-03,2.027027027027027140e-02,2.027027027027027140e-02,0.000000000000000000e+00,1.351351351351351426e-02,6.756756756756757132e-03,2.027027027027027140e-02,1.351351351351351426e-02,1.351351351351351426e-02,0.000000000000000000e+00,6.756756756756757132e-03,0.000000000000000000e+00,6.756756756756757132e-03,6.756756756756757132e-03
2.754820936639118534e-03,2.754820936639118534e-03,8.264462809917355601e-03,0.000000000000000000e+00,3.030303030303030387e-02,8.264462809917355601e-03,1.928374655647382974e-02,1.928374655647382974e-02,2.754820936639118534e-03,1.928374655647382974e-02,0.000000000000000000e+00,1.377410468319559267e-02,3.030303030303030387e-02,8.264462809917355601e-03,0.000000000000000000e+00,1.652892561983471120e-02,2.754820936639118534e-02,0.000000000000000000e+00,1.652892561983471120e-02,1.377410468319559267e-02,1.928374655647382974e-02,8.264462809917355601e-03,0.000000000000000000e+00,0.000000000000000000e+00,0.000000000000000000e+00,0.000000000000000000e+00,2.754820936639118534e-03,0.000000000000000000e+00,0.000000000000000000e+00,5.509641873278237068e-03,5.509641873278237068e-03,8.264462809917355601e-03,0.000000000000000000e+00,6.336088154269972628e-02,1.652892561983471120e-02,3.581267217630854094e-02,3.581267217630854094e-02,1.101928374655647414e-02,2.754820936639118534e-03,2.754820936639118534e-03,1.928374655647382974e-02,0.000000000000000000e+00,1.377410468319559267e-02,3.030303030303030387e-02,8.264462809917355601e-03,0.000000000000000000e+00,1.652892561983471120e-02,2.754820936639118534e-02,0.000000000000000000e+00,1.652892561983471120e-02,1.377410468319559267e-02,1.928374655647382974e-02,8.264462809917355601e-03,0.000000000000000000e+00,0.000000000000000000e+00,5.509641873278237068e-03,9.917355371900826722e-02,8.815426997245179308e-02,2.203856749311294827e-02,1.377410468319559267e-02,8.264462809917355601e-03,2.479338842975206680e-02,1.928374655647382974e-02,0.000000000000000000e+00,0.000000000000000000e+00,3.030303030303030387e-02,0.000000000000000000e+00,3.030303030303030387e-02,2.754820936639118534e-02
0.000000000000000000e+00,0.000000000000000000e+00,3.267973856209150426e-03,3.267973856209150426e-03,3.921568627450980338e-02,1.307189542483660170e-02,2.614379084967320341e-02,2.287581699346405081e-02,0.000000000000000000e+00,9.803921568627450844e-03,0.000000000000000000e+00,9.803921568627450844e-03,9.803921568627450844e-03,0.000000000000000000e+00,3.267973856209150426e-03,6.535947712418300852e-03,2.614379084967320341e-02,0.000000000000000000e+00,2.287581699346405081e-02,1.633986928104575256e-02,9.803921568627450844e-03,0.000000000000000000e+00,6.535947712418300852e-03,0.000000000000000000e+00,1.307189542483660170e-02,1.307189542483660170e-02,9.803921568627450844e-03,0.000000000000000000e+00,0.000000000000000000e+00,0.000000000000000000e+00,0.000000000000000000e+00,6.535947712418300852e-03,3.267973856209150426e-03,8.496732026143791194e-02,2.287581699346405081e-02,5.555555555555555247e-02,3.267973856209150513e-02,9.803921568627450844e-03,0.000000000000000000e+00,0.000000000000000000e+00,9.803921568627450844e-03,0.000000000000000000e+00,9.803921568627450844e-03,1.633986928104575256e-02,3.267973856209150426e-03,3.267973856209150426e-03,9.803921568627450844e-03,3.594771241830065078e-02,0.000000000000000000e+00,2.941176470588235253e-02,1.960784313725490169e-02,1.633986928104575256e-02,3.267973856209150426e-03,6.535947712418300852e-03,0.000000000000000000e+00,6.535947712418300852e-03,1.209150326797385627e-01,8.169934640522875935e-02,6.535947712418300852e-03,3.267973856209150513e-02,1.960784313725490169e-02,1.633986928104575256e-02,6.535947712418300852e-03,0.000000000000000000e+00,1.307189542483660170e-02,1.960784313725490169e-02,3.267973856209150426e-03,1.633986928104575256e-02,1.307189542483660170e-02
0.000000000000000000e+00,0.000000000000000000e+00,0.000000000000000000e+00,0.000000000000000000e+00,0.000000000000000000e+00,0.000000000000000000e+00,0.000000000000000000e+00,0.000000000000000000e+00,1.666666666666666574e-01,8.333333333333332871e-02,8.333333333333332871e-02,0.000000000000000000e+00,8.333333333333332871e-02,8.333333333333332871e-02,0.000000000000000000e+00,0.000000000000000000e+00,0.000000000000000000e+00,0.000000000000000000e+00,0.000000000000000000e+00,0.000000000000000000e+00,0.000000000000000000e+00,0.000000000000000000e+00,0.000000000000000000e+00,0.000000000000000000e+00,0.000000000000000000e+00,0.000000000000000000e+00,0.000000000000000000e+00,0.000000000000000000e+00,0.000000000000000000e+00,0.000000000000000000e+00,0.000000000000000000e+00,0.000000000000000000e+00,0.000000000000000000e+00,0.000000000000000000e+00,0.000000000000000000e+00,0.000000000000000000e+00,0.000000000000000000e+00,0.000000000000000000e+00,0.000000000000000000e+00,1.666666666666666574e-01,8.333333333333332871e-02,8.333333333333332871e-02,0.000000000000000000e+00,8.333333333333332871e-02,8.333333333333332871e-02,0.000000000000000000e+00,0.000000000000000000e+00,0.000000000000000000e+00,0.000000000000000000e+00,0.000000000000000000e+00,0.000000000000000000e+00,0.000000000000000000e+00,0.000000000000000000e+00,0.000000000000000000e+00,0.000000000000000000e+00,0.000000000000000000e+00,0.000000000000000000e+00,0.000000000000000000e+00,0.000000000000000000e+00,0.000000000000000000e+00,0.000000000000000000e+00,0.000000000000000000e+00,0.000000000000000000e+00,0.000000000000000000e+00,0.000000000000000000e+00,0.000000000000000000e+00,0.000000000000000000e+00,0.000000000000000000e+00,0.000000000000000000e+00
3.225806451612903136e-02,1.612903225806451568e-02,0.000000000000000000e+00,0.000000000000000000e+00,0.000000000000000000e+00,0.000000000000000000e+00,0.000000000000000000e+00,0.000000000000000000e+00,1.612903225806451568e-02,0.000000000000000000e+00,0.000000000000000000e+00,0.000000000000000000e+00,4.838709677419354704e-02,0.000000000000000000e+00,3.225806451612903136e-02,0.000000000000000000e+00,8.064516129032257841e-02,8.064516129032257841e-02,0.000000000000000000e+00,0.000000000000000000e+00,8.064516129032257841e-02,0.000000000000000000e+00,1.612903225806451568e-02,0.000000000000000000e+00,0.000000000000000000e+00,0.000000000000000000e+00,0.000000000000000000e+00,0.000000000000000000e+00,0.000000000000000000e+00,3.225806451612903136e-02,1.612903225806451568e-02,0.000000000000000000e+00,0.000000000000000000e+00,0.000000000000000000e+00,0.000000000000000000e+00,0.000000000000000000e+00,0.000000000000000000e+00,0.000000000000000000e+00,0.000000000000000000e+00,3.225806451612903136e-02,0.000000000000000000e+00,0.000000000000000000e+00,0.000000000000000000e+00,4.838709677419354704e-02,0.000000000000000000e+00,3.225806451612903136e-02,0.000000000000000000e+00,9.677419354838709409e-02,9.677419354838709409e-02,0.000000000000000000e+00,0.000000000000000000e+00,9.677419354838709409e-02,0.000000000000000000e+00,1.612903225806451568e-02,0.000000000000000000e+00,0.000000000000000000e+00,1.612903225806451568e-02,0.000000000000000000e+00,0.000000000000000000e+00,3.225806451612903136e-02,0.000000000000000000e+00,0.000000000000000000e+00,0.000000000000000000e+00,0.000000000000000000e+00,4.838709677419354704e-02,1.612903225806451568e-02,0.000000000000000000e+00,1.612903225806451568e-02,0.000000000000000000e+00
0.000000000000000000e+00,0.000000000000000000e+00,2.000000000000000042e-02,2.000000000000000042e-02,0.000000000000000000e+00,0.000000000000000000e+00,0.000000000000000000e+00,0.000000000000000000e+00,0.000000000000000000e+00,5.999999999999999778e-02,4.000000000000000083e-02,0.000000000000000000e+00,1.000000000000000056e-01,4.000000000000000083e-02,2.000000000000000042e-02,0.000000000000000000e+00,0.000000000000000000e+00,0.000000000000000000e+00,0.000000000000000000e+00,0.000000000000000000e+00,5.999999999999999778e-02,0.000000000000000000e+00,2.000000000000000042e-02,2.000000000000000042e-02,0.000000000000000000e+00,0.000000000000000000e+00,0.000000000000000000e+00,0.000000000000000000e+00,0.000000000000000000e+00,0.000000000000000000e+00,0.000000000000000000e+00,5.999999999999999778e-02,5.999999999999999778e-02,0.000000000000000000e+00,0.000000000000000000e+00,0.000000000000000000e+00,0.000000000000000000e+00,0.000000000000000000e+00,0.000000000000000000e+00,0.000000000000000000e+00,5.999999999999999778e-02,4.000000000000000083e-02,0.000000000000000000e+00,1.000000000000000056e-01,4.000000000000000083e-02,2.000000000000000042e-02,0.000000000000000000e+00,0.000000000000000000e+00,0.000000000000000000e+00,0.000000000000000000e+00,0.000000000000000000e+00,8.000000000000000167e-02,0.000000000000000000e+00,2.000000000000000042e-02,2.000000000000000042e-02,0.000000000000000000e+00,0.000000000000000000e+00,0.000000000000000000e+00,0.000000000000000000e+00,2.000000000000000042e-02,0.000000000000000000e+00,0.000000000000000000e+00,0.000000000000000000e+00,0.000000000000000000e+00,4.000000000000000083e-02,2.000000000000000042e-02,2.000000000000000042e-02,0.000000000000000000e+00,0.000000000000000000e+00
