5.340762062774289526e-02,5.304583767291225216e-02,0.000000000000000000e+00,4.405950881815869948e-03,1.933792953424851302e-01,0.000000000000000000e+00,6.809648898026559108e-03,2.085294488409553670e-01,0.000000000000000000e+00,4.839173039989815017e-02,0.000000000000000000e+00,0.000000000000000000e+00,0.000000000000000000e+00,1.212193551586341761e-01,1.781015816367471916e-01,0.000000000000000000e+00,0.000000000000000000e+00,0.000000000000000000e+00
0.000000000000000000e+00,0.000000000000000000e+00,0.000000000000000000e+00,5.421024218131758297e-03,3.030376726566270246e-02,0.000000000000000000e+00,0.000000000000000000e+00,2.925743436275485831e-01,5.566320612408220958e-03,1.989773524394349360e-02,1.755945806732293890e-03,1.191048331014108244e-02,1.188037817698718926e-02,1.235987929113461017e-02,1.794796493169463214e-01,1.916434326617221795e-01,8.473869152568334895e-02,0.000000000000000000e+00
2.230055330415219722e-02,1.940690029177296605e-01,6.081571882647254790e-03,8.225481199216370942e-02,3.587409182946793562e-02,1.310156735743822284e-02,9.244282926630417729e-02,0.000000000000000000e+00,0.000000000000000000e+00,3.896053717581106357e-02,2.899676311024500519e-01,0.000000000000000000e+00,6.731268016806832288e-02,0.000000000000000000e+00,9.622438700955192326e-02,1.842909264832709101e-02,0.000000000000000000e+00,0.000000000000000000e+00
0.000000000000000000e+00,0.000000000000000000e+00,0.000000000000000000e+00,0.000000000000000000e+00,2.190861168490270683e-01,0.000000000000000000e+00,0.000000000000000000e+00,1.073566909324579766e-01,0.000000000000000000e+00,2.667541158173401539e-01,0.000000000000000000e+00,0.000000000000000000e+00,0.000000000000000000e+00,6.846981500167087509e-02,4.366579862656398345e-03,0.000000000000000000e+00,0.000000000000000000e+00,0.000000000000000000e+00
5.109506013011701209e-02,0.000000000000000000e+00,0.000000000000000000e+00,5.474286178638918844e-03,1.273785383701087591e-02,0.000000000000000000e+00,4.668784147369816804e-04,1.172307219332035522e-01,8.349487125587319244e-03,3.103832147307776512e-02,1.533656278369012992e-02,4.766591742263447140e-04,1.328556521720865562e-03,0.000000000000000000e+00,2.523227147013958893e-01,1.763953906645565894e-01,1.384060326582937372e-01,0.000000000000000000e+00
0.000000000000000000e+00,1.111564864785096612e-01,7.850927528429181568e-02,1.454482338773278316e-01,3.135814206700944778e-03,5.387773432449413646e-02,6.844635437638048152e-03,0.000000000000000000e+00,1.547932855089015564e-03,5.699263220785877630e-04,3.517946522716943747e-01,5.855871124855267958e-03,9.621136321926831991e-02,0.000000000000000000e+00,6.202267329347099963e-03,0.000000000000000000e+00,0.000000000000000000e+00,0.000000000000000000e+00
2.340535616966550256e-02,1.182761388370068365e-03,0.000000000000000000e+00,0.000000000000000000e+00,1.485790809718276484e-01,0.000000000000000000e+00,0.000000000000000000e+00,7.032659574159966231e-02,0.000000000000000000e+00,6.026235742395134182e-02,0.000000000000000000e+00,0.000000000000000000e+00,0.000000000000000000e+00,4.100828745029291844e-02,1.446581885183259326e-03,0.000000000000000000e+00,0.000000000000000000e+00,0.000000000000000000e+00
3.438132847894074390e-02,2.338176584319639085e-03,0.000000000000000000e+00,0.000000000000000000e+00,2.201984822753843066e-02,0.000000000000000000e+00,0.000000000000000000e+00,2.311906725733270107e-01,0.000000000000000000e+00,2.728494702183872390e-03,0.000000000000000000e+00,0.000000000000000000e+00,0.000000000000000000e+00,5.178390098966539901e-02,0.000000000000000000e+00,0.000000000000000000e+00,3.307545698599327968e-03,0.000000000000000000e+00
1.965630262865517008e-01,0.000000000000000000e+00,2.267164875423069714e-01,0.000000000000000000e+00,1.487407959022233640e-02,0.000000000000000000e+00,2.070653464883065627e-03,1.136486594305210866e-05,2.041846596596220698e-01,1.100878509261011412e-02,1.268312343796867137e-01,1.284358491245680689e-01,2.526435113974833183e-02,8.430468992868283456e-04,2.948841937702485413e-02,1.421561593400754164e-01,1.871893815148238938e-01,1.186864325639388207e-01
5.864869100174935389e-04,0.000000000000000000e+00,0.000000000000000000e+00,1.666291179693899227e-01,0.000000000000000000e+00,0.000000000000000000e+00,2.135410822955825794e-01,0.000000000000000000e+00,8.442333327033886559e-02,2.650458536304983390e-02,0.000000000000000000e+00,5.713757452595716324e-02,1.089250382005962775e-01,8.904374187168695443e-02,2.258326158517309421e-04,8.799886532174416853e-02,1.213862181393618976e-02,0.000000000000000000e+00
2.436745861966713427e-03,1.232975236942033398e-01,0.000000000000000000e+00,1.021832052797168600e-01,0.000000000000000000e+00,1.604637657742805784e-02,1.224788750131401358e-02,0.000000000000000000e+00,1.727628483535305695e-04,1.653808714713958039e-03,3.127579487642147549e-01,0.000000000000000000e+00,9.534553250305126404e-02,0.000000000000000000e+00,5.058350548433720832e-04,1.015743273305975969e-02,0.000000000000000000e+00,1.790312805679027466e-03
0.000000000000000000e+00,1.366962217563286452e-01,1.350085101777554484e-03,3.034432489233699487e-02,4.121237692711489375e-02,1.892726675024399563e-01,0.000000000000000000e+00,1.029657833762701253e-03,5.359536865557418739e-04,9.230412826329305667e-03,3.242118270341028813e-02,3.537531293670678756e-02,1.302319269803059280e-02,4.543457474305320765e-02,0.000000000000000000e+00,0.000000000000000000e+00,0.000000000000000000e+00,7.799798321905282439e-02
9.015855122743585137e-02,1.796399210612720579e-02,1.429695337679030287e-01,6.112359639822298463e-02,3.111214038889348679e-02,2.727701477075251124e-01,0.000000000000000000e+00,7.666960548225624193e-03,1.853475999282202602e-03,0.000000000000000000e+00,1.074532963638289741e-02,1.708539093970642617e-02,3.031244083186362525e-03,2.244321955035209412e-03,4.141503897187663293e-04,0.000000000000000000e+00,2.049454117130749750e-02,0.000000000000000000e+00
2.856711023071896449e-03,4.374537871257858906e-06,0.000000000000000000e+00,7.608672033722811787e-04,7.827864023994053622e-03,3.266996471029218760e-04,1.320386177666245647e-03,1.859643247435594782e-01,0.000000000000000000e+00,0.000000000000000000e+00,0.000000000000000000e+00,0.000000000000000000e+00,0.000000000000000000e+00,3.514589784008789047e-02,0.000000000000000000e+00,0.000000000000000000e+00,0.000000000000000000e+00,0.000000000000000000e+00
6.030481844968556965e-02,0.000000000000000000e+00,3.207380026045392185e-01,0.000000000000000000e+00,0.000000000000000000e+00,5.896574349174314722e-02,2.355783177694334256e-03,0.000000000000000000e+00,1.549886760279894637e-01,0.000000000000000000e+00,1.133036633849687225e-01,1.623442986424019630e-01,2.815482011826726024e-03,0.000000000000000000e+00,0.000000000000000000e+00,1.516402797951275083e-01,5.797176659753070643e-02,1.073196729885827760e-01
0.000000000000000000e+00,0.000000000000000000e+00,0.000000000000000000e+00,7.939924532821397360e-03,8.819265914635414025e-03,0.000000000000000000e+00,0.000000000000000000e+00,6.609762690161524734e-02,0.000000000000000000e+00,2.015468902408068183e-02,4.122552490459524370e-03,0.000000000000000000e+00,0.000000000000000000e+00,0.000000000000000000e+00,1.844302011232244742e-01,1.816820625351684149e-01,9.358730726112160503e-02,0.000000000000000000e+00
1.126667651171037047e-03,0.000000000000000000e+00,0.000000000000000000e+00,1.120769616241188704e-01,0.000000000000000000e+00,0.000000000000000000e+00,2.317583829549105245e-01,0.000000000000000000e+00,3.313950902513562724e-02,1.923573603326182713e-02,0.000000000000000000e+00,6.815080246150675980e-02,7.999772928478766920e-02,7.189117521538149203e-02,2.379086252245004272e-03,0.000000000000000000e+00,0.000000000000000000e+00,0.000000000000000000e+00
0.000000000000000000e+00,2.095176272521641694e-02,2.419450835798045863e-03,1.015774590788029869e-01,1.134517347885635914e-02,7.975566063836411757e-02,0.000000000000000000e+00,8.598928766542061636e-04,0.000000000000000000e+00,0.000000000000000000e+00,6.969553321376158184e-03,5.202412221881726195e-02,0.000000000000000000e+00,0.000000000000000000e+00,2.949906320515537084e-02,0.000000000000000000e+00,0.000000000000000000e+00,0.000000000000000000e+00
0.000000000000000000e+00,0.000000000000000000e+00,0.000000000000000000e+00,0.000000000000000000e+00,5.401955089024215728e-02,0.000000000000000000e+00,0.000000000000000000e+00,3.151803608940319246e-02,0.000000000000000000e+00,1.907638015165844803e-01,0.000000000000000000e+00,0.000000000000000000e+00,0.000000000000000000e+00,2.618903857521137288e-02,1.772466406511118923e-03,0.000000000000000000e+00,0.000000000000000000e+00,0.000000000000000000e+00
1.880744179718628339e-02,2.312573577171628952e-02,0.000000000000000000e+00,0.000000000000000000e+00,3.557554063917903187e-02,0.000000000000000000e+00,4.577521524570379863e-02,0.000000000000000000e+00,0.000000000000000000e+00,4.492786187637704681e-02,0.000000000000000000e+00,0.000000000000000000e+00,0.000000000000000000e+00,4.458935006821334104e-03,1.244249090902065924e-01,0.000000000000000000e+00,0.000000000000000000e+00,0.000000000000000000e+00
4.414440651888483502e-02,0.000000000000000000e+00,2.400838061170117999e-01,0.000000000000000000e+00,0.000000000000000000e+00,0.000000000000000000e+00,0.000000000000000000e+00,0.000000000000000000e+00,1.711099375724320637e-01,0.000000000000000000e+00,1.145458825390465868e-01,1.312230630306100709e-01,7.129698217650928815e-03,0.000000000000000000e+00,0.000000000000000000e+00,1.534532365546002197e-01,5.104846536919796507e-02,1.433867631890732852e-01
0.000000000000000000e+00,0.000000000000000000e+00,0.000000000000000000e+00,0.000000000000000000e+00,4.608151388597905851e-02,0.000000000000000000e+00,0.000000000000000000e+00,2.003036973189607772e-02,0.000000000000000000e+00,6.550177849990723722e-02,0.000000000000000000e+00,0.000000000000000000e+00,0.000000000000000000e+00,1.398360233844644918e-02,4.403291634339956444e-05,0.000000000000000000e+00,1.927833733827665971e-02,0.000000000000000000e+00
1.633548184041953150e-02,4.439337986921235157e-02,1.869333589763446128e-03,5.779766596184146739e-03,1.098047675183403266e-01,0.000000000000000000e+00,0.000000000000000000e+00,0.000000000000000000e+00,0.000000000000000000e+00,2.645464711753263073e-02,0.000000000000000000e+00,0.000000000000000000e+00,0.000000000000000000e+00,4.821317971127614399e-02,9.913625239616828677e-03,0.000000000000000000e+00,0.000000000000000000e+00,0.000000000000000000e+00
2.304133722840968554e-02,9.113564580380102698e-03,0.000000000000000000e+00,9.075412820321459998e-04,0.000000000000000000e+00,0.000000000000000000e+00,4.950547811265973257e-03,1.385351536119767413e-01,0.000000000000000000e+00,0.000000000000000000e+00,0.000000000000000000e+00,0.000000000000000000e+00,0.000000000000000000e+00,3.106501493612803463e-02,0.000000000000000000e+00,0.000000000000000000e+00,0.000000000000000000e+00,0.000000000000000000e+00
0.000000000000000000e+00,0.000000000000000000e+00,0.000000000000000000e+00,0.000000000000000000e+00,4.938830692926596266e-02,0.000000000000000000e+00,0.000000000000000000e+00,6.190351028646751824e-02,0.000000000000000000e+00,5.201240877671977833e-03,0.000000000000000000e+00,0.000000000000000000e+00,0.000000000000000000e+00,3.999313756187032262e-03,0.000000000000000000e+00,0.000000000000000000e+00,1.678202542766178695e-02,0.000000000000000000e+00
0.000000000000000000e+00,0.000000000000000000e+00,0.000000000000000000e+00,1.480360140196631258e-01,0.000000000000000000e+00,0.000000000000000000e+00,1.643312637610181565e-02,0.000000000000000000e+00,3.816792196217348027e-02,3.416009590898073933e-02,0.000000000000000000e+00,6.558025126841469932e-02,1.160572612167039969e-01,1.364502902936069184e-01,0.000000000000000000e+00,0.000000000000000000e+00,0.000000000000000000e+00,0.000000000000000000e+00
8.225599251648221463e-03,1.240595137335092669e-02,0.000000000000000000e+00,0.000000000000000000e+00,2.007163087932746504e-02,0.000000000000000000e+00,4.994448487086152605e-02,0.000000000000000000e+00,0.000000000000000000e+00,3.946925197181423012e-02,0.000000000000000000e+00,0.000000000000000000e+00,0.000000000000000000e+00,1.923998042397893470e-03,1.124640708216965990e-01,0.000000000000000000e+00,0.000000000000000000e+00,0.000000000000000000e+00
0.000000000000000000e+00,0.000000000000000000e+00,0.000000000000000000e+00,1.067519784028560237e-01,0.000000000000000000e+00,0.000000000000000000e+00,2.772889715656647394e-02,0.000000000000000000e+00,2.276373605004686218e-02,1.061203345464506106e-02,0.000000000000000000e+00,6.915205501747269390e-02,5.390623896139656868e-02,8.723098310542028166e-02,0.000000000000000000e+00,0.000000000000000000e+00,0.000000000000000000e+00,0.000000000000000000e+00
1.010300327798932529e-02,1.040498171851403364e-02,3.659578306233774152e-03,5.159271654689590730e-02,3.740676910906903102e-02,7.017510229579451697e-02,0.000000000000000000e+00,0.000000000000000000e+00,0.000000000000000000e+00,2.448695078417943011e-03,0.000000000000000000e+00,2.799675680911032152e-02,0.000000000000000000e+00,1.412513537913511960e-02,1.046356517918856609e-02,0.000000000000000000e+00,0.000000000000000000e+00,0.000000000000000000e+00
1.188596988234120050e-01,9.774698165120361895e-03,0.000000000000000000e+00,0.000000000000000000e+00,0.000000000000000000e+00,0.000000000000000000e+00,1.265748442359075111e-02,2.083902701182776401e-02,6.221344412559979414e-03,1.658341665350689456e-02,7.571318997792991085e-03,0.000000000000000000e+00,0.000000000000000000e+00,6.786943818476233979e-03,4.225091162077348333e-02,0.000000000000000000e+00,0.000000000000000000e+00,0.000000000000000000e+00
5.914909450435185123e-03,1.804073837216366768e-03,0.000000000000000000e+00,2.541492020453981621e-03,0.000000000000000000e+00,0.000000000000000000e+00,3.338621113651510028e-03,1.125271366414715563e-01,0.000000000000000000e+00,0.000000000000000000e+00,0.000000000000000000e+00,0.000000000000000000e+00,0.000000000000000000e+00,2.742871372426947466e-02,0.000000000000000000e+00,0.000000000000000000e+00,0.000000000000000000e+00,0.000000000000000000e+00
0.000000000000000000e+00,0.000000000000000000e+00,0.000000000000000000e+00,8.472219035172340318e-02,0.000000000000000000e+00,0.000000000000000000e+00,3.673837089357295110e-02,0.000000000000000000e+00,1.006369198459478032e-02,6.859371795658409342e-03,0.000000000000000000e+00,5.659384147423288797e-02,1.370085273664817596e-02,8.472710074107606126e-02,0.000000000000000000e+00,0.000000000000000000e+00,0.000000000000000000e+00,0.000000000000000000e+00
6.240856224479041613e-03,5.138513264248781298e-02,2.826080193180634405e-06,2.201005981131646215e-03,3.234586022176738629e-02,0.000000000000000000e+00,0.000000000000000000e+00,0.000000000000000000e+00,0.000000000000000000e+00,1.411830974290382461e-04,0.000000000000000000e+00,1.562221606389620904e-02,0.000000000000000000e+00,2.609184574689031241e-02,6.837672805141472090e-03,0.000000000000000000e+00,0.000000000000000000e+00,0.000000000000000000e+00
0.000000000000000000e+00,0.000000000000000000e+00,0.000000000000000000e+00,9.889883023979157556e-03,3.914995230386245778e-02,0.000000000000000000e+00,0.000000000000000000e+00,2.023758501339718505e-02,0.000000000000000000e+00,5.276632720248554224e-03,0.000000000000000000e+00,0.000000000000000000e+00,1.266899905640098438e-03,2.920935740637943707e-03,3.014297934207053192e-02,0.000000000000000000e+00,1.650389414393950427e-02,0.000000000000000000e+00
1.264229569740530496e-02,4.260359673967649939e-03,1.320353467647331688e-03,4.220680914590122651e-02,2.709484776917293544e-02,6.093910148629319568e-02,0.000000000000000000e+00,0.000000000000000000e+00,0.000000000000000000e+00,0.000000000000000000e+00,0.000000000000000000e+00,1.992830238443916296e-02,0.000000000000000000e+00,1.510865774684969770e-02,9.911627581464155581e-03,0.000000000000000000e+00,0.000000000000000000e+00,0.000000000000000000e+00
6.531939155995170401e-03,0.000000000000000000e+00,0.000000000000000000e+00,0.000000000000000000e+00,6.052709506536126799e-02,0.000000000000000000e+00,0.000000000000000000e+00,0.000000000000000000e+00,7.929383534000793588e-04,3.394980119827061688e-02,0.000000000000000000e+00,5.289280758206909953e-04,0.000000000000000000e+00,2.916582351165333473e-02,0.000000000000000000e+00,0.000000000000000000e+00,0.000000000000000000e+00,4.033146845568645091e-03
0.000000000000000000e+00,0.000000000000000000e+00,0.000000000000000000e+00,0.000000000000000000e+00,9.786681959444284637e-03,0.000000000000000000e+00,0.000000000000000000e+00,6.907081078909161134e-03,0.000000000000000000e+00,1.140514232676999862e-01,0.000000000000000000e+00,0.000000000000000000e+00,1.062392951154991332e-04,1.029253476389842790e-02,0.000000000000000000e+00,0.000000000000000000e+00,0.000000000000000000e+00,0.000000000000000000e+00
0.000000000000000000e+00,0.000000000000000000e+00,0.000000000000000000e+00,0.000000000000000000e+00,3.408312797967466556e-02,0.000000000000000000e+00,0.000000000000000000e+00,4.310415119478611806e-02,0.000000000000000000e+00,5.311596371677615794e-03,0.000000000000000000e+00,0.000000000000000000e+00,0.000000000000000000e+00,0.000000000000000000e+00,0.000000000000000000e+00,0.000000000000000000e+00,0.000000000000000000e+00,0.000000000000000000e+00
0.000000000000000000e+00,9.748186022767199588e-02,0.000000000000000000e+00,0.000000000000000000e+00,1.394715546115867996e-02,2.478138492413812025e-02,0.000000000000000000e+00,5.990138635072261511e-05,0.000000000000000000e+00,3.376143565735538997e-03,0.000000000000000000e+00,1.262962245660563879e-02,1.481489253048961542e-02,1.046984101186778857e-02,0.000000000000000000e+00,0.000000000000000000e+00,0.000000000000000000e+00,3.950528105624850905e-02
1.016161739069840197e-01,6.699589970650262141e-03,0.000000000000000000e+00,0.000000000000000000e+00,0.000000000000000000e+00,0.000000000000000000e+00,1.675740336550449183e-02,1.306047032875038046e-02,1.328942695091778030e-03,1.750340836704373723e-02,1.111573929808542388e-02,0.000000000000000000e+00,0.000000000000000000e+00,0.000000000000000000e+00,2.770953112060874773e-02,0.000000000000000000e+00,5.712585654807449641e-03,0.000000000000000000e+00
1.167169159061098686e-02,0.000000000000000000e+00,0.000000000000000000e+00,0.000000000000000000e+00,0.000000000000000000e+00,0.000000000000000000e+00,4.906745468173972363e-02,4.977378599044327695e-02,0.000000000000000000e+00,0.000000000000000000e+00,0.000000000000000000e+00,0.000000000000000000e+00,0.000000000000000000e+00,0.000000000000000000e+00,2.297973679633065827e-02,0.000000000000000000e+00,2.690542894376161120e-01,0.000000000000000000e+00
4.505169637464750206e-04,0.000000000000000000e+00,0.000000000000000000e+00,2.293832899813894738e-02,0.000000000000000000e+00,0.000000000000000000e+00,1.805367730032317597e-01,0.000000000000000000e+00,1.405964741289986858e-02,4.607743930892554095e-03,0.000000000000000000e+00,2.573818049557626084e-03,4.326560343170354067e-02,0.000000000000000000e+00,2.005822175576679051e-02,0.000000000000000000e+00,0.000000000000000000e+00,0.000000000000000000e+00
0.000000000000000000e+00,0.000000000000000000e+00,0.000000000000000000e+00,0.000000000000000000e+00,1.841941606708989709e-02,0.000000000000000000e+00,0.000000000000000000e+00,4.513090887761106798e-03,0.000000000000000000e+00,4.796884755676462941e-02,0.000000000000000000e+00,0.000000000000000000e+00,1.297524737423112055e-05,3.214454673777346685e-03,0.000000000000000000e+00,0.000000000000000000e+00,0.000000000000000000e+00,0.000000000000000000e+00
5.737863821832846212e-02,0.000000000000000000e+00,1.525167669467148053e-02,0.000000000000000000e+00,0.000000000000000000e+00,3.729312371984811608e-02,3.226421694892473574e-02,0.000000000000000000e+00,0.000000000000000000e+00,0.000000000000000000e+00,0.000000000000000000e+00,0.000000000000000000e+00,0.000000000000000000e+00,0.000000000000000000e+00,2.153864679923242140e-02,0.000000000000000000e+00,3.720925938576577496e-01,0.000000000000000000e+00
1.564492646955426697e-02,1.309574308043334051e-02,0.000000000000000000e+00,4.431601568266954616e-04,2.560890909269113169e-02,0.000000000000000000e+00,4.263667160809301378e-04,1.064885168485150795e-02,0.000000000000000000e+00,3.683294682454280738e-02,0.000000000000000000e+00,0.000000000000000000e+00,0.000000000000000000e+00,0.000000000000000000e+00,5.070396977291859002e-03,6.710996583353452563e-05,0.000000000000000000e+00,0.000000000000000000e+00
0.000000000000000000e+00,7.430186705604405716e-03,0.000000000000000000e+00,0.000000000000000000e+00,1.093459236076015258e-03,0.000000000000000000e+00,4.329668245810820715e-02,0.000000000000000000e+00,0.000000000000000000e+00,3.327623342605031840e-04,0.000000000000000000e+00,0.000000000000000000e+00,0.000000000000000000e+00,0.000000000000000000e+00,1.124814724157340573e-01,0.000000000000000000e+00,1.974171516353935996e-03,0.000000000000000000e+00
0.000000000000000000e+00,0.000000000000000000e+00,6.764453805328252134e-02,2.697667770990235317e-02,2.570012816963648632e-03,3.968880619492875378e-02,0.000000000000000000e+00,1.000117130677305628e-02,0.000000000000000000e+00,0.000000000000000000e+00,2.837512601860289752e-02,2.475628690382503452e-02,7.315266707760043237e-04,0.000000000000000000e+00,5.653201631343739500e-03,0.000000000000000000e+00,0.000000000000000000e+00,0.000000000000000000e+00
0.000000000000000000e+00,5.709878681323759392e-03,0.000000000000000000e+00,5.123956565561927495e-02,1.931710811364292443e-02,7.330161668199646624e-03,0.000000000000000000e+00,0.000000000000000000e+00,0.000000000000000000e+00,0.000000000000000000e+00,1.507809254319830011e-02,2.178822076697964349e-03,0.000000000000000000e+00,0.000000000000000000e+00,1.701233280192988515e-02,0.000000000000000000e+00,0.000000000000000000e+00,0.000000000000000000e+00
6.463275430550168010e-02,0.000000000000000000e+00,5.421925995520361641e-02,1.523791926203676940e-03,3.974295935255407058e-03,1.098767122587580719e-01,3.565217560767795779e-04,1.306970800151753412e-03,0.000000000000000000e+00,0.000000000000000000e+00,0.000000000000000000e+00,6.388179676993826356e-03,0.000000000000000000e+00,4.676175502817536168e-03,0.000000000000000000e+00,0.000000000000000000e+00,2.743655625376157509e-02,0.000000000000000000e+00
0.000000000000000000e+00,0.000000000000000000e+00,0.000000000000000000e+00,5.220283605576676172e-02,0.000000000000000000e+00,0.000000000000000000e+00,2.899305310529524601e-02,2.833650556052436358e-03,1.013535245354766669e-02,1.794997319664802223e-03,0.000000000000000000e+00,4.634131177109057642e-02,1.632065602766554629e-02,5.467963002740973411e-02,0.000000000000000000e+00,0.000000000000000000e+00,0.000000000000000000e+00,0.000000000000000000e+00
0.000000000000000000e+00,0.000000000000000000e+00,0.000000000000000000e+00,0.000000000000000000e+00,1.029997955364494837e-02,0.000000000000000000e+00,0.000000000000000000e+00,1.656537142000067547e-02,0.000000000000000000e+00,1.475248490154260766e-02,0.000000000000000000e+00,0.000000000000000000e+00,0.000000000000000000e+00,3.437343178864041022e-03,0.000000000000000000e+00,0.000000000000000000e+00,2.759764263901178655e-02,0.000000000000000000e+00
9.704123946056471273e-03,6.268229990621303205e-02,0.000000000000000000e+00,2.342803213529744903e-04,1.815015522105177873e-02,3.737479590519774547e-02,0.000000000000000000e+00,0.000000000000000000e+00,0.000000000000000000e+00,2.162314082398298937e-03,0.000000000000000000e+00,0.000000000000000000e+00,7.851378236421253237e-03,0.000000000000000000e+00,2.074156072948843757e-03,0.000000000000000000e+00,0.000000000000000000e+00,6.590230752904500944e-02
2.919165585407455625e-03,0.000000000000000000e+00,4.903272122283615711e-03,3.846527336067667030e-02,0.000000000000000000e+00,6.574938123380134891e-02,0.000000000000000000e+00,0.000000000000000000e+00,0.000000000000000000e+00,3.587900890511186371e-04,0.000000000000000000e+00,2.301361629166479364e-02,0.000000000000000000e+00,0.000000000000000000e+00,0.000000000000000000e+00,0.000000000000000000e+00,1.441801688517492519e-04,0.000000000000000000e+00
0.000000000000000000e+00,0.000000000000000000e+00,0.000000000000000000e+00,0.000000000000000000e+00,2.720877435920911885e-02,0.000000000000000000e+00,0.000000000000000000e+00,4.427911214053858319e-02,0.000000000000000000e+00,0.000000000000000000e+00,0.000000000000000000e+00,0.000000000000000000e+00,0.000000000000000000e+00,0.000000000000000000e+00,0.000000000000000000e+00,0.000000000000000000e+00,0.000000000000000000e+00,2.867749953974325049e-03
0.000000000000000000e+00,2.375494532372631352e-03,0.000000000000000000e+00,0.000000000000000000e+00,0.000000000000000000e+00,0.000000000000000000e+00,4.499412976340066289e-02,0.000000000000000000e+00,0.000000000000000000e+00,0.000000000000000000e+00,0.000000000000000000e+00,0.000000000000000000e+00,0.000000000000000000e+00,0.000000000000000000e+00,1.033647490785246925e-01,0.000000000000000000e+00,3.455447196115065973e-03,0.000000000000000000e+00
1.485707999824529939e-02,8.304333608795845881e-03,0.000000000000000000e+00,0.000000000000000000e+00,2.089048890697198929e-02,0.000000000000000000e+00,2.748174969286362691e-04,4.797569462659205877e-03,0.000000000000000000e+00,3.033567816081874161e-02,0.000000000000000000e+00,0.000000000000000000e+00,0.000000000000000000e+00,0.000000000000000000e+00,3.590374383739690107e-03,0.000000000000000000e+00,0.000000000000000000e+00,0.000000000000000000e+00
0.000000000000000000e+00,4.325472738678686618e-02,3.957414709015152281e-04,0.000000000000000000e+00,5.917056284544489932e-03,2.001289475004199448e-03,0.000000000000000000e+00,3.610610516646790770e-04,0.000000000000000000e+00,2.278448377187534003e-03,0.000000000000000000e+00,2.048267274810648686e-02,0.000000000000000000e+00,1.593856249263216757e-02,0.000000000000000000e+00,0.000000000000000000e+00,0.000000000000000000e+00,0.000000000000000000e+00
0.000000000000000000e+00,0.000000000000000000e+00,6.479458652254610485e-02,1.084536401403410170e-02,3.198886051671901744e-03,3.218761166667943874e-02,0.000000000000000000e+00,4.514098893610478391e-03,0.000000000000000000e+00,9.460555013570319614e-04,2.430254026609400542e-02,1.906849763957973662e-02,1.717307095541118801e-03,0.000000000000000000e+00,4.697625947716829904e-03,0.000000000000000000e+00,0.000000000000000000e+00,0.000000000000000000e+00
0.000000000000000000e+00,0.000000000000000000e+00,0.000000000000000000e+00,1.114755955814651471e-02,1.961623315430187364e-02,0.000000000000000000e+00,0.000000000000000000e+00,1.594304300736799906e-02,0.000000000000000000e+00,4.463747316872887852e-03,0.000000000000000000e+00,0.000000000000000000e+00,3.145101403605630118e-04,0.000000000000000000e+00,2.620228508504416146e-02,0.000000000000000000e+00,1.984647727696696104e-02,0.000000000000000000e+00
1.788900940077527146e-02,1.205862176394838919e-02,0.000000000000000000e+00,3.474575601711646800e-03,2.525677554538654362e-02,0.000000000000000000e+00,2.462154342118439733e-03,0.000000000000000000e+00,0.000000000000000000e+00,1.361892258472310012e-02,0.000000000000000000e+00,0.000000000000000000e+00,0.000000000000000000e+00,1.675106821176684108e-02,0.000000000000000000e+00,0.000000000000000000e+00,0.000000000000000000e+00,0.000000000000000000e+00
5.660405957385381123e-04,0.000000000000000000e+00,0.000000000000000000e+00,0.000000000000000000e+00,3.437146426817374451e-02,2.671597962751738522e-03,0.000000000000000000e+00,1.418431609396053790e-02,0.000000000000000000e+00,0.000000000000000000e+00,0.000000000000000000e+00,0.000000000000000000e+00,0.000000000000000000e+00,0.000000000000000000e+00,9.907849776661802402e-03,0.000000000000000000e+00,2.266149005210412945e-02,1.551039315432188061e-04
2.301406714160020642e-02,3.308315981984468607e-02,0.000000000000000000e+00,0.000000000000000000e+00,0.000000000000000000e+00,0.000000000000000000e+00,0.000000000000000000e+00,2.591936017662196945e-02,0.000000000000000000e+00,0.000000000000000000e+00,9.338534932780104844e-05,0.000000000000000000e+00,0.000000000000000000e+00,4.985092313074816935e-03,7.082739916517502739e-03,1.267238884431765196e-03,0.000000000000000000e+00,0.000000000000000000e+00
0.000000000000000000e+00,3.463024536385982122e-02,0.000000000000000000e+00,0.000000000000000000e+00,0.000000000000000000e+00,7.580626784286882691e-02,1.266276877161505443e-02,0.000000000000000000e+00,0.000000000000000000e+00,0.000000000000000000e+00,8.045901227793023427e-03,0.000000000000000000e+00,2.884572804306882732e-02,0.000000000000000000e+00,2.269374375586471430e-03,0.000000000000000000e+00,0.000000000000000000e+00,2.186123358670003236e-01
9.047250535636855787e-03,2.841690277152191663e-02,2.334196010873169306e-03,8.327648190482648746e-03,3.644724592954810133e-02,1.298982409367726307e-04,0.000000000000000000e+00,0.000000000000000000e+00,0.000000000000000000e+00,0.000000000000000000e+00,0.000000000000000000e+00,3.890113914465088670e-04,0.000000000000000000e+00,3.375115700457881947e-03,1.442547036176641297e-02,0.000000000000000000e+00,0.000000000000000000e+00,0.000000000000000000e+00
0.000000000000000000e+00,0.000000000000000000e+00,0.000000000000000000e+00,0.000000000000000000e+00,2.290256636740534146e-02,0.000000000000000000e+00,0.000000000000000000e+00,0.000000000000000000e+00,0.000000000000000000e+00,3.461494191348701149e-02,0.000000000000000000e+00,0.000000000000000000e+00,3.069090290312634622e-04,1.086667091199912914e-02,0.000000000000000000e+00,0.000000000000000000e+00,0.000000000000000000e+00,0.000000000000000000e+00
0.000000000000000000e+00,1.946785171790159363e-02,0.000000000000000000e+00,0.000000000000000000e+00,6.161806283693138132e-03,6.495443050891257231e-02,0.000000000000000000e+00,1.901349676461950569e-03,0.000000000000000000e+00,1.910954927428542898e-03,0.000000000000000000e+00,0.000000000000000000e+00,8.319627862626436873e-03,0.000000000000000000e+00,0.000000000000000000e+00,0.000000000000000000e+00,0.000000000000000000e+00,2.434660265001525881e-01
6.111065558999091707e-02,0.000000000000000000e+00,0.000000000000000000e+00,0.000000000000000000e+00,0.000000000000000000e+00,0.000000000000000000e+00,1.108399080058206955e-02,3.376341301919776657e-03,1.282400048172467784e-02,5.781029494988093945e-03,8.811596143698967321e-03,0.000000000000000000e+00,0.000000000000000000e+00,0.000000000000000000e+00,4.546800179780275536e-02,0.000000000000000000e+00,1.736293782614625747e-02,0.000000000000000000e+00
5.982133204666357368e-03,0.000000000000000000e+00,1.906856994847833196e-03,2.629776114659486408e-02,0.000000000000000000e+00,5.756418833736306334e-02,0.000000000000000000e+00,0.000000000000000000e+00,0.000000000000000000e+00,7.392885683100616084e-04,0.000000000000000000e+00,1.883104172736584786e-02,0.000000000000000000e+00,0.000000000000000000e+00,5.829262901364804829e-04,0.000000000000000000e+00,2.113140225419616030e-03,0.000000000000000000e+00
0.000000000000000000e+00,5.492449274553301564e-02,0.000000000000000000e+00,7.206389792644060308e-03,9.412850223174056008e-03,0.000000000000000000e+00,0.000000000000000000e+00,0.000000000000000000e+00,0.000000000000000000e+00,0.000000000000000000e+00,0.000000000000000000e+00,2.610108486023907798e-02,0.000000000000000000e+00,6.152879712558278862e-03,4.386572291333861590e-03,0.000000000000000000e+00,0.000000000000000000e+00,0.000000000000000000e+00
2.531755517640250225e-02,0.000000000000000000e+00,5.071239986332241184e-02,1.574249261816984330e-03,9.201334683374280373e-04,6.294381969010864886e-02,1.735244316035983343e-03,2.396820855072445168e-03,8.690857575845018987e-03,0.000000000000000000e+00,0.000000000000000000e+00,1.229155523608589477e-02,0.000000000000000000e+00,3.285324542107565925e-03,0.000000000000000000e+00,0.000000000000000000e+00,3.446480587773415732e-02,0.000000000000000000e+00
0.000000000000000000e+00,9.283914766793799345e-03,7.374766470906497437e-03,0.000000000000000000e+00,0.000000000000000000e+00,0.000000000000000000e+00,0.000000000000000000e+00,0.000000000000000000e+00,5.440788511840579690e-03,0.000000000000000000e+00,0.000000000000000000e+00,0.000000000000000000e+00,8.934649166790066543e-02,0.000000000000000000e+00,0.000000000000000000e+00,4.830541962940262946e-01,0.000000000000000000e+00,6.702034035043570592e-02
2.227940104655277368e-03,5.211619565583326674e-02,0.000000000000000000e+00,0.000000000000000000e+00,1.595432503945815386e-02,2.375953081813844681e-02,0.000000000000000000e+00,0.000000000000000000e+00,0.000000000000000000e+00,2.408403608975586037e-03,0.000000000000000000e+00,0.000000000000000000e+00,5.651599593264520181e-04,8.500036554216655084e-04,9.615111268539516223e-05,0.000000000000000000e+00,0.000000000000000000e+00,8.097573459797065276e-02
0.000000000000000000e+00,4.674433905500933323e-03,0.000000000000000000e+00,4.521089600248956453e-02,2.964272410358208786e-03,7.591443780420993256e-03,0.000000000000000000e+00,0.000000000000000000e+00,0.000000000000000000e+00,0.000000000000000000e+00,1.204662608917588841e-02,0.000000000000000000e+00,0.000000000000000000e+00,0.000000000000000000e+00,1.029940238994565653e-02,0.000000000000000000e+00,0.000000000000000000e+00,0.000000000000000000e+00
0.000000000000000000e+00,1.958173938678597903e-02,0.000000000000000000e+00,1.086433305494062702e-02,2.517580515649037089e-03,6.739018891745542691e-04,0.000000000000000000e+00,9.481792239064533315e-04,0.000000000000000000e+00,0.000000000000000000e+00,4.222537102882113584e-03,1.793412431671311327e-02,6.699268388029975966e-04,1.091727371337878922e-04,2.545446617245163221e-03,0.000000000000000000e+00,0.000000000000000000e+00,0.000000000000000000e+00
2.736376287976321001e-02,7.717757531253520778e-03,0.000000000000000000e+00,0.000000000000000000e+00,1.901660061493005462e-03,0.000000000000000000e+00,0.000000000000000000e+00,1.264302837520291795e-02,0.000000000000000000e+00,2.889707101723596600e-03,0.000000000000000000e+00,0.000000000000000000e+00,0.000000000000000000e+00,8.604428380172829752e-03,0.000000000000000000e+00,0.000000000000000000e+00,0.000000000000000000e+00,0.000000000000000000e+00
0.000000000000000000e+00,7.575019915353098550e-03,0.000000000000000000e+00,8.772870373107664876e-03,1.146916744830386685e-02,1.466274699309476912e-03,4.995703173400201091e-03,0.000000000000000000e+00,1.132780166782765231e-03,0.000000000000000000e+00,0.000000000000000000e+00,4.252654040929339588e-03,2.026641925545812171e-04,1.408230605504738955e-02,2.980543411616074119e-03,0.000000000000000000e+00,0.000000000000000000e+00,0.000000000000000000e+00
0.000000000000000000e+00,0.000000000000000000e+00,9.123205660987759218e-04,3.643447265029274573e-02,0.000000000000000000e+00,0.000000000000000000e+00,0.000000000000000000e+00,0.000000000000000000e+00,8.245614502916919983e-03,2.254687282315002983e-02,0.000000000000000000e+00,0.000000000000000000e+00,5.786153328249662303e-02,4.496757453609666333e-02,0.000000000000000000e+00,0.000000000000000000e+00,0.000000000000000000e+00,0.000000000000000000e+00
