3.527748457866491938e-03,7.657729815784003122e-03,7.122534315193586318e-03,1.006918707231039926e-02,9.327974704401859052e-05,1.062146353030222817e-03,2.919120483627676843e-03,1.195208839882663451e-02,4.411016781270066245e-03,3.949068100870697234e-03,1.750413566729260018e-03,1.133083025979923081e-03,5.308435690749402358e-03,4.282726280777360284e-04,1.133423329381633843e-02,7.625815416493132715e-03,5.094024888874046364e-03,2.144221323201314644e-03,2.487326976981035775e-03,1.039983186661092018e-02,2.011738057189328688e-03,4.035654224985611369e-03,2.653392301428636468e-03,1.156779386540417870e-03,1.025432572696009792e-02,1.269713496154042248e-02,5.706219929820011139e-03,5.023637036208184956e-03,1.313859979934912936e-02,1.515192143337272535e-02,2.348739265053773062e-03,1.116331699504646835e-03,5.419293841129262101e-03,7.300173719375307015e-04,8.096252162518280046e-03
1.222173058584678784e-02,7.209317348854171054e-03,9.724831316173087464e-03,7.235822698773757000e-03,9.819528527671247953e-03,7.859905035301291334e-04,2.681332300744937447e-03,7.806649384790407577e-03,2.707004096574166033e-03,7.135195230568026036e-03,3.999265536923108516e-03,4.393159072307428054e-04,1.780094715377265532e-02,9.819421196912578309e-03,1.990303215509802836e-03,6.319110562249694030e-03,2.521417739221945564e-03,4.805625780560952680e-03,4.055653999075620186e-04,2.339716478941468447e-03,5.207164985657755304e-03,3.141165372246136275e-03,1.016143054686424393e-02,4.047550408799593588e-03,5.593387760134932440e-03,1.305996944241323739e-02,1.314215310869004671e-03,8.355261128259322545e-04,8.083149321058136216e-04,3.728047778416447577e-03,3.498238560763825000e-04,6.458528828064691307e-04,3.774744533031830496e-03,4.248824350694672090e-03,3.796979770672440600e-03
1.609460349757882436e-03,1.495141115615197802e-02,2.856651997725535852e-03,6.515005388192392222e-03,3.300512627351939732e-03,1.509161730140810842e-03,4.178497270552194998e-04,5.753512050637010766e-03,1.505862620425429954e-03,8.643713673871844527e-03,1.056847444153929949e-02,3.898517841715659626e-03,8.598748194816895063e-03,1.376227617239725309e-03,2.137500872439961064e-03,6.754414877536280004e-04,1.477686824068265639e-03,7.738890858268787643e-03,2.650041401960526177e-03,4.835571362034801757e-03,4.348057683614257873e-03,5.860731875848068650e-03,8.525232197907982312e-03,4.082109563423266807e-03,4.912387586473195358e-03,4.070710942994215653e-03,4.880836419701314877e-03,4.276732961466939154e-03,1.649903213795978624e-03,5.337146103059013658e-03,7.292736732623268658e-04,6.319364799866472593e-04,7.410111991030879364e-03,4.636645123499857912e-03,3.664948601376019632e-03
3.532371514728318423e-03,1.644318749622717280e-03,3.951707520856440059e-04,3.222035675555268673e-03,2.747699591089003412e-03,1.842417883763056499e-03,1.789903176139646945e-03,2.802876260130290290e-03,3.452654687023243296e-04,3.969830698811550873e-03,2.055704032543603441e-03,2.546265549133465075e-03,5.730299778438467662e-03,3.746111468340460049e-03,4.608059346684618800e-03,5.895602929101947942e-03,6.912109048902465025e-03,5.837642565750984780e-05,3.785260649904892416e-04,2.932632485946558287e-03,6.097814682508081313e-04,3.657460541766960793e-04,1.203580608224946724e-02,1.797894578838440905e-03,8.710389611020191714e-03,6.923490145209140745e-03,3.202427252917174061e-04,2.716628177017279318e-03,2.326645362335566514e-03,5.004052122971336392e-05,7.707314595334122109e-03,5.091124732501811634e-04,6.008855035536386779e-04,2.012478898193418729e-05,1.310222468100049600e-03
1.114454578672637031e-02,7.399516456495825595e-03,9.673249156385527875e-03,6.900190666191793193e-03,7.454427432883999061e-03,9.705112382524130540e-03,1.017877449492064768e-02,7.314369918449739258e-03,5.517488887982351792e-03,9.152582249559742048e-03,1.260245765308157240e-03,1.146621653699934906e-03,1.223273301362767795e-02,1.520502363167532123e-02,4.933554739614571562e-03,2.705856595360577044e-02,1.207475865146356853e-03,4.877058835065894993e-03,1.885905857049403889e-03,1.844259470470108186e-03,7.984960413942089955e-03,8.479375351301970953e-04,7.963659125190069785e-03,1.588894063167431772e-03,2.187150662830716647e-03,9.007101927885348414e-03,6.660414304551873221e-03,5.213381865151325151e-03,3.068645875125966538e-03,1.353205311599561117e-02,7.364496456888861703e-03,5.081707396199914434e-03,1.418241063023871484e-03,4.391928318963012924e-03,3.588092957582599777e-03
2.460950687409887636e-03,4.058770277946793792e-03,9.265850612466541847e-05,8.103939266775002370e-03,5.406097561065428825e-03,2.176229397383468156e-03,1.645921810915413437e-03,1.227381192003097754e-02,2.004510280105481490e-03,8.339825624509994428e-04,3.889684233211912479e-03,9.319870570967392354e-05,7.771417798034248141e-03,2.141213432825457216e-03,6.445580071398684940e-04,1.927056185668541560e-02,2.137220259421738003e-03,4.590680537964957064e-03,2.432066767442432609e-03,8.894891864203072207e-03,1.042472618671526352e-03,1.061802878201781319e-02,5.075028394919355555e-03,7.950110238139983243e-03,0.000000000000000000e+00,3.756825722321596728e-04,7.671765850101566059e-03,9.856594829470696761e-03,4.467858825452551697e-03,1.914222910390360466e-03,6.613142515543041222e-03,4.107652412588392102e-03,7.015533052198598537e-04,6.192612575254025087e-03,4.121782455964326242e-03
4.571669427078388706e-03,2.355025964692543904e-03,1.969891687944400754e-04,3.461949988283813916e-03,4.458359571076452033e-05,2.332887819137968027e-03,5.040263010528352183e-03,3.814780073366325856e-03,4.039915521661446504e-03,5.000973225322023763e-03,3.402269778663106949e-03,5.917719066658080201e-04,1.124074427008855612e-02,2.524216757980972392e-04,4.564516882761930627e-03,9.266482685016742479e-03,5.741173410568810309e-03,3.114684555274617461e-04,8.661732922832609052e-03,1.074865132278827323e-02,1.196130428280726098e-03,2.756072667444686144e-04,1.155480996957612000e-02,2.684934285379322536e-03,9.400739271664071417e-03,1.561732851567311856e-02,1.714607718184310570e-03,3.537801699549346542e-03,4.074791076994689620e-03,1.264413127196777412e-02,5.980955014262025193e-03,1.847005816095379296e-03,1.136664904657796321e-02,7.884378047193616425e-07,2.299125632861595114e-03
4.615103284298512423e-03,1.104997285711797894e-03,2.182490735692090510e-04,1.252103272419328919e-03,8.178222907786433446e-03,0.000000000000000000e+00,2.825233407256808049e-03,0.000000000000000000e+00,4.653195844665688682e-03,2.147783025749132324e-03,1.569458114500523783e-03,1.202395237044831446e-03,4.688141535642686292e-04,7.858303681564138971e-03,3.059151307742907300e-05,5.264318760068412324e-03,2.385471018889966099e-03,2.965341729759314419e-03,5.139392516742179867e-03,1.046097788604930662e-03,1.761110410771763585e-03,1.633463357715903255e-05,7.612736900336147805e-03,2.183883960511951838e-03,4.972568958561102148e-03,8.362185001961026237e-03,8.221952851484744945e-03,4.243913262551476229e-05,7.045715678359230905e-03,6.040999462392920849e-05,2.267631782153965714e-03,4.100122779290095443e-03,1.838891005149140279e-02,5.107795105226032822e-07,3.023382892029032477e-05
6.086191526568006556e-03,4.336183480584177019e-03,3.289067406402796517e-03,1.325750767753357956e-03,7.896068105298720274e-03,1.340457933163927140e-02,1.096385863833558572e-03,6.906934868151914930e-04,5.637397239680180805e-04,8.161986625397374059e-03,2.282240225283237861e-03,3.742994604450435372e-03,4.652496301661902811e-03,1.071270187897190029e-03,3.336351079493982130e-04,9.558267541113951021e-03,9.541575873773921329e-04,3.433594172052779891e-03,9.138475604527560026e-04,3.394108646060234671e-03,1.000636357294254139e-02,6.329702056677801759e-03,6.046553331717387583e-03,1.829260157290860112e-03,3.309133806173896429e-03,4.112777887155250056e-04,1.571317825130315662e-03,3.359720753729315140e-03,5.273687932908862133e-03,1.509847328221371882e-03,1.694636645931446584e-03,1.657893027507149897e-03,4.321937839005484533e-03,1.150637244038466012e-03,3.237314071420152595e-04
1.321745654121270208e-02,8.175957896497583824e-03,1.213930750733308028e-02,3.997052396557301823e-03,9.099360494128912180e-03,1.991912879537608566e-02,4.663897379197406295e-03,2.102568054164179190e-02,2.775322104406528767e-03,2.124025112843111462e-03,5.304454632987438620e-03,2.132666667640156777e-04,1.522864294601965207e-02,3.988819970065921039e-04,2.592169919266140710e-03,2.025666246562952272e-02,2.062028268564010045e-03,6.864157308147093850e-03,5.954175705426170521e-03,8.857624751557421905e-03,2.146346403386324708e-03,6.451890593563259363e-03,9.753184630473131413e-04,1.279320581187810314e-02,4.150526404980130028e-03,1.105150156933413369e-03,4.220744215741520367e-04,1.208257236877820912e-02,1.522661017654454744e-03,3.543720170568398151e-04,3.785963822765490983e-04,4.851334610213309251e-03,4.169229860851703280e-03,2.223938438409427641e-03,5.775842557930181004e-03
3.068947850489683275e-03,1.024602720299799818e-02,2.198552454070967777e-03,1.207646214522253847e-04,5.991857125768579317e-03,4.978288855951942121e-03,1.491871048698128512e-03,5.416548449991981373e-04,7.007862361059782885e-03,4.067575363612546679e-04,1.085837365110406405e-03,4.929916198664688332e-03,6.721941424908449945e-03,2.760231833152969501e-03,5.044161184340562043e-03,1.683821788500204295e-02,1.676876480554793328e-03,6.255540361142255396e-03,6.189599856626509800e-04,3.813161750033662589e-03,2.420191795616394304e-05,6.857378547685352710e-03,4.290536223880501987e-03,1.717120340001078438e-03,5.623647578446932766e-11,3.836235478278396394e-03,5.778259155042434619e-03,5.100000655691022677e-05,3.802416615048993809e-04,3.239329837824184155e-03,5.808842288286332999e-03,1.811446021288101033e-03,1.660529043221647342e-04,2.421899260725834946e-04,2.602510285682653468e-03
5.749087102659309820e-03,1.290106732865149708e-02,2.974770109486168240e-03,3.119766917788764637e-03,3.248383027870473810e-03,1.583757284410673358e-02,2.427656369531566195e-03,1.603812640710425286e-02,5.841433745068567648e-03,3.922720918708374332e-03,1.124101588111828948e-02,1.028381567047723100e-03,6.037989101208425871e-03,3.648447149634755082e-03,3.518261648447325307e-03,3.908863544641275056e-03,2.032790470124761634e-03,1.631234587079708614e-02,2.874410532682034752e-03,5.830157378720342287e-03,2.190386919986353487e-03,2.348763196036662837e-02,6.576223412892238593e-03,2.166038762493278924e-03,5.241827441543085199e-03,1.047391125035802666e-02,2.459708067927599690e-02,8.608199873529204238e-04,7.116877631537441018e-03,1.356543645164434708e-02,6.145953013835265405e-04,4.413256724910850914e-03,7.087485967524783520e-03,1.600704287205835519e-02,2.591973845321761394e-03
4.963934407372997022e-03,1.852887466644947620e-02,8.697402052732925576e-03,7.987948595456983991e-03,3.087005611955313117e-03,1.505454323741384215e-04,2.582019749644800730e-03,1.512076321573022769e-02,1.152468308901519189e-03,2.179893137839583953e-03,4.024579608017893328e-03,1.104854916547954452e-03,5.921636467127128732e-03,6.466341481934582969e-03,1.098690920513039834e-02,1.360139512627837714e-02,1.211227009080714963e-03,3.559771551867079581e-03,5.712808164880556899e-03,1.244877833065964265e-02,7.248601272992084149e-03,9.724406714149494424e-04,5.692790614353314405e-04,3.670132663905645298e-03,6.439536248411099027e-04,8.689092595422616416e-03,6.793532852504072239e-04,5.435500155207377559e-03,8.068998623321171557e-03,1.010605287880340930e-02,3.075825287679230177e-03,7.145625757702403491e-03,4.265291008346465060e-03,8.944815874640049680e-03,2.093421405491985299e-05
3.501179848399810137e-03,8.382898476905233359e-04,1.249251143303532774e-04,9.119903174034872835e-04,2.165868976462871978e-03,0.000000000000000000e+00,4.657273533195116499e-04,0.000000000000000000e+00,3.158392554879501605e-03,1.060990117079067515e-03,2.231772932978050208e-03,2.687559992808723208e-05,6.283974380770955895e-03,6.612151409893289589e-03,0.000000000000000000e+00,3.993697567075387561e-03,2.213025868960046688e-03,1.561371393946846915e-03,1.517519743204086974e-03,3.029742632496557064e-04,2.350142703989544554e-03,0.000000000000000000e+00,2.414585104281639222e-03,1.655355253494324771e-03,7.835997763226083823e-03,5.750739956921393191e-03,6.042126185310689630e-03,0.000000000000000000e+00,3.425493943317460543e-03,3.371283353674651290e-03,2.074380465849588739e-03,7.559349117744584845e-03,5.140964008254061968e-04,1.341078843386913136e-07,0.000000000000000000e+00
0.000000000000000000e+00,1.726213253267966374e-03,2.849535968995755425e-03,1.558297391376641319e-03,4.388290777167411574e-03,1.280345402388044507e-02,1.761451922665327637e-03,5.653223100200846507e-03,6.880964572352252229e-03,6.743307511442998663e-03,3.811284161698465234e-03,7.095283040806782404e-05,6.695985742650093983e-03,8.058706752341457044e-04,4.397234109024929574e-03,9.709281157872810472e-03,2.091758945043042071e-04,2.845494404125840926e-03,2.761706091271277919e-03,6.735691753025331574e-03,3.458787164533468073e-03,9.526934593648854824e-03,3.437681902906366150e-03,1.455166799042460768e-02,0.000000000000000000e+00,3.753078530884489117e-03,6.976119466305221242e-04,8.746392778064644366e-03,5.600826002339527598e-04,1.069783370288479064e-03,2.038049969767069709e-03,9.582079121894713364e-03,2.365131879381512838e-03,1.002852224100071396e-02,4.407926983869492332e-03
5.579834758256047023e-03,7.566642518642741760e-03,1.160783975222231569e-02,9.706985054323673603e-03,6.816180388198370826e-03,1.677968977669120091e-03,9.140225489597274267e-03,7.713312505004199862e-03,5.953545712478382906e-03,7.227909463888237095e-03,1.697309586199680087e-03,1.373027955027321736e-03,1.356222753358632578e-02,1.729481814616712354e-02,2.720657231645343989e-03,4.491195042930433423e-03,1.456856176986036366e-04,4.233483230522445441e-03,9.439756407952325235e-04,2.588747895755624806e-03,7.598929862873105359e-03,2.804564919773927870e-03,4.239178644562371055e-03,5.037248125653807918e-03,1.039273773831384234e-03,9.375041002019994171e-03,8.677747083321758759e-04,1.086267501388508971e-04,3.787981488000170815e-03,2.928504246676594258e-03,1.668076547115060829e-03,1.638046054536310137e-03,5.685726605206980339e-03,4.350180550071998734e-03,3.341437905368774795e-03
1.619453430647557757e-02,4.082878478312654963e-03,5.999103975914424347e-03,1.361473495285484003e-02,6.924862301483231120e-04,7.507310285344699803e-03,1.145453210417820590e-03,1.813436417583637328e-02,7.242986883693271205e-03,5.750234333345982662e-05,2.404112485486466916e-03,1.225378967679401077e-04,1.164685402557492228e-02,3.824233026492932647e-03,2.671732191959139135e-03,1.651372927573568905e-02,2.699522015803632047e-03,4.613953480770021515e-03,5.497979973658549679e-03,7.151066864921844408e-03,2.618943762862729896e-03,9.662973077899719709e-03,9.755382897380695520e-04,3.237881625866779155e-03,0.000000000000000000e+00,3.391175933111095081e-03,3.799022737301559205e-03,9.064777426975020869e-03,1.232949876355208781e-03,5.171926693076265950e-03,3.253134911067271512e-03,1.354427091373091446e-03,2.571888664574346547e-03,1.743713171359572182e-03,2.086725251559604088e-03
4.709485298462373973e-03,4.047183539895068960e-03,3.051103139370396622e-03,6.608460654379873234e-03,2.107907616103828555e-03,6.403467220838456389e-03,3.958409897832247323e-04,4.877601473638532546e-03,9.346925645077748881e-03,6.520162312386097378e-03,8.716513618329396751e-04,9.330226694375928775e-03,1.417705147502493733e-03,1.357345089659832763e-03,7.683856605174892163e-03,1.070808425489427895e-02,3.328994943428011111e-03,4.520058266110037193e-03,1.478709557589077267e-03,2.824588889781813605e-03,2.510594426433490622e-03,2.070064919645073220e-02,1.671636572257743794e-03,1.462670868254644513e-02,1.599094218343121918e-03,4.213454616190422629e-03,1.233348286829675719e-02,8.436178259288253101e-03,2.609966303465606832e-03,2.365837401671935791e-02,1.620158219781311221e-04,1.134244526507389300e-04,2.018686546727870446e-03,1.050315875750076899e-02,8.089758932053291163e-03
9.781649866673466833e-05,5.313385391256063008e-05,4.979398121218440347e-04,9.123257245196286357e-05,3.354530268385842728e-03,0.000000000000000000e+00,7.089062516385137916e-03,5.139795012471972112e-05,3.662591544480137389e-03,7.932015152221430498e-04,1.125360691191069542e-05,7.676851855028046789e-05,4.819106666929865584e-03,1.399673107634422792e-04,5.290369071418925902e-06,1.455905243929633179e-04,1.706086096465109225e-03,2.584547350282530385e-03,4.552938497819607883e-04,2.178746520552754182e-03,1.645932437121622226e-03,1.249932499237134426e-05,3.481784783095367986e-03,0.000000000000000000e+00,1.715908344317537693e-02,1.048858616223903237e-02,8.126132105665071631e-04,1.535906622156164744e-05,9.204499054785604539e-04,1.098873036960927238e-02,3.820658793435523226e-03,7.108187835008286659e-04,1.311589132679231995e-02,7.626035195970080789e-06,0.000000000000000000e+00
3.166673161083224941e-03,4.053530620468406322e-03,6.564547960246667341e-03,5.824800758186213234e-03,1.288227110601869105e-03,2.773898155340330345e-03,9.600683628436003370e-04,5.542076862872562411e-03,8.000160860391866344e-03,9.080632977287499130e-03,8.491911393861458629e-04,3.568061128741862632e-03,1.356886887276996870e-02,5.627466370349470948e-03,8.422846269142039710e-03,9.410323290720987166e-03,2.837469244930550250e-03,8.246991720676524057e-03,3.251176669472780750e-03,9.320774004516751976e-04,2.481637339462699349e-03,5.001721180560670353e-03,8.058196708276243320e-03,5.256860419376161754e-03,6.943731252381200869e-03,9.830299910726845308e-03,7.607463837958901992e-03,5.111882825792989429e-03,2.571035580120405867e-03,5.531950523757610955e-03,1.066160562237184438e-02,2.103912377683526264e-03,8.011573932855953206e-03,9.752790238380810431e-04,2.740675382825825002e-03
0.000000000000000000e+00,3.943263787707054768e-03,2.809726841674926173e-03,3.739258196124896350e-05,2.114305166766562716e-03,6.897468196422534836e-03,2.356476570453112408e-03,2.049400416628502364e-03,7.053882047194731664e-03,4.926431865571664036e-03,5.230585342593102594e-04,1.789160099592367048e-03,7.054983679583451059e-03,1.439893149247120120e-03,3.287161603000817930e-03,8.138478091301557665e-03,5.285099427293012304e-04,5.004202057659404290e-03,1.402452729139497256e-03,3.858812811628081676e-03,1.930218579058342113e-03,9.132744460306299952e-03,1.967673133046980629e-03,1.007322564385453034e-02,0.000000000000000000e+00,2.084267749234265665e-03,1.986349169320750230e-04,5.234969009230807865e-03,4.000217529091258141e-03,3.612573578746190728e-06,7.048279453499349360e-04,6.668218988664431635e-03,2.339936530966008066e-03,1.698594905578335729e-03,1.039813534299174891e-03
2.586732133169414305e-03,2.372698718826347962e-04,2.649992679178914384e-03,1.741516084761721974e-03,3.107941411974216375e-03,0.000000000000000000e+00,2.912978030661580141e-03,9.942927918097544011e-04,3.018612581103084433e-03,6.957546225390996014e-03,3.822628154037765297e-04,2.860922004586967642e-03,8.471038666790780755e-03,1.260252512805665887e-03,2.884130095590264377e-03,2.174109223477705549e-03,4.465068196745119317e-03,2.250883376771345857e-03,6.220549205511200636e-04,3.453100553985929792e-03,1.499181651710553183e-03,3.833256802908992494e-04,2.288118578921143412e-02,3.231470689838987541e-04,8.492231938818962933e-03,4.279731611166620077e-03,2.663453555358873126e-03,8.951387053836428473e-04,7.816900047872017004e-04,3.470918554455855280e-03,1.083502233046405167e-03,4.300178616799621781e-03,9.727110409511401101e-03,3.224796379636041315e-05,7.799218486091830213e-05
5.436880746149985386e-03,4.262895567947326374e-03,1.767755482329791752e-03,3.719688628520265855e-03,3.351898079775447389e-04,1.256441904542648046e-04,7.246771680277995335e-03,8.583812297810440931e-03,1.538335661051409668e-02,5.952062167498120560e-03,3.440015021908266260e-03,7.412446778308408660e-03,6.045887800973433202e-03,1.322464757280325878e-03,3.681004126221168373e-03,1.110380566338308242e-02,4.775845174072906180e-03,4.595753031428001859e-03,3.002279358489226210e-03,7.463270553285342168e-03,5.975583958563637776e-03,2.222604302186432384e-04,5.282980447519774331e-03,2.366686700523304519e-03,1.287694038119102311e-02,3.197980854360384095e-03,1.478991458784271844e-02,1.900883489021048395e-03,3.032783643673382656e-03,2.531391194460178018e-03,1.191092603018254620e-03,3.799398485208445309e-03,3.002067051592548566e-03,0.000000000000000000e+00,7.137428614077911265e-03
3.524088806150322585e-03,1.123547041754694885e-03,2.683944177710337288e-04,1.110081973864454098e-03,2.560654711170826103e-04,0.000000000000000000e+00,1.390068803571939404e-04,5.087033984866845115e-04,2.171305801630255342e-03,3.571669619764398194e-04,1.773664249809073484e-03,3.802134653834842587e-04,2.345790402309692012e-03,6.529223267809939821e-03,7.938431400329470390e-05,4.009702450771151713e-03,3.698274622610641521e-04,1.202783899474405786e-03,1.450732614932562919e-03,4.870878774984342685e-03,2.021025172410272769e-03,2.424467261149541433e-05,2.391039022070370890e-03,1.682690441440771447e-03,5.474445963412425883e-03,4.788182360490994029e-03,1.224463115762234287e-03,4.287224382351848277e-04,1.509718800299739844e-03,4.158429119807783431e-03,3.964085529301591276e-03,2.026990613607398614e-03,9.662062347271228174e-03,0.000000000000000000e+00,5.169291742760058006e-04
6.863364281534786639e-04,1.672085758705598585e-04,1.477021899814043770e-04,1.792128542091731675e-04,7.053518805534167088e-03,3.486642611211340277e-05,4.910015588981322260e-03,1.047191120879733547e-05,2.473124134472255969e-03,1.725052553422954304e-03,3.931415922577605844e-04,1.612028335409335664e-03,4.354818511042154658e-03,8.937282563754346543e-04,0.000000000000000000e+00,7.974761341456640656e-04,1.473750079079159253e-03,3.785753948311984703e-03,3.138413955404038488e-03,3.992685610121175094e-03,1.024450376587622297e-03,0.000000000000000000e+00,4.805429321653686275e-03,3.554289865488733822e-04,1.103912924230451495e-02,3.399500529285943377e-03,5.932756722631102493e-03,2.009844457732604749e-06,4.400584425362943572e-03,2.076180695296265394e-04,1.407065254165527912e-03,2.321823615180041225e-03,6.051001992018981146e-03,1.463994125754926387e-05,1.403768059523176462e-05
1.842510297926241991e-02,1.995581251118980822e-03,9.286173838264348557e-03,4.331179409331933905e-03,1.385878472367721437e-03,2.533729793891035739e-02,2.405045438248774696e-03,4.556577144074663160e-02,3.416726434476470564e-03,1.026269700980031452e-02,7.441514652569702903e-04,9.509332854010163483e-04,2.692568664592054350e-03,5.955705544592276163e-03,2.088646025469834133e-02,4.114059673669240281e-04,2.095552486281113125e-03,1.366386863342256008e-03,1.472574957426164973e-03,4.883308214846174972e-03,2.958754305763078990e-03,9.419776804045388793e-03,3.183807547596035660e-03,7.817350631159999952e-03,7.857152311491857541e-03,7.339324730277076159e-03,3.374058785367603508e-03,5.311179718065731081e-03,9.150233525126982284e-04,3.235458406535317646e-03,5.453566301876388439e-03,7.422886838743376903e-03,5.290446340330606442e-04,5.314971899922611920e-05,1.983186734835981624e-04
4.429221428508628433e-03,2.711172549311519422e-03,2.760933810900471908e-03,4.821952446240800397e-03,2.584691999331710337e-03,2.217491268557289941e-03,2.286085625002945432e-04,3.353196209282368039e-03,5.782962047736588986e-03,1.025892526627447329e-02,1.198574578546982017e-03,2.230284986430340968e-04,1.339116539909294967e-02,2.160698295989606915e-03,7.542237431364063639e-03,1.211532741069741570e-02,1.877030011102280571e-03,1.154002422951621101e-03,1.707930691982273430e-03,2.803041925258441952e-03,3.191715198707978374e-03,4.952242767274178149e-03,8.206404788531657113e-03,4.448000748880595254e-03,5.423909778306550480e-03,6.315661048163865449e-03,4.284868647523136509e-03,3.344819656705997919e-03,4.421979963884443976e-03,1.361832380611126270e-03,5.566273780226397433e-03,3.922332971991009110e-04,5.542956040232660878e-03,9.757792608937692312e-04,8.975215324460192150e-04
1.202272359558596501e-02,2.781645382239460043e-04,2.947819276010371636e-03,2.814295397110401498e-03,1.813464991506124474e-03,9.141394060740786268e-03,9.601145855071759223e-04,8.155776892830521319e-04,2.932399404838980511e-03,1.280260071551374279e-02,2.053420990822752215e-03,3.829957102676438685e-04,3.308788459414770122e-03,6.696197153673751762e-03,4.368809549504942824e-05,2.862884005230325940e-04,2.240846529083768447e-03,4.386957015901526979e-03,1.177158135054270699e-03,4.496089714640895928e-03,3.510028976882288709e-03,7.124146623932089625e-03,3.590759895522479097e-04,3.187317455027446119e-03,2.641289187737480299e-03,9.367180230523235174e-04,1.585338486547217818e-03,6.275248606905835247e-03,1.224179640627059583e-03,3.501366480648808194e-03,9.706784376619162491e-05,4.560149457415774849e-03,6.130077072742574386e-04,1.600773969684052907e-06,2.997751016140751817e-04
4.231755422108039733e-03,1.168819799978214856e-02,2.098280113310193803e-03,9.214858140613228776e-03,7.020467404554538160e-03,7.211238597247149329e-03,2.638949995151549949e-03,4.225020793755382940e-03,7.618305675873343098e-03,9.093065708154542820e-04,1.313749595843120843e-03,3.228016057101514708e-03,5.808635825587250834e-03,3.274955450262790561e-03,2.589091181140874831e-03,5.780755469285366044e-03,7.572112158740961982e-04,4.959946302416788459e-03,5.755287865709654560e-03,2.793677605770851502e-03,1.524327975264300541e-03,9.734569490375218070e-03,9.618111611755832124e-04,1.363191180370215000e-03,2.134738150978839413e-03,2.820678365769224011e-03,4.416998360461863588e-03,5.096894273699387190e-03,4.124458492975418417e-03,4.573366653807905968e-03,9.943415513661100352e-04,9.183946245945113357e-03,8.853589060441703976e-04,1.337322671923428519e-02,1.076047033838938710e-03
1.337518031805005718e-02,5.765243406400420018e-03,7.092443248882347381e-04,2.073166580325208012e-03,5.805246056759118256e-03,8.505839066411273464e-03,3.621720825382299114e-03,4.836670348362616910e-03,5.624311466164612014e-03,3.339489728107401800e-03,5.483326272376409793e-03,4.315095941753557644e-03,1.402256351357987832e-02,3.451781282314075883e-03,3.002233823130168178e-03,1.259631042765955306e-02,2.886175215469240912e-03,7.856131002377137254e-03,1.248280271651594497e-02,9.865904583543187722e-05,5.566851830212413837e-03,9.500049435491334177e-04,5.129276119402387604e-04,4.714093982915831121e-03,6.425732013438247014e-03,8.925476115756104251e-03,2.856816679655978936e-03,3.742085331217423309e-03,8.063200633821347371e-03,1.334021117370499075e-03,3.938967565745235197e-03,1.048782495967109235e-02,5.890836106148884810e-03,1.904529721780054690e-04,4.254412636973926680e-03
2.802321616167022331e-03,8.896886758133461725e-04,3.551144624638620344e-04,1.303517285967534939e-03,2.866480782989993398e-03,0.000000000000000000e+00,6.189922223894844117e-03,1.988579242634051607e-04,1.469800644001347748e-03,5.301218658094534715e-04,2.385861830909499597e-03,8.120576033053298823e-04,1.487182043264363316e-03,4.193591416322294332e-03,4.961977840138565281e-04,3.128627255857195817e-03,3.240355658261032806e-04,7.241466188700329673e-04,2.309835908330618720e-04,2.761012241838278758e-03,2.577027443454101095e-03,2.634414686486731463e-04,8.552934003435257171e-04,1.337123249613695339e-03,2.535151948253734893e-03,3.340713294611021272e-03,1.387329471514769583e-03,4.849742251018277438e-04,4.536158889200111316e-03,4.942918573317672121e-04,3.812030397262303888e-03,4.667632895201582685e-03,1.363522254895678174e-03,4.380302680619611839e-05,3.390572488745785822e-04
9.641835748130425307e-03,5.650966287163100912e-05,6.366658258081754618e-03,1.119513913087976514e-02,5.675390269278207146e-03,7.415799704764149917e-05,1.814975386694613751e-03,1.272138332614593248e-02,1.311659854246078130e-03,9.846367748424789124e-03,2.337569271114897304e-03,1.637417405404947846e-03,2.118559981939549530e-03,2.911608481982444832e-03,1.504651979983825938e-03,1.772008826500287473e-04,1.012312047878926105e-04,1.426936826911293088e-03,6.235544597099860207e-04,3.998225940331481300e-03,6.375738274887327896e-03,6.546444628369874584e-03,6.219497042566310982e-04,5.631289713472330954e-04,1.389074332378901653e-03,1.207283343866648664e-03,5.336238127130882303e-04,8.590947823727044727e-03,6.799214277077635180e-04,3.139611278756759480e-03,5.748185426779506974e-04,7.167658567537215503e-03,1.379750504282144805e-03,3.740865414616180629e-06,1.556872452620804495e-03
2.354044687138376595e-03,1.379584104111774776e-02,5.465261209030891458e-03,1.513029519339333107e-02,1.407392860348711042e-04,1.761045974487638948e-03,2.500772653393110515e-03,1.471786429460067436e-03,1.042195807575852298e-02,4.130847241362880194e-03,8.183390508615433212e-03,6.900491247222174940e-03,4.644087547453056714e-04,3.425873724362934938e-03,3.743564352524434563e-03,5.826563568617437738e-03,4.910654816263276129e-03,2.787935624804484258e-03,2.964161821088996153e-03,1.103079457603435912e-02,1.851844028551985488e-02,1.019547422178812036e-02,1.529140922012992877e-03,6.967970296481043255e-03,4.151370678522448877e-03,3.905237752348097655e-03,2.002604844248394994e-04,3.567242143972582102e-03,2.359822698258905692e-03,7.501984422222449447e-03,1.974870716964956252e-04,3.497576691396504789e-03,6.878942210166035486e-04,3.434306582986103654e-03,6.140100370045736139e-03
6.243107654559302069e-03,1.897381874879510268e-03,2.257232734906178956e-03,1.491332760250752487e-03,1.373924261166738735e-03,7.962138728964762800e-04,2.848675231015621728e-03,2.997352844105864744e-04,2.048645268874291735e-03,1.935474150759587068e-03,3.333402853159925586e-03,4.822201141530969154e-03,6.571082195168486198e-03,9.587251627172270474e-03,5.468981575735527107e-04,1.291789332394722815e-02,1.193063634531183435e-02,9.331961009125819620e-04,3.622046410698723587e-03,4.323797880493709944e-03,4.457603495563772396e-03,9.641363805812194114e-04,4.805265126699518469e-03,8.139707995518453629e-03,3.945691355582718954e-03,4.624794019738672282e-03,8.593852789286553565e-03,9.989792059278647038e-04,2.008554504346769451e-02,1.718106342760642932e-02,1.366627357821311242e-03,5.938304720208108581e-03,1.006411290583295384e-02,9.529705014549021570e-04,1.186480914729589557e-03
3.734068988603876822e-03,1.063600059610010640e-02,1.554437669317352069e-03,4.639925559894958126e-03,6.456483540324410055e-03,6.689927335221961327e-03,2.035194851961933445e-03,4.352645847431614069e-03,7.620816713265653880e-03,8.084458845956932205e-05,2.559941375002549452e-03,5.432597715377858461e-04,6.414026711044714182e-03,5.214338942192239812e-03,6.281200570530418720e-03,8.324052145693389831e-03,4.136554057803543821e-04,1.499153771246038852e-03,1.957106325936393450e-03,1.954622619899438682e-03,2.552387899692511175e-05,2.696326534836118727e-03,1.811675084693342621e-03,3.584817366954325124e-03,3.265393909262209043e-04,2.407544096496115095e-03,6.647289400117098110e-03,7.501442367978212664e-03,6.290597883682886617e-03,1.451857821970398837e-03,8.352071721151130973e-04,3.143369455044585370e-03,2.491249447453811917e-03,1.949147561540991863e-02,1.092645314859027467e-03
2.194932551653061472e-03,1.302450324352628008e-03,2.427128582201903192e-03,1.802605263461984310e-03,3.117906455646470357e-03,1.003018325863839219e-03,4.224948818684762415e-03,2.335954589165966776e-03,8.877861655006312122e-03,4.072194277485200950e-03,1.493402429404395949e-03,2.316614005350066136e-03,8.987842914580119330e-03,5.448986723267340397e-03,2.565119515307807529e-03,4.307609960974183479e-03,3.811395890087694929e-03,4.523795046892517373e-03,1.976782543548303000e-03,9.116633924323262750e-04,3.754759631760150578e-03,4.333208368341301539e-04,6.424736816062349976e-03,1.170462868236411087e-03,1.103499839678756186e-02,2.945668501242518222e-03,8.926997604554441981e-03,1.719033661300598936e-03,1.411893406406301843e-04,5.258470321122955815e-03,1.457689261623283661e-04,2.322458056441700606e-03,3.246831975561845218e-03,2.564508568880193275e-05,1.235755490333216577e-03
5.351028526458909178e-05,2.906674966720146399e-05,3.136561231098913068e-04,4.993025727091873907e-05,2.041632391504288879e-04,1.274499481080723677e-06,3.995863631423600577e-03,2.863893306806461806e-05,1.430648316225236177e-03,1.057256669817886220e-02,6.156259162000477430e-06,3.281701957825490078e-03,1.391076079699652898e-02,2.399370352436690137e-03,2.894083943150365972e-06,7.990911730268579071e-05,4.060087464705808974e-03,1.009447506321238096e-03,1.008021466540008019e-03,2.648748174161179650e-03,6.427567701612283812e-04,6.837726304591780737e-06,1.728337244565535114e-02,1.341881820900486159e-06,2.495711339717432420e-02,6.835895043673478715e-03,3.070365288163879724e-03,8.402141010113442162e-06,1.123741763760925313e-03,7.080608049888824362e-03,3.566324129610685956e-03,5.465625094802969292e-03,2.448168861681879194e-02,6.708008561454387449e-06,6.994844132060121055e-07
3.724039991593655337e-04,8.916494017790235717e-05,9.201463642644313852e-05,9.700411178560358215e-05,4.159331934769007477e-03,0.000000000000000000e+00,7.206441993303785640e-03,0.000000000000000000e+00,1.650665462771770935e-03,9.343870446919590742e-04,2.133173982715238105e-04,9.974496361776551221e-04,4.790549550778035875e-03,2.549326914672215335e-03,0.000000000000000000e+00,4.247907876231061977e-04,6.280148435160969045e-04,1.093823613536114119e-03,3.452161016769190668e-03,1.379062307475934380e-03,6.965861027122870414e-04,0.000000000000000000e+00,3.230546153266176598e-03,1.760723365046502800e-04,8.317109417483023459e-03,2.073811352514560134e-03,3.879785443710939696e-03,0.000000000000000000e+00,4.855721614029798704e-03,2.046067951490497007e-03,6.699283711181919232e-06,2.107276229265252557e-03,1.983528835546657931e-04,2.083340954430968496e-07,0.000000000000000000e+00
1.522567441155417813e-03,1.198862029269658937e-02,8.559252967183066108e-04,1.316382142475465075e-02,3.104687935343526661e-03,3.242689710354332636e-03,9.809666254245201153e-04,2.149884891578414739e-03,9.931687633386624206e-03,5.087151168501157297e-03,1.773590766562326004e-02,2.992838344673134920e-03,3.409933113459173021e-04,1.081857461634892510e-03,3.218096573849514933e-03,7.679805639046520180e-03,2.259819715804191678e-03,1.318094158731352925e-02,4.374411665117580728e-03,6.604284062743024514e-03,9.164910081232813949e-03,2.135288295641024278e-02,2.108579900231160199e-03,2.635173990961026114e-03,3.179150191416823742e-04,1.918940033751339452e-03,6.904262270246881716e-04,1.808545732112795679e-03,3.861550058682544119e-03,3.116518833371558807e-03,1.358828822494656877e-03,1.618733977271512650e-03,2.201621835630558632e-03,1.560753082178532869e-03,3.702902221881035350e-04
1.014767445920599503e-02,4.815502303772012903e-03,3.504457675564500926e-03,1.598754914216199462e-03,4.086193011858484797e-03,7.733203444189836080e-03,4.577608333249553324e-03,3.708848035839547742e-03,4.340910009688125210e-03,2.670684118401755406e-03,4.169580578484245736e-03,3.303168145489035739e-03,1.680751785544061169e-02,5.977635312623130748e-04,3.316694080198944513e-03,1.338624660370556912e-03,1.359604443952372628e-03,4.391147737968330300e-04,7.131425760079381643e-03,3.225970856246158924e-03,6.621575247189991770e-03,7.349276740163516487e-04,3.461194592778350614e-03,4.049682584963066462e-03,5.669457730985968946e-03,1.304269753285825992e-02,7.725463942792288805e-04,4.747659824355334422e-03,8.252059037009769338e-03,1.259490688281545735e-03,3.294857652423450328e-03,2.308555829087965278e-03,7.485882765268628974e-03,1.477651003353067734e-04,3.266439812958671623e-03
2.119246535810043880e-02,1.743037754461450144e-03,9.460737982537268873e-03,6.717429412055796406e-04,9.114987545386570716e-03,5.673960812820994133e-03,9.900754851633480208e-03,2.203149832098503982e-03,3.411616602919811860e-03,4.811615780904061022e-03,4.562153804701830559e-03,1.600082680857017750e-03,8.144566544133632902e-03,1.473835497526186297e-02,0.000000000000000000e+00,2.395689990762452440e-02,4.184336256476640578e-04,3.377417522188743814e-03,3.863953681703301279e-03,1.345122239957718263e-02,9.523118277313413239e-04,3.764332954999013471e-03,3.467901147628573441e-04,6.752824339691453938e-03,1.376803589173508603e-04,5.874453337741886508e-03,5.351010847309706567e-03,6.335511313973216725e-05,3.276290166548685712e-03,1.128578120115331616e-03,5.323228553658644266e-03,5.706212300012345265e-03,7.551109351693361359e-03,1.794740574060734589e-02,2.953339942421949645e-03
1.999851976100205930e-02,6.634269282731556847e-03,1.305400561662034553e-03,3.543745607698860905e-03,1.105951575856075481e-04,5.538781439535969686e-03,5.017196428960084276e-03,2.888807059652219109e-03,9.627203566120569669e-03,6.770614426853140827e-03,4.773206205946677570e-03,1.695057769916142806e-03,1.243952064997477444e-02,7.133543024845388769e-03,8.363273265151724423e-03,1.902762578374361108e-02,1.337916590217146616e-03,6.549510491679943862e-03,6.568020556704014419e-03,4.952147491169661860e-03,2.564651085017877544e-03,1.464830968919340025e-02,1.144214395341091196e-03,2.015408631729318813e-03,0.000000000000000000e+00,8.552462408517227249e-04,4.677478301106565567e-04,6.106814374873259510e-05,1.815895188893166179e-03,2.582809392009531753e-03,3.249254810317599509e-03,8.942826068450850097e-03,2.896023261322113428e-03,1.150495189433470506e-03,3.855134069066856912e-03
2.760281040111733286e-06,8.174922222200964490e-04,2.055252713893683568e-04,2.058128096790395683e-04,6.154851622160791014e-03,0.000000000000000000e+00,2.351396723250194932e-03,2.215742974006369302e-04,1.199379382137521696e-03,2.474303902366377112e-03,5.570747865635156815e-05,1.091310240776788114e-03,3.956160203018643795e-03,4.188496860294526475e-04,4.976910340688241939e-05,1.185001667916012474e-08,2.709876209024325577e-03,6.087526817552065981e-04,7.790446495640566266e-04,1.572847547192760985e-03,4.134166045672576389e-04,5.772493161050992923e-04,1.253939258521248601e-02,2.931877363605185436e-07,4.657290251136324971e-03,1.986321054968117391e-03,1.802007812252437403e-03,1.360672811743631134e-04,1.353318683701852133e-03,4.231568143146374750e-03,1.631028936421174622e-03,5.209773621754178533e-04,5.096341990172019790e-03,5.285450103413292356e-05,9.982444162350406758e-05
1.962647502085900636e-02,2.139737439563676319e-03,1.172454193083578323e-02,5.843853919281849843e-04,6.608005842352935796e-03,9.218083353991254891e-03,4.736662380327175126e-03,6.702154746040739700e-03,6.481272661361064599e-03,6.121968419813609424e-03,4.138046731468611635e-03,1.209892445407474747e-03,8.123980772913966600e-03,1.214620672190362682e-02,0.000000000000000000e+00,2.802179247300201972e-02,5.677966034651751523e-04,6.438716116330703461e-03,8.111438056946940547e-03,9.608650885709597508e-03,4.166272516871279662e-03,3.969719076606149401e-03,1.283521660557495779e-03,1.863631671251623698e-02,0.000000000000000000e+00,1.040719203094359231e-02,1.700823481158809589e-04,4.738073088882119093e-04,7.947590925706160200e-03,3.201056482379780084e-03,3.561022785471506039e-03,6.253129722183867895e-04,4.882350980773015464e-04,1.183418200365145279e-02,8.984291954815157646e-03
2.450456917923517740e-03,1.696723708916390459e-03,3.582524120461480759e-03,2.569381793083171973e-03,1.834228640217524207e-03,1.288234765227554580e-03,5.770770433637257765e-03,3.176239380694897019e-03,3.619791476253254956e-03,8.328545430803732663e-03,2.274192989494244754e-03,4.881312452292560673e-03,4.991295268344337829e-03,1.363412165861927969e-03,3.469465302124771951e-03,3.847729020371750980e-03,9.165739344887038204e-04,4.898396934784571971e-03,3.282935914272777558e-03,2.927947317958565481e-03,2.101534360063024055e-03,2.448194386292097376e-04,1.091401876573571024e-02,1.173962233526327148e-03,6.494113422331724422e-03,1.585570705019988952e-02,5.067243371366584974e-03,2.800063289843157492e-03,3.907402521522041622e-04,5.988555573084271451e-03,9.752553354533110078e-03,1.169830699960110014e-03,1.074269577380108573e-02,8.276681790498859317e-06,2.015862756240997984e-03
5.842322245579192885e-03,2.093153012651323506e-03,1.168737107411882067e-02,3.028791217101165032e-03,2.497153509071844361e-03,9.418702829850537179e-04,4.767937910785927449e-03,1.542092948896314937e-03,3.382846473621301583e-03,3.189894251505946687e-03,1.396306852424308159e-03,1.254293516122440000e-03,1.474383434666857312e-03,6.899464092699238160e-04,3.279861000710781495e-03,1.517841839866596043e-02,3.378293467061723159e-03,8.924704683469194752e-03,7.534325689279832566e-03,5.450694275491090729e-03,4.926967753334007133e-04,5.024101464051992580e-03,4.287795533228232897e-03,3.640360930756287618e-03,3.941941391424919030e-09,3.338589883097323879e-03,3.215432208352545992e-03,2.102982548453918334e-03,1.350869106938688141e-03,1.492425741153085433e-03,7.616084305112043665e-04,1.452398042912705217e-03,4.678507456851909645e-04,1.089122702956287674e-03,1.090439706647068239e-03
4.694683046232066628e-04,1.334519425783214225e-02,1.729365832094814995e-03,7.466137933158549858e-03,6.583333910421007920e-03,1.405859844040105444e-02,1.965392225031207044e-03,1.829542984796577940e-02,1.558777378620144691e-03,3.242882255551619245e-03,8.183176179487099133e-03,3.386547326623711753e-03,6.084761159603469492e-04,5.813410875107684860e-03,5.043657533743829517e-03,1.634957284384457206e-03,1.885726622233119092e-04,9.116044708255336554e-03,1.493579352675712506e-03,5.414452593517459292e-03,5.580238298831023680e-03,5.912383269207809044e-03,1.089981662336432944e-04,2.578084556797775873e-03,1.227671598832878817e-09,1.097458988246183612e-03,4.693259818552674399e-03,7.164225456281919993e-03,5.296142704718257918e-05,4.437472534932862360e-03,3.382910272087690743e-03,3.245000869573999233e-03,5.435046926108482238e-04,1.050160672089767676e-02,4.955865857275025543e-03
3.162058945199050248e-03,1.083963027416791000e-02,1.266848884979503848e-03,2.148957295294769490e-03,4.038376459071860158e-03,2.926153817708051792e-03,1.914224219513549225e-03,6.488309250695324139e-03,1.783474031996814743e-02,8.030867388903160237e-03,3.873880187299548819e-03,5.673657459011403892e-03,5.357107917009365852e-04,3.170178524090897908e-03,1.613830868243577854e-04,2.399863801505875902e-03,7.781621161805354556e-04,8.540279969183843869e-03,5.556063588852628091e-03,2.979668356318698058e-03,3.626969046606767777e-03,2.022292146067782015e-02,1.709264025223102522e-04,4.808819055714635797e-03,1.417310344718227021e-03,2.198396309330541247e-03,1.920301886763337365e-03,5.997429942163238353e-03,3.479424662052165752e-03,9.831966383343288679e-03,4.110426218282810587e-04,5.027799030910893099e-03,1.405979320379568921e-03,1.635471355772871380e-02,4.713594984458231718e-03
2.037338622967540484e-03,3.031249865897720028e-03,1.313880177009433929e-03,2.421729304911329761e-03,3.233337060730241772e-03,3.838749746877815477e-03,2.661066694980351605e-03,1.994285874824924462e-03,1.560451895364883823e-03,8.942702303100916184e-03,3.340220926142661775e-03,3.796708497057219370e-04,3.252186864599809074e-03,2.383571627511782681e-03,2.247414892763196365e-03,8.682018922190691546e-03,1.378319220225397625e-03,7.638410851020174461e-03,5.758901684501091522e-03,3.769349646973246641e-03,3.327561794717631694e-03,2.213055148973409197e-04,1.806655760083644788e-03,5.694677543924830943e-04,6.529650659419573323e-04,1.545083904337067951e-03,4.373990925761852937e-03,3.365953041625388553e-03,1.009825693036058882e-03,2.118810347798067307e-03,4.639407033220350855e-04,5.105836367740814244e-03,1.140649197330165319e-03,1.151704305036473953e-02,2.789079922651514082e-03
5.340156559385937293e-03,1.218718253401947194e-04,9.093686547895513811e-03,9.028043434435379516e-03,3.638017749237448025e-03,7.422458019403008330e-04,8.262578534361576278e-04,7.349251253323052860e-03,7.672314376059847715e-03,2.907535879283936614e-03,3.624126566254115729e-03,6.984714723172955053e-04,2.983627308962601143e-04,3.514696626100273502e-03,1.105593535807290057e-02,4.670981629272285586e-04,8.493748769125217257e-05,3.268186142058700054e-03,1.206432309519577624e-03,3.565316396008326189e-03,6.867238574545048158e-03,4.516227838651381242e-03,2.272985926643890123e-05,7.050458931898185037e-04,5.076530156954007757e-05,3.640182073904166260e-03,6.630421271884047452e-05,9.316906331426032251e-04,1.156433684334890518e-03,2.897614383570172331e-03,1.165725180940858918e-03,1.284068768619679377e-03,7.491768487622052107e-04,3.328751008307928292e-09,1.423884453288525032e-03
4.065317933394803872e-04,4.557110982969503604e-05,1.405447853899578368e-04,2.416694500299284564e-05,4.088720443015907494e-03,8.957092591842762130e-05,3.099666745125849530e-03,1.480085193898921586e-05,8.046370851898300989e-04,1.898649775520063832e-03,7.343052453433979794e-05,8.162437247182258854e-04,1.927637748577503644e-03,1.607734555782772655e-04,0.000000000000000000e+00,2.957984233623379196e-04,2.163188874512785020e-03,6.007243778728857224e-04,3.528109215926654788e-03,1.173885838134859421e-03,3.559038804110656903e-04,2.478636045075433353e-05,2.788262685284488562e-04,1.032084491166887226e-04,7.195283591737548085e-03,1.889439957507487713e-03,1.772998219798859907e-03,1.155843121089431653e-05,1.804601764146299050e-03,4.109818538050391892e-03,1.084499938736700406e-03,2.343365909712456438e-03,8.805568244182743198e-04,2.630952060828080122e-05,1.984066021131867605e-05
2.543498029901716459e-03,6.081675746938504899e-03,5.663713687693667544e-03,3.825719205382081128e-03,5.378427893354964517e-03,1.498393446157089345e-03,1.874963001354868798e-04,5.512462274814740500e-03,5.486591039500764502e-03,3.163589339798158432e-03,6.182491100420808849e-05,1.820586470211560566e-03,4.336296690708818166e-03,3.860079764799405865e-04,6.934674859972005112e-04,7.500078421386070435e-03,1.779300533287646400e-03,2.697660157597964355e-03,5.450984918734953430e-03,3.824901127873421829e-03,2.436047854937978263e-03,1.989376312725546145e-03,5.223456462864150239e-04,4.808675912061308524e-03,8.285059961000507470e-05,6.602523639934075247e-04,1.185800012476587346e-03,7.293744618674120189e-04,2.603988550586877095e-03,6.117120296064587973e-03,2.243361596169397409e-03,1.206280620859448774e-02,2.560684159140173832e-03,1.290078449650995662e-02,3.668700719641737260e-03
1.863097482049341390e-03,1.119752257212441697e-02,3.163358496608148496e-04,6.900547348657942726e-03,4.941072142974355791e-03,6.182912804387132900e-03,2.157265263182946255e-04,3.182261492800183503e-03,3.107469316718825935e-03,2.850437159339950025e-03,7.311342406913744207e-04,7.525747363203195983e-04,2.467481549318638855e-03,7.630574813663383192e-04,5.734638872153342837e-03,1.213765722062945182e-02,3.103580623705156521e-04,6.511125604761068032e-03,6.484549099109501030e-05,3.781987844486146486e-03,2.217320076755992242e-03,1.173127121167372167e-02,6.659007104598808717e-05,4.034183338389056572e-03,0.000000000000000000e+00,6.166659960611508423e-04,9.427615377156882415e-03,7.150463772051657979e-03,1.024792683292074895e-03,4.508210686186839462e-03,2.401287109812642211e-04,5.612254694125936097e-03,4.226586710169488514e-05,1.576233031880508451e-02,5.304132562858505928e-04
7.573636247201616075e-04,1.862038497472296860e-04,9.706995827869283598e-05,3.358572547710294209e-04,3.595655103093188185e-03,4.774955105977277082e-05,7.974956412379240189e-03,5.449283223150020513e-05,1.167676068400658055e-03,3.732275537628462975e-04,4.876376867132350165e-04,8.526029182538951692e-04,2.485252988879653371e-03,1.041792020620851966e-03,8.694162119156195452e-05,8.694756984588335007e-04,2.218976914790112692e-03,4.637427299745146628e-03,2.844479378649720103e-03,4.771464412409545316e-03,5.563721231751539605e-04,4.324163993162669979e-05,6.448130299281963629e-03,3.689114632510622719e-04,4.862494967692275460e-04,1.657917663949922240e-03,3.231768760948477721e-03,1.123123367079478102e-04,6.311156677838401785e-05,6.571759904799478330e-03,2.972933871453220869e-03,1.503890021049098143e-03,2.759245013799590390e-03,0.000000000000000000e+00,8.467295095139897054e-05
7.322649214778861881e-03,1.602681570761606278e-03,7.390359183927750625e-03,1.973619769307090495e-03,1.641956198713511329e-03,2.241122229220043676e-04,6.374025348917329234e-03,7.977703293401522096e-04,2.651223934310619618e-03,4.224560237091624579e-03,2.114181695548394621e-03,3.012163378190007082e-03,3.776773753703197706e-03,4.529697377818149226e-03,2.343539504757912936e-03,1.783254580940573514e-02,2.575566796564517525e-03,5.686434284327324465e-03,3.283729291456351229e-03,4.854799707439395179e-03,2.175995400875849889e-03,4.995852331245313575e-03,3.777834987904024090e-03,2.979601880774149052e-03,2.621995328645281977e-09,8.596882587262924189e-03,1.503776006726837908e-03,1.158162157560145176e-03,3.212353796459880943e-03,3.103801459059644247e-03,2.605150334158403726e-03,1.883734710140735902e-05,1.619464018673460114e-04,1.269773705399485217e-03,4.577205916400690238e-04
2.138337679184822669e-03,1.374944413795106159e-03,3.035629630412216545e-03,2.186704625952941208e-03,9.342848755391664102e-04,1.488558012491358060e-03,4.362066553528222770e-03,2.434091473571750597e-03,2.842645148240189202e-03,8.848017303558495736e-03,1.626145056817102520e-03,2.944086645295766747e-03,2.258186889931474567e-03,2.604384400986055510e-03,3.096368441298319018e-03,3.515331592905819071e-03,1.031747757038266669e-03,4.046764277580105172e-03,2.074920458500867978e-03,1.363453718004866647e-03,5.746239656379036401e-05,2.282261027865009834e-04,1.086719591869973051e-02,1.099535041358194222e-03,4.918991146515897667e-03,1.640167837500840914e-02,3.914917038080573813e-03,2.281407867732523041e-03,1.820554877873247889e-03,4.396278572195467214e-03,7.062273121866551560e-03,2.464189020844305758e-04,9.127876077522179693e-03,9.546684086179613003e-06,1.415036746946911166e-03
1.212957368901262586e-03,1.159363394660561063e-02,1.688608960476899699e-03,1.889394470788665834e-03,5.093527354498395519e-03,1.374698393529659316e-03,8.185615771433643346e-04,5.743503281819026945e-03,6.936356342604265562e-03,8.149628961137533184e-03,2.052380413555778341e-02,4.020774981471873788e-03,3.070714305283524584e-03,2.485833814207328088e-04,5.831456727246591559e-03,5.160548263304282068e-03,1.430200684270246762e-03,9.161598084288690574e-03,4.428678243599042975e-03,3.963360134371934559e-03,1.834045445011606851e-03,1.548770151413583589e-02,1.275187632578029780e-03,3.745740943934721193e-03,1.613611574886043539e-03,4.886063334169816336e-03,1.276127151084520926e-03,5.993384364970506112e-03,3.262773503797079637e-03,1.355143026785947218e-03,1.566413491354864788e-03,5.049096429907721714e-04,1.386284704837441014e-03,6.335057612745080211e-03,6.959316859819292267e-03
6.544517285361407160e-04,1.223422858392536963e-02,1.225200943672340864e-03,8.990522021630885374e-03,6.079348833640623589e-03,1.339763975548146323e-02,2.624286429793982068e-03,1.952486862115132213e-02,5.424060835004535647e-04,3.636132655107808097e-03,6.199859206834786550e-03,4.019194380454496271e-03,6.821337552798257924e-04,5.941182825440652175e-03,4.660822410077758438e-03,1.618234782423313284e-03,8.983451413793405727e-05,6.173034654644117547e-03,3.296923218466921417e-03,4.025918800691355090e-03,5.375100392110116788e-03,5.157855770493059364e-03,7.128253065733408710e-04,1.632609298086031696e-03,2.288803864119783407e-09,2.101216902586184113e-03,4.072926925197387603e-03,9.250088153857593393e-03,8.108447997355423473e-04,3.457146611256654584e-03,2.207997956156559048e-03,4.080164091305646910e-03,3.962271136723652214e-04,1.118277891331940707e-02,2.909316765227784249e-03
4.702024829057229946e-03,1.962666157237530351e-03,1.651766890376529058e-03,1.303537401133041075e-03,2.874946990076510112e-03,9.254820285124835391e-04,4.912047155675867277e-03,4.122047020405729726e-04,1.441918009789763767e-03,1.334929018987134237e-03,2.740266658836078024e-03,5.522386801206400492e-03,3.871193512480726896e-03,4.202424669180597830e-03,4.555197372377354191e-04,9.577099039986516210e-03,5.033376721408642888e-03,4.276954716387338686e-03,3.206526574729606262e-03,1.162952562379727939e-03,3.019263715262154521e-03,1.053742627768615610e-03,3.562224173116501722e-03,8.728283176739131885e-03,1.685937367983571982e-03,3.198441838786302352e-03,7.634587350331565811e-03,8.779569654392489937e-04,1.329672125766370033e-02,8.976208346435369384e-03,4.970300555673813798e-03,4.150837269975257530e-03,5.121254820391333423e-03,1.189105551578111073e-03,1.148264782244819236e-03
1.663097358967239280e-03,2.059980410647027551e-03,2.892139786780914892e-03,4.117466927252971635e-03,2.974136915159427460e-03,3.532230390108182330e-04,2.472851478558331286e-03,3.430554388735553885e-03,3.377481596800239756e-03,1.373951367407502634e-03,5.045979575224558873e-03,5.296656638012006355e-03,1.413242013012407441e-03,3.541663030577763861e-03,2.074536023554416318e-03,4.314703873688665280e-03,2.678237613563478649e-03,2.342173834534354987e-02,4.165407894126901302e-03,7.721331293357846376e-04,5.621550689129848136e-03,1.107718526429481761e-03,8.509578505700705550e-03,1.144908785386095605e-03,6.958262949565317650e-03,5.824187023323898135e-03,5.760220452872740100e-03,5.445308226269411460e-03,3.074558096076587029e-03,7.356647058373268905e-03,2.598901021647004317e-03,6.147556180309584305e-03,2.430034249123514973e-03,1.449712805579646285e-07,5.339203503609349366e-03
3.734798519044237822e-03,6.475084564326211720e-04,9.894055022368684719e-04,3.792055696166833829e-04,2.524630403515538187e-03,1.674241362117822847e-03,5.821941131050505265e-03,3.779207046035096664e-04,1.145419690734161876e-03,9.443875720164168546e-04,7.532141335101296981e-04,8.391037924105924440e-04,1.860072084530221739e-03,2.108119682856643938e-03,8.760796779374351788e-05,8.773992828764221735e-03,3.869735298981970273e-04,2.912681165230334487e-03,2.004131951977666543e-03,2.264513139991809493e-03,1.235850140468098450e-03,3.771160534736939913e-04,9.957490844449733494e-04,1.690759357590835860e-03,2.355101138426528122e-03,3.122361420550522938e-03,8.999616962568892861e-03,3.747158459309035249e-04,9.557443671112168110e-03,6.354680138502613596e-03,5.283841678215678989e-03,4.296061887781981933e-03,7.870845961391887552e-04,5.227543720606548034e-04,3.528895739746369187e-04
1.655484876218984991e-03,2.698476592322108895e-03,3.408188883057777438e-03,1.717541987074504978e-03,4.604237405006373664e-03,2.092393759958489647e-04,2.349174454681867558e-03,3.865474762100422519e-03,3.471422501726202734e-03,5.852338656054258776e-04,1.205326496364848496e-02,3.918761016263924007e-03,4.182473104538730023e-03,5.734533298991545056e-03,7.783511171506252895e-04,2.703537895655106719e-03,2.594177862412227163e-03,1.068322245460349811e-02,1.030955130654371069e-02,4.405445500990909369e-03,1.151916857745548424e-03,1.419470620895041477e-03,7.363395265413349728e-04,1.186691877569833777e-03,1.158416433912209768e-03,5.709918901006408830e-03,1.487042356800459889e-02,3.802314941573198097e-03,5.286389686010983108e-04,5.909974979633365010e-03,1.328395496188062436e-04,3.152459346040747956e-03,7.510531711040499894e-05,1.382533241159850145e-03,4.382598856357868868e-03
4.960810534373584837e-03,2.360312312322116260e-02,2.530971409361068396e-03,3.038433124182534154e-04,1.008043583129219177e-02,1.838321417750900244e-02,1.764023203390416034e-03,4.809014290022798656e-03,1.254962714634002240e-02,6.060838544227873520e-03,1.202386993513821292e-02,7.827473968320676836e-03,1.582852160358446617e-03,1.858170683624755896e-03,8.882948758651507820e-03,3.421111967393569014e-03,2.553104843487979600e-03,7.783989736766755083e-03,2.117659327170873327e-03,2.394783044994925041e-03,3.269195147749805359e-03,1.540243077441469030e-02,1.398004621285048798e-04,1.673471890307025312e-03,6.357628933719320437e-05,3.645302173925926183e-03,1.313989629494159705e-04,1.228007613457745596e-02,2.342554461638610315e-03,6.023981503691757007e-03,1.380229681484281944e-04,5.490579133423142098e-03,3.421493892658221381e-04,1.523225289207536665e-02,1.130815352004796784e-02
2.679890908765528417e-03,2.555972185996720301e-03,2.696499291950460540e-03,1.195840676552435916e-03,3.100800511918987579e-03,0.000000000000000000e+00,3.847583831540339963e-03,4.428204224194549031e-03,8.335687385368823268e-03,9.483032444209193263e-04,4.638186286650180026e-04,3.778628325877266599e-03,5.035993677363378822e-03,2.209349375540692502e-03,1.300681809964910989e-04,6.190130454301423155e-03,3.608651365889633741e-04,2.982463493257357136e-03,3.121471209841670744e-03,1.065028599022830452e-02,3.321188631760910170e-03,6.945116023675399679e-05,6.077262347964178246e-05,1.367773690969474208e-03,2.467876688184974208e-03,1.675234660981308153e-03,6.187685753511110338e-03,1.191419143619603608e-03,7.562122040054661959e-04,3.673030399828193862e-04,5.721320745448368189e-04,4.107952696194217511e-03,2.692386702251979395e-03,0.000000000000000000e+00,4.373932633327489924e-03
6.972488185422370593e-04,7.530008074562878477e-05,1.009357304648282735e-03,6.621930749348869027e-04,1.357931276066825371e-03,1.065100909788120034e-04,1.901744752606019957e-03,4.176574689113665391e-04,1.062611127815321459e-03,2.124442844154008671e-03,1.998684427195160948e-04,7.936223236776020944e-04,9.627361052581290962e-03,2.211342554902946331e-03,1.108849017189689418e-03,1.161004173033583541e-03,2.519089588703416274e-03,1.116099923954434183e-03,1.849794168407239633e-03,7.562319573941639513e-04,7.194842827080708729e-04,6.695272571212876962e-05,8.434778917805968793e-03,2.445366085752571418e-04,9.128950945948054521e-03,1.650976945103222425e-03,6.363685045868684720e-03,3.950436637885969293e-04,2.408072788321865068e-03,3.767019350141422723e-03,3.389123814848609556e-03,2.820749240822285724e-03,2.124339370267943304e-03,3.757083583135560792e-07,7.146532355711452626e-05
3.426951036987834799e-03,1.180730707385142970e-02,5.867641886997372949e-04,4.498547923694930749e-03,5.216007648876619038e-03,1.380630134616705508e-02,3.169399869647786770e-03,2.036673697945959836e-03,7.120880598845052978e-03,4.045334650652342157e-03,4.676636215775991333e-03,7.022033177879199659e-03,2.946364124640390384e-03,3.550641613840078807e-03,5.457445404975620751e-03,1.799601385842932583e-02,4.367273491708612704e-03,3.810390365226565441e-03,7.892748089457926955e-04,5.135217830432147607e-03,4.534609382813737516e-04,1.476305868893313528e-02,1.678484819273286634e-03,2.566048306172309321e-03,1.075273599480631656e-04,2.823750378212631224e-03,7.886882266007994718e-03,6.649735549288324395e-03,2.330367621245975525e-03,6.904712591218350667e-03,2.718786642094060159e-03,1.410912832468684108e-03,3.436136426435486540e-03,6.843751098574175212e-03,8.803020292781519457e-03
1.318375732899785581e-02,3.675026389063756980e-03,1.775529968903782809e-03,1.659497830336201501e-03,3.501239555416695882e-04,7.895671747869719218e-03,1.502927804445226834e-03,1.646204937955025567e-03,2.595117197659164727e-03,2.280992336960208349e-03,2.824607363832274450e-03,2.079321680145566030e-03,4.746016099116026621e-03,4.903268897900173173e-03,2.867766166133659672e-03,1.423058693709471946e-02,4.807607943840611336e-04,1.037873860743093041e-03,4.905633507994687503e-03,3.144483990512661475e-05,3.895483495968720018e-03,1.423240130892578338e-03,9.708710496036804249e-04,3.910292297766615292e-03,1.618924389867069176e-04,1.498936193159580363e-02,1.436622015403161198e-03,5.582005756762932827e-03,7.600832934515681059e-04,3.174748230874919249e-03,1.402619893488069036e-03,3.255837637249584839e-03,2.341776238611863181e-03,4.412386389593071691e-04,1.742491027633030071e-03
1.975248845677353426e-03,9.502072642261603572e-03,3.999752943747827798e-03,3.040810742367809280e-03,4.230554982389866589e-03,6.476974557708208534e-03,3.323526941758179619e-04,3.188625413639976924e-03,2.976445690418184301e-03,4.304302839863070884e-03,8.351817578547762744e-05,1.246367181180905309e-03,2.448258256329538789e-03,9.586053077161769357e-04,9.597789405719342470e-03,1.343833157132079750e-02,2.472790423034168885e-04,4.775377444239683154e-03,2.827417875088927574e-03,4.286783912652031812e-03,1.166690774229553473e-03,4.618809520577547845e-03,2.128209172511037240e-04,5.611305012259686781e-03,0.000000000000000000e+00,7.257834091448630903e-04,8.033515398446152561e-03,6.184864311117256944e-03,1.465013333539917076e-03,3.005997251780274417e-03,4.101482315896583025e-04,4.854925505778570453e-03,2.436982549428286449e-05,2.205963956527604020e-02,4.199895862505576005e-04
1.970914609913588210e-03,7.556460306280328443e-03,8.495350228506927392e-03,2.436775566216956707e-02,6.459455378841240727e-03,2.473414740973144555e-04,9.799353478310989136e-04,1.396251076136586014e-03,1.459290531106129801e-03,4.232925836185124843e-03,6.868009648356293573e-04,3.488710652625619246e-03,7.302177757873278864e-03,2.551790533177350755e-03,1.377100484200084740e-02,4.762244817015985794e-03,1.349897551956118040e-03,1.479035404689607591e-02,9.704540965720787407e-03,2.292387009346814886e-02,3.741692658954931527e-02,9.640377345762044317e-03,8.287897130928438896e-03,2.692640719981798623e-03,2.110913479831513350e-03,1.467453835360141116e-02,2.824779455976086234e-03,1.115182674883239550e-02,6.782661762079362014e-03,1.288217424393800839e-02,1.934128161571433552e-03,2.922811538376304460e-03,4.214321496432589520e-04,1.119401938707400613e-04,2.381440719858583799e-02
1.975309545283198982e-03,2.596069415931988398e-03,5.470153793553913721e-04,2.187934723175323764e-03,1.434409179545915233e-03,2.820531714979576665e-03,1.671004449516642031e-03,1.272071101698996065e-03,2.406430983169035101e-03,9.703730816279836080e-03,1.189522820481064098e-03,1.339148326611472534e-03,1.889667706364878087e-03,2.268856803224251085e-03,3.076312894601598846e-03,9.122483200018415700e-03,1.329833693795346794e-03,5.633998155031648414e-03,1.597129554779650254e-03,2.859950462201868784e-03,4.374829176260830801e-03,3.503254107299729457e-04,1.892576002928932685e-03,3.942206631665393785e-03,2.785645799298322629e-04,2.805059175532534626e-03,3.024083671440252682e-03,1.777454606897525217e-03,2.636467366600590140e-03,2.091602203943639885e-03,5.644859202260203712e-04,2.923855082856578746e-03,7.256261898866909468e-04,8.131103520723844888e-03,7.169348900652036324e-03
1.410081667909839423e-02,1.675675325623082051e-02,5.733640906341314417e-03,1.399711412230115852e-02,1.579544085790318339e-02,7.898588221319738367e-03,1.701834392888273290e-02,2.781786863824890071e-02,1.739301685520702051e-02,7.235437823103444289e-04,2.195479104372353822e-03,1.966439362235025776e-03,3.412969999999999979e-03,2.731270628057197100e-02,4.907941663388662445e-03,2.098772009488356766e-02,1.322749999999999924e-03,7.358918529340631107e-03,1.918628992668935680e-03,2.258366070952202379e-03,0.000000000000000000e+00,1.801850329261891863e-03,0.000000000000000000e+00,1.629813644615205059e-02,1.469163696822567216e-07,9.196943078157618356e-03,1.821668445736654429e-04,3.500304913348739177e-03,1.433956982122125065e-03,7.372686538822659490e-04,3.717446917568187348e-05,4.064058646677456976e-04,1.282110592987065201e-03,0.000000000000000000e+00,5.715121777623417137e-03
1.141232096370397881e-04,5.196651430083932925e-03,6.986569097548872391e-03,4.205871973295446757e-03,3.304879572206531439e-03,2.017293030111099242e-03,4.420032505041950272e-04,4.005318406302598236e-03,4.172936011821736652e-03,2.470392158946412963e-03,1.397125681611991604e-03,2.841366535579446795e-05,2.791164892432864645e-03,6.824712680531975096e-04,4.513306835344803661e-03,3.687544124478043389e-03,7.873398370596591811e-04,6.380732407116574897e-04,6.782027989703748143e-04,1.018266242662976395e-03,5.120924712009762569e-04,3.954848040931307346e-03,6.180363662591429989e-04,4.351824237758385693e-03,3.161298620459533464e-04,3.303135555670299282e-03,7.502150331662816099e-04,9.676296744887073059e-04,4.671161096888940510e-03,4.149622578256049327e-03,5.012971648068096329e-04,8.980884558440732635e-03,2.025024809179102898e-03,1.033937501692633147e-02,9.642023108060050057e-04
1.442529203420321073e-03,9.140540821209861347e-03,4.488005542895602377e-03,4.587374660586522948e-03,5.853597007162971051e-03,3.053687618785441205e-04,1.004960081001837887e-03,1.877609206114674942e-03,2.741341115855281969e-03,5.787052699937338118e-03,1.881380219440394880e-03,3.270901984981214317e-03,2.153552040530317367e-03,2.674590625904342805e-03,2.370456984320864352e-03,5.403180878399591394e-03,6.405923593549747545e-04,1.173660132551165337e-03,2.631731542645762093e-03,5.986830454198425674e-03,6.690568511057193996e-03,1.877023263505547476e-02,7.601077765343316204e-04,6.178403679290179508e-03,1.363444272005338127e-04,1.071947210769370450e-03,3.807312075881956297e-03,8.677836046060295738e-03,3.910966416802273346e-03,6.510945812842119755e-03,7.738435587225163566e-04,2.915214162121169961e-03,2.834033674620442967e-04,1.858194365527410241e-02,7.804003800800145274e-03
7.327097580323088059e-04,1.354656627379411706e-02,6.987782988988984999e-03,1.387685683902731629e-02,5.568388503228527062e-03,2.326103126444383547e-03,1.297328146740136688e-03,6.535739702123271461e-03,6.682226608011833900e-03,3.905887623976775011e-03,6.338235346140667567e-03,1.432731956376909199e-02,1.032887085159514551e-03,2.661002606593993770e-03,6.566158099747494009e-03,1.777377623810126291e-03,4.970729195822856314e-04,1.013760490505702383e-02,7.689834904633678289e-04,1.033250221645274497e-03,4.069148354992998401e-03,1.072114011630530966e-02,9.434986856944109447e-04,6.226387833707744228e-03,4.422954513366161313e-04,4.696735103564696374e-03,3.562769953995765116e-03,4.217505959765192533e-03,6.344387442282573356e-04,1.461379438391614827e-02,4.942072844767990848e-04,8.140261500702216865e-04,7.520196663681676065e-04,6.802884106993249691e-03,1.864786548521832343e-03
8.955767028536473860e-04,9.445915419327194536e-04,6.880624511519120795e-04,6.163689165024864840e-04,3.559786878022220147e-03,5.955182503142165788e-04,1.770803474302072057e-03,1.379159501359921271e-03,1.621723050136243509e-03,8.096255890109128666e-04,1.350564788234299941e-03,1.361086780318873819e-03,3.872185843801056147e-03,2.728156681674988836e-03,2.006125004050865587e-04,1.588711541209017301e-03,3.257337048371237043e-03,3.314198300039470670e-03,6.961074886474301338e-03,1.159958733196860426e-03,2.327545913303595386e-03,2.659084850236287525e-05,2.297524244866031105e-03,8.166945356976863758e-04,4.682846579718498090e-03,3.196132800447306927e-03,5.660657826853897345e-04,9.710499772168026825e-04,6.159364869638496269e-03,2.443255177961604734e-03,6.080587068628717437e-03,6.446661364487579239e-03,9.318789483270775026e-03,1.562824048861486347e-04,1.250171240692827656e-03
1.385113189572574751e-03,2.124951001632320504e-03,8.373727058890844538e-05,2.519085572381462440e-03,2.137999300101171146e-03,0.000000000000000000e+00,1.260592144046750272e-03,3.449236956780495598e-03,3.069781673198272026e-03,2.219173771581380884e-03,5.725442826602128617e-03,1.022955015582667840e-03,1.782678534130747658e-05,3.255138960357894205e-03,3.713780031785912303e-03,3.659558098337322915e-03,1.180403099692708957e-03,4.014443796434837702e-03,6.277842809556907246e-04,5.296435112391818453e-03,2.301267922854746337e-02,8.697133068295555963e-03,2.289253416177281647e-03,1.474184394440697463e-03,2.912084532489763768e-04,4.434151224037656373e-03,2.417006094690681700e-05,1.351717549421731397e-02,2.395509340125148191e-03,7.060166041609005835e-03,1.858125062297934574e-03,1.426859683150889964e-03,1.992720892229547531e-03,1.025236481979012373e-03,7.033237040076438171e-03
6.084121284835320755e-03,1.556253413070734799e-03,1.117377549033248332e-02,8.359631838113674995e-03,2.808084962897771687e-03,1.623784034958577344e-02,1.232491503226628717e-04,4.695348601852347009e-02,5.806859918636731940e-03,9.142419768414684900e-04,1.471712533734331925e-03,1.609744118513841728e-03,3.213479117163570500e-03,8.988075317304857620e-04,2.245489860284698505e-02,2.375843297903157912e-04,5.825818432487373140e-04,5.640683079249102574e-03,1.043946884190208703e-03,9.798084212302019588e-04,6.927769344139806350e-04,2.299058336129236081e-03,2.581383165147219279e-03,4.791479312871878109e-03,4.688565062443874297e-03,6.260708778495709115e-03,2.066717560709705262e-03,4.824512262782288535e-04,5.549913674649283989e-04,4.097674315912447395e-04,5.531996135239369144e-03,3.007774993622418236e-03,1.172537317099681120e-04,3.459176337960798565e-04,1.207287473122134816e-04
