6.394498386940658530e-02,1.982379360495761106e-02,1.778912381555339955e-02,1.185300516468184434e-02,3.905719040353411442e-02,5.899449752464547975e-02,2.540933470400132468e-03,8.322158184660456703e-04,1.218298801916387758e-02,7.206813253688217069e-02,1.171246727922785336e-02,6.612865616540376801e-02,1.734312805360006468e-02,5.727422855518482514e-02,4.880488846068556374e-02,1.633267732027297164e-02,2.132322424681712403e-03,3.223497712836648210e-02,5.871397878591895839e-03,5.220312527814519044e-02,2.018730840730133258e-02,9.520761238961711337e-02,1.511220439488242424e-02,4.386407858013642580e-02,1.452249701443510468e-02,5.241598753426907759e-02,1.652754027628896422e-02,6.941959507805118418e-03,1.834565517143140964e-02,6.156082286887105959e-02,6.542553889544765189e-02,5.717349615805802227e-03
8.238355359151569579e-02,3.186741385066653443e-02,1.378975120510120972e-02,2.119553893536522612e-02,2.231269771502149626e-03,6.642958395659469273e-02,8.086283224046853652e-03,1.492898193159148887e-02,7.378457496946272398e-02,7.119920962939585429e-02,1.437003670235338995e-02,8.805931280943048167e-02,2.024337374469339576e-02,4.743753456903278265e-02,2.377583811902183111e-02,1.858307740599857150e-02,1.525104360583788739e-02,1.807134235756647014e-02,4.185872249175430493e-02,2.004559620426933642e-02,3.433744549456758943e-02,7.750925060894710283e-02,1.636978630515220634e-02,8.601505508197734504e-03,1.871953136310199051e-02,4.653775627093283129e-02,2.127789140674843718e-02,1.694375821704320953e-02,1.641324615770685391e-02,2.809287339744424156e-02,3.030689568910845122e-02,1.835578714959931051e-02
4.401385106485506890e-03,5.792184467928174207e-03,1.609018000784897748e-02,5.489000861145103272e-02,4.332489432689299452e-03,1.666650984441102670e-02,2.852606886294401303e-02,4.592405167854836379e-02,4.133248736792163175e-02,1.561906014879540713e-02,9.658253461439457455e-02,1.951063804358337331e-02,6.562589674743889850e-03,1.174999075124689638e-02,1.154835177591746406e-02,1.007577695095534381e-01,4.476320341406778147e-02,1.731284101687097926e-02,2.864845514281523856e-02,3.416172688622456932e-02,6.552847922107578327e-03,1.784752534264997387e-03,5.936608734269017973e-02,4.424469730601880008e-02,4.863886305549154632e-02,2.508781777728118223e-02,2.178673032100353346e-02,1.130496539953007584e-01,7.938825895872919647e-02,1.986196410893106834e-03,3.564710881748915650e-03,1.439390337525273816e-03
5.800702704162050138e-02,1.231407064336194693e-02,6.600843028525926748e-02,1.454983486036798106e-02,1.777089683382274826e-02,6.285532486423829612e-02,8.073683412139980031e-03,1.180281406969294240e-02,1.103653114268240455e-02,8.187322095280902268e-02,1.618721138445274738e-02,1.819571140215356722e-02,1.711717533919312681e-02,2.573349559617596483e-02,1.271946746575331466e-01,1.503507121879066148e-02,7.443418335052772242e-03,9.496786855521062096e-03,8.845516586770785922e-03,1.243255199286212934e-03,1.139518722192996679e-02,3.681888179687869966e-02,1.173619763259403821e-02,1.953210594738537947e-02,1.051530562048879486e-02,2.398526456060741385e-02,1.612400232576558304e-02,1.231525079853904026e-02,1.308040247086457962e-02,9.170216238320708091e-02,8.471726286834885267e-02,1.263818858361742507e-02
6.508187336891994856e-02,6.885681733266150323e-03,1.211161134812064472e-02,1.895607581010848655e-02,1.721134850457115006e-02,4.242469507030631470e-02,2.167720841599022827e-03,1.750922843614425087e-02,7.335946394218298416e-02,3.669165053315485286e-02,2.265878019257146561e-02,2.286959717664292790e-02,2.151160432753826401e-02,3.728775631978645255e-02,1.235739016323042852e-02,6.282453506295304635e-03,1.536612232675491421e-02,2.561221341728647100e-02,5.346519685251167886e-02,1.456875058613603391e-02,6.343319562319139904e-02,1.740884109850502487e-02,1.748474782996628160e-02,1.448438378626328016e-03,5.151204842419108282e-02,3.035630873464726862e-02,2.051144148595519454e-02,1.616922377212914874e-02,1.843321882946379747e-02,1.670852254407381027e-03,1.458315436102449944e-02,1.657567898788136346e-02
2.076486053679837268e-03,2.057738417939412173e-03,2.560592317875819840e-03,5.766298692219667954e-02,2.425289300763624686e-03,3.149600959570925118e-04,3.756635724427574707e-02,8.731234790576877791e-02,4.320184023747332402e-02,1.434054284301084989e-02,1.212093164954868435e-01,1.760231573250489387e-02,3.423770292500195184e-02,1.030341547172533567e-03,1.562364027117297931e-02,1.318624281613926252e-01,5.473409723469110921e-02,1.994070210959945563e-02,2.283576530093998219e-02,2.843334500296573059e-02,5.088702587291228305e-03,1.884990284693462137e-02,1.037516675424941109e-01,2.919576514221575159e-02,1.541752194061764628e-02,2.182157326178937873e-02,9.223851688017176143e-03,1.454117047510682104e-01,7.843756068736443265e-02,2.132024633772568178e-02,1.789257921614888919e-02,7.285354692390361153e-03
2.571524408880646040e-02,1.416454580833093058e-02,1.197344220198216791e-02,1.573299823946277057e-02,1.568387609679384315e-02,1.744152155670357363e-02,7.946569416084051443e-03,1.207325993639276132e-02,1.127046265633752445e-02,4.983441360536950554e-02,1.283151434225708251e-02,7.728633073930056899e-03,1.090412160615371155e-02,1.271911843457000993e-02,3.039845401374385164e-02,1.175745851902523093e-02,8.823088077879692043e-03,1.475112568825931621e-02,9.921999599671892794e-03,1.388507426113143664e-03,1.201966441018772341e-03,3.221875659770816192e-02,1.287536502185334004e-02,1.174430937641077026e-02,1.330178847072042807e-02,1.109205061883827663e-02,1.128412079277788839e-02,1.469368832545206276e-02,1.411515170219669602e-02,4.056123784684509403e-02,2.275305038757378939e-02,1.503410290852830004e-02
3.965229542327491918e-02,1.723900792467113890e-02,8.251444470040964624e-03,2.817316494641210201e-03,1.066495715081105036e-02,7.447851580660002843e-03,1.663780588012255326e-02,1.684842720642660413e-02,1.115829995088396184e-02,4.473837939832853161e-02,1.259465699160626159e-02,8.567542789318276231e-02,1.596871373770953825e-02,1.535827761871780966e-02,8.809458657737592735e-03,1.810843780188428967e-02,1.516266005942106671e-02,6.413726965707591821e-03,1.412497037392178301e-03,1.150075603784816297e-02,4.233136829854962715e-03,7.399739979411575075e-02,1.496292018535725840e-02,3.666168768618563792e-03,1.559728848177398611e-02,7.806640262429765525e-03,1.771907679880923084e-02,1.679655897200075382e-02,1.704262947588746496e-02,2.987959444176207721e-02,1.240760531798712832e-02,1.280459174052128030e-03
7.957503830788321270e-04,1.016388839218562434e-01,1.070003356559398947e-02,3.997068599810130879e-02,6.240041701524903783e-02,1.131122324630381634e-02,5.972828262903183416e-02,5.523263053464701200e-02,7.553634178408692723e-02,1.281193484118338388e-02,1.971074750350927315e-02,6.956408263352465565e-03,5.206446177650437407e-02,4.948526279352036261e-03,1.331711099431100338e-02,1.302112134909226560e-01,1.490965356746293269e-02,3.658354692355441501e-02,6.912749593368013035e-02,5.706197422101436795e-03,8.592806068627968641e-02,1.881566047649843587e-03,1.247786603834842023e-01,3.478604445625520930e-02,5.001283107927929905e-02,3.065535397400606654e-03,6.215919858078802762e-02,1.960526197518474428e-03,3.199687375214969876e-02,4.646924286863952924e-03,5.031730771850656189e-03,4.341816342605411133e-02
9.930689189647852466e-03,5.670942374854458928e-02,6.760572853525860515e-02,1.403395179086457459e-03,1.790271543561065479e-02,8.626016187252248668e-03,4.111523813699909102e-02,1.138529145809102569e-02,4.900660816769852185e-02,9.103686336777775528e-03,1.265093446099479178e-02,2.913216450294708881e-02,7.506236931385694422e-02,1.399501147532960718e-03,1.548898033332414895e-03,1.349213995820828203e-02,4.087599091305271076e-02,1.104336449835478448e-02,1.250990371411493489e-02,5.148531374501635199e-02,5.421339539688520281e-04,7.194874497010081069e-03,1.312343300594500176e-02,1.256720536865988183e-02,5.628555085156648763e-02,1.271918624333485959e-02,1.204478707644503037e-02,4.788218594776989107e-02,1.542926797555283294e-02,4.168693810912022651e-03,7.969101856495752062e-03,6.487846130265292888e-02
1.530003731183452592e-03,7.655182197614011919e-03,3.680788456560748351e-03,6.212661825657141146e-02,4.909971590802645475e-04,1.175797840375377920e-03,3.043889864246260984e-02,4.229496342397623398e-02,4.518446555953375965e-02,1.097628895192052229e-02,9.720949856558575020e-02,1.454446190633745459e-02,1.360234287813838136e-02,3.097687512165324050e-03,1.087726940875069145e-02,1.111675937941394299e-01,5.009143320103426333e-02,9.748952350538414233e-03,1.396003460290471884e-02,2.237088480924064038e-02,2.786952919577133717e-03,1.569027047815087228e-02,6.902057299722526296e-02,1.728115676099631348e-02,1.807326441218824395e-02,1.619184771935370387e-02,1.338648606412319586e-02,1.179048887995599870e-01,8.297516754384481885e-02,1.671971841589077468e-02,1.474408795482762095e-02,6.319013179982501185e-03
1.112430390497171073e-02,9.118146080035076373e-03,4.963871685307839898e-04,1.121182728734164760e-02,2.414019870897965783e-02,1.196252673430268226e-02,1.185245719391277847e-02,3.093854972664275213e-02,1.552225002768179395e-02,2.526071234632162182e-02,3.353338518243408062e-02,1.586619306021241904e-02,5.157490977511641761e-04,3.862638368396630745e-03,3.477209568841930359e-03,6.846129259622073249e-03,3.109374991721888803e-02,2.287428708411801473e-02,5.984634656584022355e-03,1.106198897187270214e-02,1.516311232475502611e-02,5.723348142236421923e-03,2.929492000225533688e-03,1.191921498189189507e-02,1.200995947667231160e-02,8.506666286840353086e-03,6.454376486572685478e-02,4.705938880379705036e-02,8.211317627184486212e-02,8.151551805634739412e-03,1.124439699254818625e-02,9.262285027128665943e-03
3.046777353924506535e-03,1.682380157927114428e-02,1.204364537938373489e-02,4.552650498450541705e-02,1.895953603145151753e-02,5.230324132285391579e-03,3.739832207069510028e-02,5.897114001265214844e-02,1.393448484638327121e-02,1.359115168798035594e-02,6.858867749556721294e-02,7.995353893170959250e-03,3.892253550178724486e-02,2.161409544900815341e-02,8.487822577621397663e-03,1.255667853188512963e-02,1.089469577411860367e-02,4.696248076741030286e-02,2.299206907093829730e-02,4.138657081524665937e-03,3.873560870136238954e-04,3.341594764653793223e-03,4.705863244620383384e-02,1.980589450416883959e-02,1.534596845743610265e-02,2.115076201726273294e-02,1.466782387073584937e-01,1.773176582263895351e-02,3.365231051376710303e-02,3.564690434928161761e-03,9.055522848596005842e-03,1.874077390937111537e-02
3.096770363729587847e-02,1.342757162416712176e-02,8.534478392812860220e-03,1.414231706895147447e-02,1.041311604444202649e-02,1.178146668509494691e-02,1.116970806524324351e-02,1.206362121395135149e-02,1.070181404198199474e-02,3.495679281381076225e-02,7.277035445990574607e-03,7.269191417909369457e-02,1.526420896838116652e-02,8.380878697626412827e-03,1.695227258669567208e-03,1.439561469853195379e-02,9.223027899694761361e-03,1.799568137026717751e-03,3.931740893885997748e-03,7.673111748117873894e-03,1.386198481092834785e-02,5.321151603271835617e-02,1.301370995404285864e-02,1.275841528625457078e-02,1.476006178857954161e-02,3.617665397512790856e-03,1.351616499860424682e-02,1.257785906200861552e-02,1.420060943467090983e-02,1.919417612523535016e-02,7.917484633486284937e-03,3.452844054643614338e-03
1.116842598692682417e-02,1.008317581950965575e-01,5.146057446109238848e-03,2.639406531721631005e-02,5.526904240328395224e-02,1.421973916664752771e-03,5.339236106423636552e-02,8.249384617223107230e-02,7.261320397002705984e-02,1.749815899069250349e-02,5.538532833286516355e-02,1.590007516257572334e-02,8.257511607795825492e-02,1.338280605346353624e-03,1.261299827969313177e-02,1.071263677934621433e-01,2.209498716086132422e-02,3.208439894167836037e-02,4.965022084921552614e-02,4.911932442982075431e-03,2.269887454167101790e-02,1.907363107542406691e-02,1.445677137372772814e-01,2.729648241175378076e-02,1.615863097648484459e-02,4.973853392840454912e-03,8.911586915677824350e-02,2.729070219133458014e-03,3.185774063268592693e-02,1.971420691921907040e-02,1.567764624701039472e-02,1.629284868810087009e-02
4.391409742637189528e-02,1.242683155347174516e-02,1.590638579048888127e-02,1.512247986508835802e-02,1.117981064372488773e-03,3.950954828852454304e-02,6.541610811583716684e-03,1.338309978781779090e-02,7.494695768534435920e-02,1.810461743114778754e-02,1.744522025269071297e-02,5.256116377280179233e-03,1.795893030528318210e-02,2.091625733569479895e-02,9.050331545407594089e-03,1.356555538087957265e-02,1.171996971258640503e-02,5.441161786838654910e-03,2.689764312641207411e-02,1.897739366482743828e-02,3.936329113089290233e-02,4.222538488857788957e-03,1.143412252069191115e-02,6.351971647189725081e-03,2.149858718729764917e-02,2.734697371303615107e-02,1.415295317049373135e-02,1.501683402728055949e-02,1.547121334433123295e-02,8.248924734866918546e-03,9.577947168675667033e-03,1.421872390024867677e-03
1.290733214768587447e-02,5.498148641080135429e-02,5.679454638731731148e-02,9.680789814717614961e-03,1.160906924820188230e-02,1.631438106426729220e-02,6.830207575241983853e-03,1.877802393404000639e-02,1.671087678120021167e-02,1.647734937184687151e-02,1.954028766505025091e-02,1.448503901041090988e-02,4.556041166706047141e-02,8.745478366546504193e-03,5.012313205849461620e-03,1.855919575299922603e-02,2.489617654959159349e-02,1.531712672109146814e-02,1.974107673892000481e-02,3.774374291105334761e-02,1.841049843249528348e-02,1.683716184001179950e-02,1.770821531523543088e-02,3.971939512102904205e-03,4.846436558330349809e-02,1.649154088558487871e-02,1.636934546751554406e-02,2.267332311060716102e-02,2.002036513250739919e-02,1.648322853641935246e-02,8.874897138561774548e-03,5.159946201083002310e-02
6.938463876463660945e-03,1.694573062754419976e-02,1.385172776808496486e-02,3.420156636447169857e-03,1.149370059777959571e-02,3.176367413872128662e-03,2.383275138352606431e-02,2.679952015281720015e-02,1.357563313707445436e-02,1.560655768871207702e-02,1.574268833378725252e-02,1.692904310246030886e-02,1.651339270080535993e-03,1.057735982882950648e-02,1.400879853712888243e-02,1.849982470185748337e-02,5.020267649490522260e-02,1.226631410905065778e-03,3.436808674397232033e-03,8.505503175657593701e-03,1.498732736214060564e-02,1.793224666910350415e-02,1.511410853016224680e-02,6.391820071465777187e-03,1.695000911995415624e-02,9.649972192896164036e-03,7.887357136518020201e-03,3.188216642481284113e-03,1.751903837753775520e-02,1.723486024422578311e-02,9.802733048898261414e-03,2.221893569206351282e-03
2.208003275772648169e-02,1.315717604597813756e-02,3.868054361506449712e-02,1.661218003448527644e-02,1.001426181906649171e-02,3.335303435267960442e-02,1.109883429367570368e-02,1.388024701111308101e-02,1.167225749570322685e-02,1.513270688484559014e-02,1.357814325023711313e-02,5.956916534522137957e-03,1.342722584361987978e-02,1.703776534455043318e-03,7.487405278125600083e-02,1.339000300473679184e-02,1.234092457515738317e-02,8.982841589299402768e-03,1.202893307304934295e-02,2.569882897135232318e-03,2.245824078633346793e-03,4.292847535253670188e-03,1.316122411314213023e-02,6.104947266269315082e-03,1.291630200836435191e-02,5.304320620036075823e-03,1.193532702879134336e-02,1.376138787042917137e-02,1.409710960905883118e-02,2.965453193067194362e-02,5.101115095302301283e-02,1.252313760197929990e-02
8.127267472333193910e-03,1.298919328964174245e-02,9.111405940910501794e-04,1.454275004664744991e-02,1.510804564488519436e-03,1.304641660138665046e-02,3.933731945884206237e-03,3.362113820383136331e-03,9.177122256021810753e-03,1.177235942784873521e-02,1.377835072679853279e-02,1.416287676772053084e-02,1.550272319896539575e-02,1.728084206757732680e-02,4.975911518517936449e-04,1.165391462681098986e-02,6.067861476790606043e-03,5.559573197859466603e-03,9.888685400091405675e-03,1.013220778077744862e-02,1.292699083426994064e-03,2.522217767109556641e-03,1.221452067182576991e-02,2.570637731827174477e-02,2.174298811386373223e-02,7.597233407661625054e-03,1.458176210610717671e-02,1.029583272662621882e-02,1.151942519238486826e-02,5.176930823915723567e-03,8.681177717735967872e-03,1.621387263327061720e-03
1.387226632446103732e-02,9.926267768060743901e-02,2.159545080177540516e-03,8.963180597116916087e-03,5.140919487960465134e-02,2.063012217852842889e-03,4.007928533250271208e-02,5.335024326490381275e-02,6.967284862547495905e-02,1.566168489626985905e-02,1.582206923971114440e-02,1.871233630942521070e-02,4.599609004351525726e-02,1.025738724636808367e-02,1.794594567224095868e-02,1.035640188386302840e-01,1.114575316860796222e-02,1.258398111191446483e-02,2.958097136763844504e-02,5.662384308650639242e-03,1.873416407662728891e-02,2.234146959855905917e-02,1.230350775358722698e-01,1.843779586175509425e-02,1.704895577358654310e-02,1.144515567435962222e-02,3.480042040192569269e-02,1.694939870113997687e-03,2.696369664183205159e-02,2.615817383720003136e-02,1.951120370188325764e-02,1.291443612988354972e-02
1.015851234574642950e-02,1.133772150829598022e-02,3.895299094313270372e-03,1.262322637689734448e-02,1.006105961523220960e-02,1.234396405568436925e-02,1.253458318509437230e-02,1.235947500073379147e-02,9.710645675152305978e-03,5.860674507148038587e-03,1.406836982405593531e-02,1.305948466743043004e-03,1.379711629308959416e-02,1.994303062136906085e-03,1.515818115634679809e-02,1.101038411572938421e-02,9.495700426600433078e-03,1.215935804814376707e-02,1.163715947202848162e-02,4.830829921062921271e-03,2.266892670382622196e-03,3.844071892695481024e-03,1.010722577677904133e-02,1.269870581413868986e-02,1.089824378545554452e-02,1.564167590415062314e-03,1.134931595674135672e-02,9.352158010821653641e-03,1.128826758763427744e-02,1.004716666881209745e-02,1.256329579280729934e-02,1.006927039879024037e-02
4.688623986968086521e-04,1.326614537079254252e-02,2.509356108886369452e-03,2.094219485068746917e-03,2.060953489480027781e-02,2.908162456901730586e-03,9.947205699741881388e-03,6.639157518848345929e-03,1.320411478005657953e-02,1.007927819592321396e-02,1.406243129432895381e-02,1.107230655683255974e-02,1.482030756464775348e-02,3.564715749308968590e-03,2.029235710759658140e-02,1.573613624494766064e-02,1.472175046029173574e-02,1.169120175954073762e-02,1.482879904957970507e-02,5.400345996909850649e-03,1.341087786694120446e-02,3.581566663407821302e-03,1.349069062368853621e-02,7.781612578258080559e-03,1.324783827698081638e-02,1.140444812849935804e-03,1.416347916859730070e-02,5.821829522562381107e-03,1.518847775989724466e-02,1.601852351680816550e-02,7.642878215446846646e-03,9.901918293119402886e-03
1.112259200691755393e-02,1.315355318434907952e-02,8.422207683052407301e-03,2.641984958848653253e-03,1.246233325026123440e-02,3.030887771487533050e-03,1.280030324685209851e-02,1.671348723187968816e-02,1.242170511672838380e-02,5.792937727938060263e-03,8.695554475144594980e-03,5.266037846045845683e-02,1.747606532411294378e-02,7.987792117257355370e-03,2.207567869392971366e-03,1.497813756969485453e-02,1.243928274467008717e-02,7.933292847972287648e-03,4.631566105466366698e-03,6.157760515940334696e-03,1.397328235678877567e-02,5.508275832186816656e-02,1.548218325550093297e-02,3.778188677525218253e-03,1.222420412701108634e-02,2.892853445746929736e-03,1.322832382682972291e-02,1.386791821758561437e-02,1.374393785440325422e-02,1.357507111757881579e-03,3.030622893934867279e-03,2.582845602002590418e-03
9.719315208636464948e-03,1.174094744692739077e-02,1.174887235164707305e-02,1.836072366802091183e-02,1.018551321020949932e-02,7.092292918319530702e-03,1.660864999836035236e-02,1.564901552017502334e-02,1.359001590092989882e-02,3.720822635378669141e-02,1.792981553053529450e-02,3.104351580846081288e-03,1.619246347012218146e-02,7.385746039958731093e-03,3.178614966661422528e-03,1.511110218796790985e-02,1.295408063797394080e-02,1.293495464712439078e-02,1.397635825016194447e-02,1.662189502327377985e-02,2.615589806001626313e-03,3.368982908663765291e-03,1.557433003960263275e-02,1.518990100339311783e-02,1.708126386786878309e-02,2.776574657659120274e-03,1.367102540228433416e-02,1.457214387346387335e-02,1.433128664853732838e-02,9.805064398421881044e-03,4.643230655966260403e-03,1.568428573943665347e-02
9.438971054462333074e-03,3.466399646511138938e-02,5.868845031500024428e-02,1.533908470595987152e-02,2.590750969616437138e-02,9.151127084098622383e-03,2.251114268587538214e-02,1.091831984618936088e-02,1.166288646373369806e-02,1.160153042166538195e-02,1.416656579079295097e-02,1.840877420616376242e-02,3.193955984279427118e-02,1.544133935588716186e-02,1.248862687633668644e-02,1.267814131243508342e-02,1.898096197186176573e-02,1.334862137053826475e-02,1.270006027470569308e-02,2.622401511920489925e-02,1.295538704853232102e-02,1.554608364252853259e-02,9.733646862112548329e-03,2.924347128146794275e-03,1.143771858159029278e-02,1.221770106250042245e-02,1.520640140515456748e-02,5.225866928739573980e-03,1.267842936022318956e-02,3.266503513542745249e-03,3.031403058468693651e-03,4.921730535923426325e-02
1.277216390509899879e-05,1.223586844679740854e-02,1.066539001011080137e-03,1.445627143292329241e-02,1.902475631561569361e-03,1.340894541061003579e-02,1.200866572423960402e-02,3.572355048833511168e-03,1.231960244944226013e-02,1.267146571513915604e-02,1.004196946955236702e-02,1.112742480415545264e-02,1.273734139209097178e-02,8.286584907846004586e-03,3.093954910793244098e-04,1.105108522535970875e-02,1.068266237442343745e-02,4.100755855622596410e-03,6.133073397725380578e-03,4.310723922521884216e-04,2.346223434097759186e-03,2.542054544258176910e-03,1.233719281049909522e-02,2.037687339173368389e-02,2.110088974461926670e-02,1.728215064338204862e-03,1.251651942389855714e-02,1.105655510287504792e-02,1.150598145631052949e-02,9.739475858347394072e-04,3.928823597642162879e-03,1.257014687180929222e-03
9.800537439542169812e-03,3.277882591901642995e-02,2.522199917572593569e-02,1.658662706321891930e-02,1.241822483906252807e-02,1.083536185998720293e-02,1.749938370186013281e-02,1.138681657419875898e-02,1.013948157181064798e-02,1.230311792106338412e-02,1.037328197984874016e-02,1.656838622145126450e-02,1.784968259102066857e-02,1.420418615907235484e-02,4.950054443600984677e-03,1.338253140336327120e-02,1.556672185916540066e-02,1.353030557261667224e-02,1.318520214845881125e-02,2.216124368769000624e-02,1.408625498277017545e-02,1.466482699341095305e-02,1.243604585082662764e-02,5.939221270571479888e-04,1.090325741508955774e-02,1.333889203042917804e-02,1.442097116664815305e-02,4.508813498232962236e-03,1.424897720746126639e-02,8.713367428916454077e-03,2.305490462108318941e-03,3.573438320297480514e-02
6.345310321205039836e-03,1.086626989907892894e-02,3.807745955177009936e-03,2.244040671472029985e-03,1.326365319959821147e-02,9.245289712596433535e-03,1.194568693165470527e-02,1.552096407242650571e-02,9.492053238546032182e-03,7.227721390928351641e-03,1.656418401640477600e-03,1.469903605489628583e-02,1.358273372048659361e-03,8.277776048025318675e-03,4.245208610517312367e-03,1.189656869173853077e-02,2.681299311928993928e-02,3.755532537671945822e-03,4.289101729796324092e-03,8.978467950163793523e-03,1.194375354320896185e-02,1.146420843197072832e-02,9.196859162478877511e-03,2.124241859453698117e-03,1.092338479110116153e-02,1.954618135895548267e-03,1.205742417813886365e-02,9.621882260011239973e-03,1.005505751692238429e-02,8.866834170879921845e-03,6.262818360524163332e-03,3.968835314325431553e-03
2.255482513110694184e-03,1.175765631233869658e-02,7.224263034726133292e-03,1.592489148328306986e-02,4.351424738906414791e-03,6.022577433554584907e-03,3.947262987743371462e-03,1.390205773984585710e-02,9.888538251866186429e-03,5.446021765922646161e-03,1.203255047307649934e-02,2.839456161845754431e-03,1.263638845242034091e-02,4.807633811858696982e-03,7.526217194361468736e-03,1.053883045124076601e-02,1.246819463235571135e-02,6.514586015066091765e-03,1.522145595229126500e-02,1.416169153244310926e-02,4.433250727081828463e-04,5.593484333346124271e-03,1.438909217600878830e-02,1.878560474715821813e-03,2.155548845805353372e-02,3.213651772447805033e-03,1.279165701962133896e-02,1.366005555940474729e-02,1.184631743614420092e-02,4.286349971178278484e-03,6.242063374891644589e-03,4.271366717703339866e-03
1.302070188819493685e-03,1.361992914123556081e-02,1.493519729859634111e-02,1.484708503854536427e-02,1.078941700175126660e-02,7.544566021727342961e-03,1.156822566149590982e-02,1.366893701872195013e-02,1.199567474264334917e-02,6.088558330852253571e-03,6.100777261878431203e-03,5.143130457822245316e-02,1.419295606703511667e-02,3.015391411478598668e-03,1.543687519800528325e-03,1.113040372164005726e-02,1.079988781700475138e-02,3.757940560736269461e-03,3.357067940670338535e-03,5.830764606267225224e-03,1.358513235937296691e-02,3.886183854194381893e-02,1.148220962123569153e-02,1.182178575571074357e-02,1.085926125595767198e-02,3.037622837536163925e-03,1.233189309226693023e-02,1.264714411099848550e-02,1.499057336762979649e-02,6.038175919449370599e-05,1.743299060555422025e-04,2.190855671551817860e-03
7.637228295448562562e-03,1.145441651936843046e-02,2.484836640621732734e-02,1.293646879233297485e-02,1.233254553284428116e-02,1.012743486622062587e-02,2.893578441185864700e-03,1.397160610053803723e-02,1.362754721399318976e-02,9.616760117764721824e-03,1.691277351132750711e-02,1.229039380265596268e-02,7.772802328768511210e-03,1.222556058658959624e-02,4.324052116908501213e-03,1.163602746900385329e-02,1.063434646221623169e-02,9.819308194268077869e-03,1.615246048605304546e-02,1.370638254692044429e-02,1.223632945374437779e-02,1.161117658355549642e-02,1.183104867958874838e-02,9.420919393324244523e-03,1.512702417231744263e-02,1.389455437473607717e-02,1.226234592166594237e-02,2.348636599550068746e-03,1.611764152385549223e-02,1.103613194775210880e-02,4.719629042200378100e-03,3.484251544140370277e-02
4.753685242693561977e-03,1.649190182466966914e-02,1.563554832141011292e-02,3.428119387604185164e-04,4.265699485361054699e-03,1.262066188684625445e-02,1.617094522755280206e-02,1.553501021317800837e-02,1.216300629890071545e-02,8.518103625664772555e-03,5.376412198641230752e-03,1.354054159131568361e-02,1.105566223124382699e-02,9.877506050609670407e-03,4.102612554415900614e-04,1.380741838282831604e-02,5.236298046349422905e-03,3.142459558548154133e-03,6.078276677884965687e-03,3.233389314719007507e-04,1.462062182532313480e-02,9.798182878903119453e-03,1.436612720173412010e-02,1.812274261324284264e-03,1.283128667490056156e-02,9.356608499346337482e-03,1.441910810884626179e-02,1.173545745061056744e-02,1.544601778522127974e-02,7.108208344102067561e-03,1.035389475343801227e-02,9.955346398164022920e-03
4.165343555044640628e-03,1.040544719680734989e-02,8.639083466767174049e-03,1.438511192320693875e-02,1.021732913484864162e-02,5.684186982425410914e-03,1.168054234619879915e-02,1.226418750861103801e-02,1.154406875952293347e-02,5.051893271795435993e-03,1.493689787762793493e-02,1.311523106408972461e-02,1.636749410333361923e-02,9.186758885270733185e-03,9.949485280175123653e-04,1.424581593679630220e-02,3.959211808986352540e-03,7.531388049879725322e-03,1.069963144537057140e-02,1.604674401489980876e-02,3.348748869707405401e-04,1.336995704858109750e-02,1.168217211806388614e-02,1.458552835804721032e-02,1.469604164573293063e-02,4.579833586940284737e-03,1.296468112212820038e-02,1.003944040468142743e-02,1.232260673754923853e-02,1.357542415916023967e-02,2.425515776019007350e-03,1.063289194627882461e-02
9.553244286675335178e-03,1.176698842701935470e-02,8.836407129288683174e-03,2.214516323010076726e-04,5.662683367873205809e-03,4.556707284515234407e-03,6.330993935862627014e-03,1.706450017882886125e-03,1.201474222078078961e-02,5.990143572405459693e-03,5.714168317055764827e-03,9.713206929570344580e-03,3.559333267260444272e-03,1.051997661285778742e-02,5.793132435666584722e-03,1.244455381056744706e-02,1.242884599496741141e-02,3.324333009904242853e-03,5.063486161311596748e-03,6.411098864748230111e-03,1.231227657043803755e-02,7.319243506381727798e-03,1.181385805107717027e-02,2.080479796758908512e-03,9.730839274244802023e-03,2.869309218223956709e-03,1.493804848742616605e-02,7.863539760961350475e-03,1.384150898667972987e-02,1.289549848507699423e-02,7.628164709192464081e-03,9.077534312819456053e-03
8.373951514891991160e-03,1.157715448655660152e-02,2.397639744711481738e-03,1.671470443047718551e-02,1.212665202141960039e-02,7.129567786929671448e-03,1.302606827969276203e-02,1.454909173822968582e-02,1.075440575396666848e-02,8.241371735181694108e-04,1.406276277914792448e-02,1.469543531020677841e-02,1.493249512844215497e-02,6.072405004588733377e-03,1.646299143966067219e-02,1.124869021943934733e-02,1.143699088363000355e-02,1.500147419694336862e-03,1.326574380314161916e-02,1.050091899700274743e-02,1.419690897005128002e-02,6.466910135920562325e-03,1.217363205520161952e-02,7.881597445743470515e-03,1.301575912393951664e-02,6.645996707602126567e-03,1.093404026895298045e-02,1.170007183330961167e-02,1.227250316866077690e-02,7.252278677873428420e-03,1.355963233776623020e-03,1.112563309161769889e-02
2.753497170771017702e-03,1.631035287853882521e-02,1.415968926467365933e-02,1.793939959303457454e-02,1.328955141730416012e-02,9.219789062216397768e-03,1.263899728679721696e-02,1.496513350717721888e-02,1.244059080607309679e-02,7.837421263899364832e-03,1.306432629453343000e-02,7.876167015543346014e-03,1.579530561953924883e-02,1.477024105950556360e-02,4.514003885534081245e-02,1.155972440382456966e-02,1.277692121607127383e-02,1.247585802449695420e-02,1.382883115432161775e-02,1.392134191895790137e-02,1.398456778776488441e-02,1.395203060276722223e-02,1.225392966170335898e-02,1.292945684180273579e-02,1.456224552992279979e-02,9.668263939462618667e-03,1.505056174302914218e-02,1.180921610562165637e-02,1.519640024150458769e-02,8.287982948064313848e-04,2.429787956493224821e-02,1.358813767310869565e-02
1.161915776790276716e-02,1.110607426550146680e-02,7.958836895899336003e-03,1.180325140638387865e-02,8.161587044334501009e-03,3.883756273419852224e-03,9.723691261778051945e-03,1.042359093966392820e-02,1.023377118792662133e-02,3.143359718318496088e-02,1.052622106806470718e-02,4.533772533140165845e-03,1.342489391347939306e-02,5.465716048020321030e-03,3.016839777419791195e-03,1.054898653596388416e-02,7.830338788481884874e-03,9.237236141990817773e-03,6.859169016671479331e-03,8.848840683498268578e-03,1.119994043420702821e-02,1.622135867672770682e-03,1.085243712559665931e-02,1.072857812209749261e-02,1.288420885720651873e-02,3.276817963030528164e-04,9.165756936752108772e-03,1.008580236803127174e-02,1.110158938123204098e-02,1.764809875032946271e-03,4.546626401086287239e-03,1.181966249595764115e-02
6.248035678154403166e-03,1.580427534013914212e-02,1.310269023873653071e-02,5.053968100663091406e-04,9.074920600072467619e-04,1.090626230397934854e-02,7.821749301624056697e-03,1.194629925294284946e-02,1.153426128720229024e-02,7.328008424754881879e-03,7.557327889133835103e-03,1.279553112478512902e-02,2.552424082191532412e-03,1.254398481255560721e-02,3.420550880348007666e-04,1.331269983229445807e-02,1.468454201251304277e-02,1.998191439827238375e-02,6.445706474449956584e-03,7.635531072041490917e-03,1.251247787248866220e-02,1.008448467926904846e-02,1.206143814446952560e-02,2.260984375256952852e-03,1.352570885146881299e-02,5.197937019366556666e-04,1.371351454177969706e-02,1.318415854174014717e-02,3.455471284076529204e-02,1.075915317853895145e-02,1.036257025724345721e-02,1.188107905719278795e-02
5.642711331438968192e-04,1.513009537938552959e-02,9.328146618184866845e-03,1.756420225623896852e-02,6.836981172082434895e-03,7.095391466368624646e-03,1.146841594572843223e-03,1.389447335835258986e-02,1.224069851938247924e-02,7.280515345450642474e-03,1.336932761230410355e-02,5.835399745897805121e-03,1.906615359754739586e-02,6.390803743508958849e-03,9.555301343997712679e-03,1.002290614757175673e-02,9.800251860482033991e-03,8.905779734564960026e-03,1.378770319556051407e-02,1.341231930410919856e-02,8.719215373493762605e-04,1.147249449921755593e-03,1.436122114388743015e-02,4.479222735634093289e-03,2.115939960267265024e-02,8.560638209418727773e-03,1.430970279251920531e-02,1.107553732402803345e-02,1.596573748082578265e-02,6.526745628764721308e-03,9.469661339341278045e-03,9.735443402563097315e-03
2.942549135517144934e-02,1.194186182824071539e-02,1.235584472822954909e-02,2.235753434912670159e-03,1.020120029214040096e-02,1.887516221612862283e-03,1.514213915862918855e-03,9.185878057991691062e-03,1.123160781790648322e-02,6.461111419912670892e-03,9.618482602807766624e-03,3.897166145677409543e-02,1.287798629722467988e-02,3.174137987888812906e-04,9.058703167062039097e-03,1.129543021058832496e-02,8.110336854445992366e-03,1.042987133876138034e-02,8.682632521601668998e-03,1.513549835754837182e-02,9.189466312185018415e-02,6.583363573313216408e-03,1.122108858338574308e-02,7.261988835904863160e-03,1.944566624716339426e-02,2.535198012296204645e-03,1.593229958860713225e-02,1.184366775978658304e-02,1.261651654285053485e-02,2.351847642462774612e-03,1.167545059550319404e-02,1.288292747614338402e-03
1.148469305091438970e-02,1.207580718655839117e-02,1.951977650746386864e-02,4.283228233797863049e-04,4.339562996534621249e-03,1.173639699460604299e-02,7.457258469155122332e-03,1.300605687493209921e-02,8.569325513078224904e-03,1.196165425739559827e-02,1.403236492763927125e-02,7.189596550651922852e-03,2.811469609781462597e-02,3.463352946319884704e-03,7.294053996707358135e-03,1.220644837288652022e-02,1.016324622121704373e-02,1.273946067994961504e-02,1.401388486829013326e-02,1.657665896598694774e-02,1.431752116385151194e-02,1.042717574475492126e-02,1.059819750871851020e-02,3.563215525798680422e-03,5.509209028381868017e-02,8.655092057013404061e-03,1.235856559695078065e-02,5.951701165112989467e-03,1.205921107048534523e-02,1.201589476106832387e-02,9.613020730778732564e-03,8.921984378404876001e-03
3.834639834210343962e-03,1.390116451379444160e-02,5.280726349976318235e-04,1.757834242894450519e-02,1.098191165518561628e-02,1.777511102235678972e-03,1.423972435086181404e-02,1.566133378358492909e-02,1.416602213090791505e-02,7.975768511808173367e-03,1.470517591319445497e-02,1.112461834346966695e-02,1.876044193184030554e-02,1.441690689869896611e-02,4.692865571745847772e-03,1.625235664800322652e-02,1.263981371811530308e-02,1.357972899699025869e-02,1.480712349465928591e-02,1.414492456704787710e-02,1.452865340854362849e-02,1.530371100474510297e-02,1.506600881925846368e-02,1.403467997284574276e-02,1.379972883394399615e-02,1.063706304665519922e-02,1.598355797253310853e-02,1.456189707193544791e-02,1.503904969717008606e-02,5.019747034148766898e-03,2.678013906884362666e-03,1.384890678756354847e-02
2.146362081366589777e-02,1.302157173351107568e-02,1.462299989301162062e-02,1.522517173951859482e-02,4.575295127544670194e-03,1.310683563324486003e-03,1.149758660636775176e-03,1.510017621573414223e-02,1.362405626993386069e-02,1.180880193050059569e-02,1.405883321999422397e-02,4.619857996861567034e-03,1.847948095946825089e-02,2.146853440316589395e-03,1.287452006790454871e-02,1.507306657651491695e-02,1.210912701371426488e-02,7.946438895526399676e-03,1.768566787511427832e-02,1.457213662124500105e-02,1.306358111908628716e-01,1.019617126451990985e-02,6.892942194864202024e-03,7.229393951969005985e-03,2.072357139776651730e-02,2.760621264865786850e-04,6.612383146908530629e-02,1.464225378354872334e-02,1.559675349802147615e-02,1.448295059090349765e-02,7.750546888771469266e-03,4.113370237154927514e-03
3.195650516613617736e-04,1.339616277674916811e-02,4.711414004557898036e-03,1.748487462304292028e-02,1.332220374808577856e-02,1.916097577014212738e-03,1.068569167157214402e-02,1.249414176773416298e-02,1.209504932848336559e-02,1.579018510944405970e-02,1.489633824181623052e-02,1.376090501257589034e-02,1.412773062618441142e-02,3.201312007493677114e-03,3.747130917134662911e-03,1.644512400304335570e-02,9.675304378139914369e-03,8.997875677073130865e-03,1.666993097868152418e-02,1.075837351521745019e-02,1.279003188491868379e-02,6.128448891889425043e-04,1.443233226046116389e-02,7.226997281047656263e-03,1.361460798330348283e-02,5.492069115064506131e-03,1.535840222419328389e-02,1.312396519458102102e-02,1.328761844261452420e-02,3.814636186335821494e-04,6.589629566430523638e-03,1.227968738539369359e-02
1.921725728915963174e-03,1.006455526044654908e-02,7.813740511538162098e-03,9.028144630711443241e-03,3.882696642206084035e-03,3.052008893856518468e-03,5.970965718675856626e-03,1.320518256657944589e-03,6.205876685827774707e-03,7.108433100091796769e-03,1.130232432592349380e-02,8.051815345255286527e-03,1.052301679722350038e-02,8.939542036534520175e-03,8.363813850020213395e-03,1.021008798397975322e-02,8.292397038897111189e-03,4.415186989682174518e-03,6.728895705029211589e-03,8.743019411262108881e-03,2.435626330145839250e-03,1.034915291486777217e-02,6.808898066074467806e-03,6.196693174374268143e-03,2.438728990275143560e-02,1.331680992634977703e-03,1.123797978009853475e-02,9.991041347881287130e-03,1.134932824681069742e-02,9.730789297948520128e-03,5.640361213576864513e-04,1.103664887439598750e-02
1.222044120979759452e-03,1.320886469780249012e-02,1.408236190730417607e-02,1.751727756996145774e-02,1.355742458551879512e-02,7.656425035640787753e-03,8.073605451459523602e-03,2.519670896149251924e-02,1.277026086683783791e-02,1.288433780952594372e-02,1.205319927219207499e-03,8.192707421154171027e-03,6.530684970450149202e-03,9.310413092198425999e-03,1.655191674661529375e-02,8.833576637289754924e-03,4.800125611443892618e-03,4.120604042057699271e-03,5.020144740106070869e-03,6.600186630846072502e-03,1.535407567822684276e-02,1.127501737122665708e-02,2.623059030532236269e-02,2.514947485389450871e-03,1.205207409746898023e-02,7.887178140330162318e-03,1.159555903034649796e-02,7.826968851872118105e-03,1.688873683734411560e-02,1.730876189107131286e-02,1.195858902470948483e-02,3.664843791403362208e-03
9.497368634340643337e-03,1.088954862980599965e-02,7.016756045145275400e-03,1.584362083179246400e-02,9.736742856481902381e-03,5.541499795457428303e-03,6.606087058351058430e-03,1.147936714702119110e-02,9.060976075454859474e-03,1.084043552613352980e-02,7.427584915012542394e-04,1.286148601202354025e-02,1.380911536418725355e-02,8.453498433784279592e-03,1.175236623501980417e-02,1.295253685841825722e-02,4.109766657544849239e-04,5.009914001700943934e-03,1.422951832009689867e-02,1.154199337424410658e-02,1.304130231956033246e-02,1.296143338989079463e-02,1.237173075254621203e-02,1.137090635506887888e-02,1.096487075817280041e-02,1.612123521190793676e-03,1.107754408114537507e-02,9.133050997689925662e-03,1.242617760805746034e-02,1.395849964958819842e-02,6.967879284738080943e-03,1.127990175647619782e-02
6.702363930564008906e-03,1.005417655898090644e-02,1.360927465316164389e-02,1.793464128561521320e-02,1.237443974091259613e-02,9.096841267944787493e-03,1.049683043246804615e-04,3.550731440751851362e-03,9.860318068748773895e-03,8.169227322300269198e-03,2.210732499812198548e-02,6.587271497352201535e-03,1.645104056241800464e-02,1.044532597661093284e-03,1.043968625154254384e-02,1.232484324094483205e-02,2.366241932646246521e-03,2.419501148594770806e-02,8.129457828970813524e-03,1.361780022908666739e-02,9.991788558362871275e-04,9.562801276815791757e-03,8.640397581869990740e-03,2.958761102786840527e-03,1.274117500738047165e-02,5.588170341744146813e-04,7.054465607261663218e-02,1.155967192281730227e-02,1.186238807904986363e-02,4.280209028342986041e-03,1.404017250196515527e-02,9.520288374073888199e-04
8.153548473020645268e-03,1.097082659467183731e-02,1.135040859327574210e-02,1.434613243440709292e-02,1.034115820160655050e-03,1.137190958078005201e-02,7.678021217203540028e-05,9.416612276698290568e-03,1.051802364594974122e-02,9.919914125162344193e-03,1.441938830463866499e-02,1.125286101894104086e-02,8.642385538028596326e-03,1.400242602214744024e-02,7.507037752354481057e-03,1.264834154840286350e-02,6.171366816843298908e-03,9.792264136204494041e-03,1.411178080324214552e-02,1.071372289319834706e-02,1.254213541801312524e-02,1.343756362608633168e-02,1.126147245209828743e-02,7.257505732404464366e-03,1.155507237053640494e-02,1.324558110933000618e-02,1.321690026472853441e-02,2.202564969541196196e-03,1.280147135335285742e-02,1.395439781048149648e-02,7.730092082982636427e-03,2.757543541594981856e-02
6.629268870667484083e-03,1.078743013816637307e-02,3.883470244470358865e-03,9.194998401257762494e-03,7.493415785827813209e-03,9.379280908894550156e-04,9.185187645302340248e-03,7.096471926310708722e-03,6.893313108260789961e-03,3.690798274108140174e-03,1.107296771461288055e-02,2.388583395958029931e-03,8.621082998128477837e-03,4.531784415806245844e-03,6.376404705479194607e-03,1.135943280378618435e-02,7.244620767000444286e-03,1.070733043266272264e-02,7.905184504856933164e-03,8.982025730810526062e-03,4.783163289861043152e-03,8.371736871578053935e-03,7.247879256084036395e-03,7.789020389869551371e-03,1.025620794223123557e-02,6.259026760106140355e-03,1.155000757056662969e-02,9.146381730423709666e-03,9.990774832580087347e-03,7.486896489410522354e-04,1.083975168827952529e-03,9.342180490724300013e-03
3.199489568634304379e-03,1.462722007557026860e-02,9.274371063630352727e-03,1.642417761375468757e-02,3.373215445171317932e-03,1.169987152454458196e-02,4.376470276209818398e-03,5.716371506329002636e-03,1.069648785915365552e-02,1.020816981833713548e-02,3.883572353578843353e-03,1.492278341207631427e-02,1.427905387526917820e-02,7.510011214643507425e-03,9.573628436959571650e-03,1.596277270710001056e-02,1.633155505180521397e-03,9.397705393232320958e-03,1.112401681748788687e-02,6.254082721989458020e-03,1.541997607358200871e-02,1.321426590684098359e-02,1.238543862935824469e-02,1.867301042884536230e-03,1.573722785678580149e-02,2.516489383416854048e-03,1.585397778307028743e-02,1.579486070139356213e-02,3.585781898943522783e-02,3.507100974179552105e-03,1.073365593418296876e-02,1.340582335986038702e-02
7.385680787017507090e-03,1.019113626010233718e-02,1.005483071635708894e-02,4.375489664129303402e-03,1.019165607366722716e-02,4.096213076313004985e-03,1.291791406354769745e-02,1.439287187253684638e-02,7.929007344438451788e-03,1.222343475075117133e-02,3.875923248975628177e-04,1.085234791418621635e-02,3.234379061669557381e-03,8.559510925200809403e-03,6.999713356398958378e-03,1.142035428968459984e-02,2.404570972873949775e-02,6.955362945144189998e-03,3.128999368437520440e-04,1.002141779905671090e-02,8.478164569763097652e-03,1.239496823837563273e-02,9.988746957527494530e-03,9.399804780660056883e-03,1.232831384933210164e-02,9.299831308931597040e-04,1.569282432163233293e-02,9.481280278632991595e-03,9.156908565724555804e-03,1.317855975715358924e-02,1.091260937743347009e-02,3.445711894328182430e-03
2.205048055675552093e-04,1.494994577478932912e-02,1.229414178593888837e-02,1.712134796603057008e-02,4.557172727045032644e-03,1.168573611339383464e-02,9.917285759378129464e-03,1.273512699055333319e-02,1.177771672352755788e-02,2.981110322184235203e-02,1.514915979959628907e-02,6.643377597984554891e-03,1.528880869205336175e-02,1.056826917813153202e-02,8.367785876712330317e-03,1.251792520406284394e-02,1.102475014297991766e-02,1.113876622909651393e-02,9.055105977326602384e-03,1.055764273309984722e-02,1.156135883475102079e-02,2.665486065123344114e-03,1.270644409761071368e-02,1.298678419839082582e-02,1.284568160307729585e-02,3.678396207670795934e-03,1.428271887485510656e-02,1.185379929165641943e-02,1.504131028972412361e-02,6.008736561957422201e-03,1.060174240869692606e-02,1.073203674022491644e-02
6.075771383689178295e-03,1.366200088671199950e-02,7.587352676776557003e-03,1.567522272413003626e-02,7.360306614936085179e-04,4.369137984613254144e-04,1.237937170213717838e-02,5.977480231978870434e-03,1.262563508540567349e-02,1.063860318603217399e-02,1.455376189035841906e-02,1.194637671945332665e-02,1.693280977292856843e-02,6.953317079466270895e-04,1.261774397635177271e-02,1.296794871551940065e-02,1.187378072034425518e-02,9.639856693665441525e-03,1.061361655610059546e-02,2.387455464033181804e-03,3.281978714459923147e-04,1.227052149150645657e-02,1.288880395309007637e-02,8.296302123165753828e-04,2.144371317612646377e-02,4.168706903960006996e-03,1.363391448512152847e-02,1.132489840559996845e-02,1.562714983693916371e-02,1.403870184561143569e-02,3.910392240981037590e-03,1.356472818288324139e-02
3.540850265526621424e-03,1.364591494255979788e-02,6.689324180359978653e-03,1.615727702273336494e-02,1.180887597546761113e-02,2.197123435807267489e-04,1.061341187328822787e-02,1.256076290053301757e-02,1.248286228406010959e-02,1.257616037211297354e-02,1.349613211934562636e-02,1.104573026627980216e-02,1.358278676646598043e-02,7.744541630098474884e-03,3.757322217740739073e-03,1.234157168515566221e-02,9.825134030280062436e-03,6.707116430434848300e-03,1.250048124398436128e-02,1.301919317449640873e-02,1.363768875263628860e-02,4.130805524439536483e-03,1.150657535271374168e-02,5.985382741997476511e-03,1.616290170405353457e-02,6.108109680614075970e-03,1.218860994364148569e-02,1.472455497183701618e-02,1.422570165334602690e-02,2.166245959263478349e-03,9.053893496201146501e-03,1.539553377056047077e-02
7.462318515362927583e-03,1.013528177987201885e-02,1.124740569960070921e-02,1.112336957623334677e-02,2.212673102695060859e-03,1.147481547275820690e-02,9.692278579575381095e-03,1.058365726905688073e-02,7.291907536771731480e-03,5.264759489541809799e-03,3.379864417122444009e-03,1.026669068184847371e-02,1.515950375835871389e-03,8.126801174799042765e-03,4.907165867313150777e-03,1.099524569750412462e-02,5.049700242703096184e-03,4.373156752089222069e-03,1.003687096985893083e-02,1.096558924809589927e-02,1.081913870512171173e-02,4.643347394514448813e-03,8.356445093204340618e-03,6.431143740933953357e-04,1.055345891661625679e-02,4.859331647464326664e-03,1.094185350252972061e-02,8.996059504746894281e-03,1.117802709542368815e-02,9.431507852841469752e-03,9.041758334250112397e-03,9.748454458831951747e-03
2.236194194409929503e-03,8.210970867512401919e-03,9.481972641441467620e-03,1.306175371908055959e-02,1.079822122711727311e-02,4.040306846201570205e-03,3.048747394283039466e-03,2.162279447786218112e-02,9.050680305165256095e-03,9.223476156527913444e-03,7.742400246629962957e-04,9.910936958881193595e-03,2.691072115197775880e-03,5.760043997664564090e-03,1.044124139999916961e-02,1.273422149663475632e-02,2.606493265953958166e-03,4.331459984461209778e-03,1.861909333217432946e-03,6.842183020019153815e-03,1.164861879742136105e-02,7.731285527260749885e-03,2.831161804749407138e-02,8.139744309152419782e-03,9.602976916895966317e-03,7.267527762522065643e-03,1.578872215377846375e-02,2.872048952827915835e-04,1.136471475940233240e-02,1.193873084861754585e-02,9.458010597566042857e-03,4.837695964179651413e-03
1.308966589567413935e-03,1.338561841772479416e-02,1.094304399447321510e-02,1.309234418796167976e-02,1.005326946905543695e-02,8.289931421149084739e-04,1.012159978676853075e-02,1.098705138241343540e-02,1.022594531882085357e-02,7.884482677617064839e-03,1.290849845923481252e-02,1.090216837079254451e-02,1.432335668153399827e-02,7.950341331886353127e-03,1.835038369196023353e-03,1.376674167882391102e-02,3.867184281487233768e-03,1.227942616761025854e-02,6.841589754484434481e-03,1.351276291984655417e-02,2.087731053495122183e-03,1.600153650630123728e-02,1.285232013846824770e-02,1.129517348623077302e-02,1.460087181447894226e-02,8.195337373362258232e-04,1.366441035658256739e-02,1.221985039122601424e-02,1.345604683420494226e-02,1.489382454884942419e-02,4.320971815426864759e-03,1.172350102526117065e-02
3.897210310030463885e-03,1.156873870473983969e-02,5.609085833749171898e-03,3.721417806511195803e-03,8.812782511229352161e-03,4.312781454138184430e-03,4.386549445903642139e-03,8.230391063355366188e-03,7.403789157751852409e-03,1.016015670494466172e-02,8.246436542339703746e-03,9.105552204370592762e-03,9.508451124241267677e-03,5.563062120956656711e-03,5.297949738015231974e-03,1.163789956294872252e-02,8.016419549451755250e-03,1.026432482818358943e-02,6.359387795297005534e-03,1.603872884397457288e-04,1.121663322405993396e-02,8.343738204518108895e-03,1.041234719390158117e-02,2.663292112091436223e-03,1.281480565018557928e-02,4.833834926756413325e-03,1.041084028291445682e-02,1.007501587435847071e-02,1.023441338649199069e-02,5.884386594711972507e-03,9.371729954936068238e-03,8.597111334487303469e-04
3.351365705778779416e-03,1.264144160584375690e-02,1.058833478414506965e-02,1.427878617407717272e-02,3.323199051152640922e-03,7.321234136378791321e-03,1.018471850580273709e-02,1.030033461116114032e-02,1.064218219531854435e-02,1.004792562876578692e-02,1.051285716214070930e-02,5.124514022159232934e-03,1.041318121120310240e-02,9.633435929994736691e-03,2.673395708016155538e-03,9.390833917826798410e-03,8.692758479446005548e-03,2.741814061930690147e-03,6.967434996470301019e-03,1.292831487997100383e-02,1.728544398519627281e-03,7.731801674949407947e-03,9.217499006983284268e-03,4.926902390089298034e-03,1.361620973797003122e-02,6.624424359755637023e-03,1.161651064558504205e-02,1.362335482098239910e-02,1.243609956762132401e-02,4.284373007713330149e-03,7.637414699998745955e-03,1.296499517875095674e-02
2.201032218915970756e-03,1.098498066754434975e-02,1.424201445962592315e-02,2.705593208214757128e-03,5.716383888431164802e-03,5.268788185621614377e-03,1.091219891122751154e-02,1.131144654820913711e-02,1.026032959600061203e-02,8.339144276408024664e-03,6.469440511736516790e-03,6.636959211168438205e-03,1.105966252143970700e-02,1.148654715198456702e-03,8.103554542792195531e-03,9.436270038616243958e-03,1.008721216539669278e-02,1.151208603288658705e-02,5.369956000645660990e-03,1.162477798706538015e-02,1.159766727424305782e-02,8.157689734846207408e-03,8.858078669578267964e-03,6.705052031419850636e-03,1.188859346119325658e-02,4.617011834570654630e-03,1.070954621525810162e-02,1.453731843888859607e-03,1.085365599775597878e-02,3.433064373257761065e-03,8.476731956046737806e-03,1.257653303664665705e-02
9.574759594469246793e-03,7.928272352595720079e-03,1.402341040944528501e-02,1.477767965196013361e-02,1.283721792857918376e-02,1.077650153534808093e-02,2.909031990850319618e-03,1.375639035489449255e-02,1.103236727822112101e-02,8.911409119454066774e-03,8.316967680075830482e-03,1.492563677777843621e-02,4.908499836719440457e-04,4.084225938630021285e-03,1.135436830998454508e-02,1.478259845271713557e-02,2.924975813886423331e-03,9.403195181790788629e-03,9.511039059545967761e-03,1.376067102035926325e-02,1.512567756776350171e-02,1.648437952045684121e-02,7.393041858020641885e-03,1.303891701683839756e-02,1.890546972218899724e-02,8.806422901693210931e-03,1.254974867699843767e-02,9.197314937792595152e-03,8.575915068685266429e-02,1.546045160046661399e-02,1.454685925077970655e-02,1.368405447319231971e-02
2.186492364137504821e-03,1.220594020166915379e-02,1.210384854704552732e-02,3.422161052526153519e-03,1.452170672380081323e-03,3.541855397994624240e-03,8.517850778247692406e-03,3.576530040308351782e-03,1.049511632281200854e-02,7.603139866132826996e-04,1.406611679487671483e-02,9.270365711495649752e-03,1.228627322376272916e-02,7.219017334427679441e-03,9.909340381335859579e-03,9.679921530145442488e-03,1.055797727245149330e-02,3.982276740900583811e-03,1.115358610132039657e-02,5.494678566870855180e-04,9.023100655390088598e-03,1.235384269164146662e-02,9.763977229690256471e-03,1.789542333715228931e-03,1.169961976071171202e-02,1.549196557935391544e-04,1.183383725160789754e-02,1.671892196114988308e-03,1.265581745957177623e-02,7.573188666023773254e-03,5.144631500120942259e-03,7.057574345324237573e-03
7.741756179677740379e-03,1.241238952578688735e-02,1.059766240749533336e-03,1.271251049825248766e-02,8.551773003340878282e-03,4.508105025134967990e-03,1.049118433345717395e-02,1.113110495806479347e-02,1.125408727934239413e-02,3.423474191572928663e-03,1.312467995853446381e-02,1.343509316103098580e-02,1.523276586439073141e-02,1.055859360560956750e-02,6.798485378074268018e-03,1.361591644784265580e-02,7.972910590947176329e-03,1.402609214789013112e-02,1.245745377774352611e-02,1.043424689591725303e-02,1.480517811046660678e-02,1.425196912041956643e-02,1.064404256792579259e-02,1.282072100739435443e-02,1.268697331101652746e-02,9.228490627164012347e-03,1.209681513642792312e-02,1.197642239412194040e-02,1.370729014896193698e-02,1.184328035931813197e-03,4.831670744786620980e-03,1.285906669154649254e-02
1.324527461108830802e-02,8.696977061129538764e-03,1.611836176062972012e-02,2.125601350083009336e-02,3.287274702028044823e-03,1.555290876758200908e-02,9.818883247956902011e-03,1.729860321298740816e-03,1.386143665385284815e-02,2.224830004289354152e-04,1.356590845595191663e-02,1.763344239399090851e-02,1.985066216576424764e-02,8.771904928678927668e-03,1.479793751469024761e-02,1.836609944472586409e-02,1.149008917949363544e-02,4.684063798370947940e-03,2.048615177923825484e-02,1.586274306016017405e-02,1.822741742767563372e-02,1.748016604556278455e-02,3.036338327770705947e-03,1.108011066531820396e-02,1.779971265395288715e-02,1.346370467335775319e-02,1.012187861991484250e-02,6.487217578147897595e-03,8.333131983482071348e-02,1.010873165975023982e-02,1.469886626787274275e-02,1.695241387180467657e-02
8.346802281346040603e-04,1.127498476355812823e-02,1.512028797897065242e-02,1.327639058797335306e-02,1.285299698823565151e-03,3.495528970667470363e-03,4.541160295710408232e-03,1.440017741410178596e-02,1.133592963970715857e-02,4.852531804195456093e-03,1.157852544752012956e-02,4.642033538267314671e-03,1.329411151112219226e-02,6.477890436287619784e-03,7.337725704346667599e-03,1.370237253433633819e-02,1.024182952153063035e-02,3.106034511573872378e-03,8.701724481328530075e-03,1.073326465479232730e-02,2.224074950977310283e-04,6.626277408752621022e-03,1.112220193230116852e-02,7.136385593117321180e-03,2.229075427087674754e-02,9.542924082372002820e-03,1.087240040442104434e-02,1.004314357300194367e-02,1.291885520099504518e-02,1.098317825118628327e-02,4.821488385465424846e-03,2.274431398614820340e-03
9.558836294262509567e-03,1.063131179511065186e-02,1.281192922103828631e-02,1.854159061424848903e-03,1.091794781900399039e-02,2.739313491099882279e-03,6.796943249425323880e-03,6.800536678691371587e-03,1.017693134050600551e-02,1.302625200499102701e-02,1.194671805578383789e-02,1.219776901240810126e-02,4.546310990045626665e-03,1.331218227336801625e-02,1.055851667609648478e-02,1.274001218248122999e-02,1.302181492307925501e-02,6.130074520244471747e-03,8.209549351830072034e-03,1.410656133418178304e-02,1.209380660698351588e-02,1.545203439132534877e-02,1.127155561406647209e-02,1.226986948267228157e-02,1.527193291489318400e-02,5.973571250891777408e-03,1.192168576172888093e-02,1.206038794342149251e-02,1.131740328001642863e-02,1.228700570055839963e-02,1.691311975201975279e-02,6.468854333601185315e-03
6.835424021268436331e-03,1.324135653734226370e-02,1.486467372840976839e-02,1.275225917331675174e-02,8.398688533044382579e-03,8.579014394743299937e-03,8.610381285083651415e-03,9.165383617513133546e-03,1.036277126919271478e-02,3.190217992916132526e-03,7.841324101937833385e-03,1.005561754033671221e-02,3.499140106710109041e-03,1.417841387306617747e-02,8.056703756580537931e-03,9.125830648968309353e-03,3.068885560859458544e-02,8.740576964033042531e-03,1.263936925411692121e-02,3.951391514858066181e-03,1.365178100982996148e-02,1.462556101834487990e-02,9.189428381937236531e-03,6.029116812924385088e-03,1.285036146731672463e-02,5.687541207744510781e-03,1.248220885281391135e-02,1.143477097524964181e-02,1.358037114805535177e-02,1.096934214231677293e-02,6.503432879529073667e-03,1.286040156691886996e-02
5.369225362614873931e-03,1.156058664774718171e-02,1.174542778881879773e-02,1.395499069179960069e-03,6.689960288081966272e-03,1.257161783690024202e-02,3.125862649640212369e-03,5.438675001747430779e-03,1.022895438324359675e-02,9.949289467171253121e-03,4.581848169866425957e-03,1.086629157972465905e-02,1.417838787019751190e-02,1.388068127785255582e-03,1.204553271347955437e-02,1.366253585686935321e-02,8.523025851423770075e-03,5.542002070475563619e-03,3.762534444100034195e-03,8.598446933945295273e-03,1.370653240110012924e-03,5.934521991394384015e-03,7.549187499329056139e-03,2.633478080503643542e-03,9.264009386092829715e-03,4.160965920640271459e-03,4.105308126259505502e-02,1.091983681032906127e-02,1.325222542781145582e-02,9.018203382095704712e-03,1.281506362981434284e-02,1.068185722470098645e-03
8.492531235842556633e-03,7.976414124623784629e-02,1.030763540521167400e-02,1.642433588036729467e-02,1.112856384766965252e-02,1.260413495211535825e-02,1.235199572910445666e-02,1.372917538935320390e-02,2.214224006103306941e-01,1.238187551381318870e-02,1.450101691477112889e-02,1.243138041660575913e-02,1.615379159647353791e-02,8.052411565062870397e-03,1.166835332424583441e-02,1.105057257639041092e-02,1.191889822477783592e-03,1.066392926735181858e-02,1.076016693852655665e-02,9.362608620669853748e-03,1.222581025976391192e-02,1.417790769758444161e-02,1.338751365667425336e-02,2.231657204568065350e-03,1.686619715946020143e-02,1.126181009514768717e-02,1.152680854019505138e-02,1.278437139242393980e-03,3.483339467833312247e-02,1.354813427415790979e-02,1.338127885426900268e-02,1.247733312166180754e-02
8.210125682284571264e-03,1.203796088651049728e-02,8.068495405956598379e-03,3.413202621498754100e-03,3.122621458774291030e-03,1.056579845381093799e-02,3.909742704604713889e-04,2.501080458861167088e-03,8.597918321333792441e-03,9.974303382595363712e-03,2.522605351514176086e-03,1.127044858695087047e-02,1.424234617743277108e-02,5.195618372910496691e-03,7.207624832381780838e-03,1.160646682260138736e-02,2.015926225605025462e-03,1.163655521454941277e-02,6.227168580271382099e-03,4.471949221918461274e-03,1.240665557816586322e-02,1.337406002443348660e-02,1.093905980460532258e-02,3.225603690925060718e-04,1.267809510358405833e-02,3.812669850248046749e-04,1.127212977617590012e-02,1.113211630289864459e-02,3.859795866217251292e-02,3.910789416162610901e-03,1.109041401687618604e-02,1.209945685931137702e-02
7.827392393891290101e-03,9.218221218005785700e-03,1.170113932976666986e-02,1.291111829404557529e-02,1.095567426254553597e-02,4.304542112785406625e-03,3.593943327702573895e-03,5.865104028189129307e-03,9.938226249328477660e-03,1.161769504400361579e-02,1.991683753857342171e-04,1.135552688703566487e-02,1.282164614241408825e-02,8.886114985768606145e-03,9.320243513175400368e-03,1.100511262455736161e-02,2.400616289108184823e-03,1.178296268016280207e-02,1.378215850079397148e-02,3.798195308361583533e-03,1.062084982532855368e-02,1.021588643598241204e-02,9.757834706322030330e-03,1.141352624487807117e-02,1.308282855245648454e-02,3.995276879646497865e-03,1.187407636583534369e-02,1.077551493038549947e-02,9.582132990848287249e-03,1.094784685648089034e-02,9.707734837720348800e-03,1.056606911267374965e-02
1.035422527594818780e-02,1.281775327124877115e-02,1.532703635279605327e-02,1.327535216764494722e-02,1.280548322301058341e-02,9.410927326220501488e-03,1.328920568927079507e-02,1.071879066776694131e-02,1.017067499074712257e-02,1.213094753107720261e-02,7.153270987700219991e-03,1.275479487125252311e-02,1.028706753449756123e-02,1.128481301743028756e-02,1.320352650662319320e-02,1.316749979027926828e-02,7.866699354132242195e-03,8.876399914793813711e-03,6.088409123015109739e-03,1.156514114193638032e-02,1.361745076632191881e-02,1.725243364294319279e-02,1.186331869243671677e-02,4.992286375040472929e-03,1.298703819706671127e-02,1.292925303654468734e-02,1.528968783706453546e-02,1.098526141246932222e-02,1.256480406033836164e-02,1.468650471230836807e-02,1.620635729445411150e-02,7.141723854930267200e-03
7.719728581676726237e-03,9.820612899836314233e-03,7.356002491998830939e-03,4.209636275533975083e-03,4.610727448984355999e-03,7.985253305334652843e-03,1.013825938957974536e-02,9.439950145802024004e-03,8.213080619028334875e-03,9.486075979700315727e-03,1.124649794515884815e-02,8.456028475585040949e-03,8.961881596813922601e-03,4.340748696464759304e-04,7.516992689764356861e-03,9.801076508964924605e-03,7.546491858789014517e-03,1.022127022076273900e-02,9.429644037682063246e-03,1.062762952232771708e-02,1.019851330520171219e-02,1.223561089412204816e-03,9.211475628174278438e-03,4.286734111191318683e-03,1.322353134561610015e-02,4.490357918750777222e-03,8.534563925724733199e-03,1.115317375452193165e-02,9.663230043034477107e-03,2.591255056562019599e-03,9.978006360650380421e-03,1.199655416366431429e-02
6.455080222141951728e-03,7.760437507975249775e-03,9.963274881698135771e-03,9.752286504665174868e-03,5.574074006289952109e-03,8.745853140772450601e-03,7.027248799140366556e-03,8.202122719595522984e-03,5.981987314132825029e-03,2.772581761968677047e-03,1.099688867608534203e-03,8.747505210807787063e-03,1.027966243889139736e-03,7.193043719445656355e-03,6.188761983101497000e-03,9.446110982771798587e-03,1.229156883350682877e-03,1.070725143765823006e-02,8.151712053614796824e-03,4.479073779206370516e-03,9.280871154132301973e-03,1.077615207681969535e-02,7.071893801438675076e-03,8.005397568602001454e-03,7.541652577718890339e-03,6.690927230265601884e-03,8.973963587776582346e-03,1.014974802528433376e-02,8.134532999053051966e-03,8.137390989517509152e-03,1.350557459060108129e-04,3.143542159207826647e-03
9.598937173922860583e-03,1.001983505708697875e-02,2.187981671023024599e-02,1.333213214818142200e-02,1.235495604522999016e-03,1.278755484550536670e-02,4.230278890849024399e-03,1.340865191395257568e-02,9.769677462686398792e-03,1.047671202610675825e-02,1.652078348831101731e-02,7.522265943090876428e-03,7.044611840193379382e-03,1.288605962453830134e-02,1.818358225137107695e-03,1.421486510072650540e-02,6.839748830690182968e-03,1.213608873594878429e-02,1.312029652537697114e-02,8.194407214136528728e-03,1.378257335369601454e-02,1.383155435433573201e-02,1.208322048071684869e-02,1.018507397110110166e-02,1.506730261228605809e-02,1.207506016475192248e-02,1.306971793361124193e-02,1.076107401879278051e-02,1.275515183721078784e-02,9.411589413752006333e-03,9.686165576389463988e-03,9.982077659719448132e-04
