5.874416376988794708e-03,1.186476794015828284e-02,1.241333723844060405e-02,1.575395670990282701e-02,1.855144097284998350e-02,2.236754689129011320e-04,1.331244587968287429e-04,9.628465143568909479e-03,2.628805096431611685e-02,2.698062927357081087e-04,6.952687541120318622e-03,1.555201395995922664e-03,5.144570543421743587e-03,1.235242170330433376e-02,1.559287785299787177e-02,7.798761312768721921e-03,1.374370518014702072e-03,1.310957731792062458e-02,1.270430326155309181e-02,2.334571914036136231e-02,9.601004839296226057e-03,2.527619013348202104e-02,4.503868228350621679e-03,2.134915280418936412e-02,1.784631469788480751e-03,8.310670343728954190e-03,1.371365368131222595e-03,4.884850913260100833e-03,1.004156525588751313e-02,1.996513806425528892e-03,4.045931598852442468e-03,8.448346937168151050e-03
2.220064018741678413e-02,2.592334678982214161e-02,3.348128754612503255e-02,1.239998442984282731e-02,1.696990782466704581e-02,1.425807547851325185e-02,4.394261824109913124e-03,8.505278293488989852e-03,5.424536930277853303e-02,1.336654817809093676e-02,1.043881347022076848e-03,3.433434155899564577e-02,8.027994024287100211e-03,1.224188467894672672e-02,2.819497745206756695e-02,1.326692047157087932e-02,3.024976531893571255e-03,3.183847446351167898e-03,2.754865144841294605e-02,4.595571369397408179e-03,2.413203461838209218e-03,1.952977641966240074e-02,1.559937694915152287e-02,2.085890902988244561e-02,1.889591259296684311e-03,1.685001998760897457e-02,1.080535056080570051e-02,1.372053456753006108e-03,5.299260760631255111e-03,2.192417359829950535e-02,1.658441541736262181e-02,5.761510042206353932e-03
9.988963602904910033e-04,1.456696426088131824e-02,1.193848595441110438e-02,7.188669212610757087e-03,1.132769164035584558e-02,8.776449452939032170e-03,1.165668542771154670e-02,8.005853404506629856e-03,1.824538471596445777e-02,1.210540503529674433e-02,1.702329982972233813e-02,1.550123422313768456e-02,2.819165781878744947e-02,6.489713870786884692e-03,6.334477955697845331e-03,3.362997302667150579e-02,1.429326271078094901e-02,5.236662209931693124e-03,1.468711333378210082e-02,4.172403281792955165e-04,8.190702618233770826e-04,5.359658939019934509e-03,1.104192618979361884e-02,1.364494791703106669e-02,1.909446388487405499e-02,5.146130847455999968e-03,3.509141942160236283e-02,1.096562227137660994e-02,8.811687729484041220e-03,4.818282687178921525e-03,3.620399359815798523e-03,2.124665887143549828e-02
1.172347833549100549e-02,1.030870385663504654e-02,4.018155273514555093e-02,8.120271076924144224e-03,1.208167301508557279e-03,4.222370514040355016e-03,1.621219621537323043e-03,0.000000000000000000e+00,2.411222845173276869e-02,1.031523025627058276e-02,0.000000000000000000e+00,4.559082886331911055e-02,0.000000000000000000e+00,1.755779920119423382e-02,6.389732393764921414e-02,0.000000000000000000e+00,2.095575833678124059e-03,6.921960959092761378e-03,2.689467384302155969e-02,2.198710236797587342e-02,2.073231646847731313e-02,3.233271685463240397e-02,0.000000000000000000e+00,4.071832890075517686e-03,3.068919222188244353e-02,1.241680208867464164e-02,0.000000000000000000e+00,0.000000000000000000e+00,0.000000000000000000e+00,3.456457703214176058e-02,2.660547088021525397e-02,2.595313502125131191e-02
2.582396848712015941e-02,4.231686152415398139e-03,2.313475394887010497e-02,1.417943357408372844e-02,3.054757574916671520e-03,1.014674301470883805e-02,8.431352728818387182e-04,1.523660668247511438e-02,5.208428682805760213e-02,2.279597730960557234e-03,1.008240815342189949e-02,1.037510027650172251e-02,1.431142975121884112e-02,1.358656538007024100e-02,1.837302971639289892e-02,1.382096886629487903e-03,4.937345533254014832e-03,1.449302243624318864e-02,3.885463801809854040e-02,8.768410172653413187e-03,3.673689819405725338e-02,1.742565674223024719e-02,2.755174155561517998e-02,7.200162405674035565e-03,4.152003446353193239e-02,1.610105241823765743e-02,1.900265041929193391e-02,3.116052540692060800e-03,9.758037361417613506e-03,2.727100730755314950e-02,1.242207430785005617e-02,9.962378856088003470e-03
1.244405654573293475e-02,2.793371840850346344e-02,2.014390988382934455e-02,5.146789578892446704e-04,2.041605590233280462e-02,2.853351349888162344e-03,1.396323836243065775e-02,2.030804095775953777e-02,7.941843645320946499e-03,1.398600000000000060e-03,2.754307223110870340e-02,0.000000000000000000e+00,1.476847918744781524e-02,3.524096621127303236e-03,8.061626682616162068e-04,3.917218860140367354e-02,1.505737900479682534e-02,6.388584202382342758e-03,1.739186775196799317e-03,1.090304252254312850e-02,1.194912794073312197e-02,3.980276864088535464e-04,3.099063519968330016e-02,6.517860003053210782e-03,1.676959986031689720e-02,4.759673143418477470e-03,2.176539536368603950e-02,3.368011721709041062e-02,1.945714326716002640e-03,2.563659065865039801e-03,4.315296621848413623e-03,1.711804225007278885e-02
3.500519400514719159e-03,4.849458909943462660e-03,6.505519435568995340e-03,3.819968200929578506e-03,1.439143238440898469e-02,4.351815687584633524e-03,1.235738244541568533e-03,0.000000000000000000e+00,1.134296442404702891e-02,2.230932670565581588e-02,0.000000000000000000e+00,2.045005962835009031e-02,0.000000000000000000e+00,2.556067378824061070e-03,6.539664002790455954e-03,0.000000000000000000e+00,2.529761737324471606e-03,9.739483453144574115e-03,1.038874856701290858e-02,8.432096576993210191e-03,8.974655689793531108e-03,4.461095695664239746e-03,0.000000000000000000e+00,9.745918534196656643e-03,1.443692424664869481e-02,1.182671937176603405e-03,0.000000000000000000e+00,0.000000000000000000e+00,0.000000000000000000e+00,1.948259339449502636e-02,9.490585801372047881e-04,1.220897055731849298e-02
6.545928003406246976e-03,5.950819883850603370e-03,1.464427467582497117e-02,1.118549853669642373e-02,1.135453771284083632e-02,1.747396741617718990e-02,3.114211185392727621e-03,0.000000000000000000e+00,1.391906591847295697e-02,1.339999532396241727e-02,4.405290000000000074e-03,5.534749851119895314e-02,0.000000000000000000e+00,2.006415889738384639e-03,1.893530094507363259e-02,0.000000000000000000e+00,4.732819527125525501e-04,5.891775707975326071e-03,8.981729301505668450e-04,1.530678488819933042e-02,1.400117978838404283e-02,4.270611689705419017e-02,0.000000000000000000e+00,7.011101884818399591e-03,1.771569518662104506e-02,4.882605229991360957e-03,0.000000000000000000e+00,0.000000000000000000e+00,0.000000000000000000e+00,6.691841499848728836e-03,1.213900910996638591e-02,1.778029230884914033e-03
6.781597181134803656e-03,5.237043360287130245e-03,8.175545906260874712e-03,1.114425587773260062e-02,9.082098785502992766e-03,2.158032567141122959e-04,1.053494656352670089e-02,7.357170501142096253e-03,2.526951730895260484e-02,9.365594315305484502e-03,1.839404055755942263e-02,2.989892037844723086e-03,5.514877959133551721e-03,7.295239386506162382e-03,6.271220776986077133e-03,2.398552647762669521e-02,4.193115726851315977e-03,2.833423273851651270e-03,9.731568136250187684e-03,1.442293715041032334e-03,3.116189250762289864e-02,3.162832514393601469e-03,1.716791959862878914e-03,1.913296920890053543e-03,1.883346222743597503e-02,6.357351340093232023e-03,1.771503839086903398e-02,3.499358091632757961e-03,5.671315591712244863e-03,2.155269754952945233e-03,1.660688946355825743e-03,1.719961561695896451e-02
1.698301271555472183e-02,5.301712517137060349e-02,5.610422345043283854e-02,1.584085124830737074e-02,9.877204721654698344e-03,1.908757239031295960e-02,2.608003715775271750e-02,3.209827207158564427e-02,3.786737986484936536e-02,1.679546073229978148e-02,4.327695993493709675e-02,2.335460534997517781e-02,6.096738943692364687e-02,7.330642125195527617e-03,3.269653158286268610e-03,3.952345344935648958e-02,1.632665720797947528e-02,2.183691961784314448e-02,1.978912002065859668e-02,3.383149831501039428e-02,3.792336396543484131e-03,8.933318759641470375e-03,3.099840693552746718e-02,2.034236592763218748e-03,4.396290050448639630e-02,2.325696374052327320e-02,1.567388047990979361e-02,1.005514759887415205e-02,3.875702953655631861e-02,6.319200200559059455e-03,2.128027193827437824e-03,5.645564477011612292e-02
7.341635538425409294e-03,1.136074956765930483e-02,1.335122610656760966e-02,1.464379035031548870e-02,1.547623668849008004e-02,4.708739115059576430e-04,9.944764345872325606e-03,1.074118838819790311e-02,2.416039101873052042e-02,1.398600000000000060e-03,2.141987621234904549e-02,0.000000000000000000e+00,2.404903858338696548e-02,3.567976067671415827e-03,1.156682982718791781e-03,3.994060621850177573e-02,9.928904709691439845e-03,8.818063674210202540e-03,8.279701532407958420e-04,9.171464683453346700e-03,2.938451141319872381e-03,2.551792267504993626e-04,1.490886397390084328e-02,9.470798682265635371e-03,6.019916748821962926e-03,2.149438529879116322e-04,3.374426174984871546e-02,2.257445496481715053e-02,1.660690045123679182e-02,2.196523555111173313e-03,3.697313267348749724e-03,2.439716935138237092e-02
9.793083175885548483e-03,5.933845993072655450e-03,7.815718919596838926e-03,6.171632328714801718e-03,2.269535240376328172e-02,1.468803475902058682e-02,1.017766855808739657e-03,1.162958379882047394e-02,1.922685920723193539e-02,3.122349879922299218e-02,9.927032226990581409e-04,8.877786085956759429e-03,9.506979147340107600e-03,1.183370872951158836e-03,4.333165344284623313e-03,2.126098892792054745e-02,7.649895682800146590e-03,1.503743704154192340e-02,5.228603519960659668e-03,2.484016608239942442e-02,1.234045074438345178e-02,1.485029272908855794e-03,1.404252327522406002e-02,5.629534625317067498e-03,2.608204944883524626e-02,4.469353582021141913e-03,6.469072913932619184e-02,4.424224868030901536e-03,5.191655769250066998e-02,3.672571478647461418e-03,3.697495138745665426e-03,1.719114436442590113e-02
5.117836722274449190e-03,4.713949813421204615e-02,1.504219772845357198e-02,2.587877674468219008e-02,2.408622539029237064e-03,9.209066791284969966e-03,1.332745639471363125e-02,2.694250767110743794e-02,4.736691877346466129e-02,4.790560536293283350e-03,3.535771623238421341e-02,1.597416226688947935e-03,1.431795873608596864e-02,2.145372549025380271e-02,3.331660659806040710e-03,4.181261243808167410e-02,8.532621021027534530e-03,3.311730946203469972e-02,3.055926308298720362e-03,8.124611331196719688e-03,1.674305248200440993e-02,5.763830657970977350e-03,5.375576508077802018e-03,7.097827152844817661e-03,2.983424451635776839e-02,1.804133823436407727e-02,1.205107728484608454e-01,1.285703198724876331e-02,5.560317620218684087e-03,1.181225257723804781e-02,1.250539696820869399e-03,7.283651445118236034e-03
6.679331492094563172e-03,4.334520335822412973e-03,1.259409557384628259e-02,3.414345838702498564e-03,1.238573882094733299e-02,6.554927160518118218e-03,2.268361667232287205e-03,0.000000000000000000e+00,1.013851460082073642e-02,1.109025235359673706e-02,4.405290000000000074e-03,5.092678512382603495e-02,0.000000000000000000e+00,1.906199288797802427e-03,1.786277273752506778e-02,0.000000000000000000e+00,3.447340515510387976e-04,9.588801636352430047e-04,3.988678607728789877e-03,9.546898221812837038e-03,1.978240689476162481e-02,3.378949378362157419e-02,0.000000000000000000e+00,1.178929934491836952e-02,1.290394307816828019e-02,3.903486650450482820e-03,0.000000000000000000e+00,0.000000000000000000e+00,0.000000000000000000e+00,1.406952621623672184e-03,9.032060217946377700e-03,5.847215909262898706e-03
4.829713497558540611e-03,6.896589433469615948e-03,9.616689023764432576e-03,5.777734065528228324e-03,8.287243220753873207e-03,5.973591711511787306e-04,2.155397731438829512e-03,1.535836393564707358e-02,2.114717077842720450e-02,0.000000000000000000e+00,1.303218083628993745e-02,0.000000000000000000e+00,2.330047895132293656e-02,4.064697035806325714e-03,2.926358356753151757e-03,3.485681881590818598e-03,7.024114469268285393e-03,1.336152800074916214e-03,6.454086771896891395e-03,3.027837382189110457e-03,2.607378408466501374e-02,1.746380045538932068e-03,1.738841732873983026e-02,8.966494121451298871e-04,1.153424703504669913e-02,1.864175014575183975e-03,9.010001178593504689e-03,8.696886871242041211e-03,9.037558359307355793e-03,8.676871245909510699e-04,2.847365398944026824e-03,7.292965771637030525e-03
1.968012915205897412e-02,5.480529371474723854e-03,1.737066987893053083e-02,9.013995167218086940e-03,8.605399714883428183e-03,2.131368781882417643e-02,6.497919383067023852e-03,9.836389745145055971e-03,6.474265687710116512e-02,3.988284260071955217e-03,6.301989342126352450e-03,2.610386769501794879e-02,9.284408501369590880e-03,1.016230929745841685e-02,7.632062538409773583e-03,1.534324874191534023e-02,2.960586685776983237e-03,1.542954502773419279e-04,2.090561903537214994e-02,1.751134350669474038e-02,2.541587347493238710e-02,1.474002776229094841e-02,1.804074436585451774e-02,7.167031789380313642e-03,1.691975446816327763e-02,1.997070663295292051e-02,1.249643289513183500e-02,1.586785533182103131e-03,6.128617125041794025e-03,2.249600687240841876e-02,4.086064159391684242e-03,1.681918793240937474e-03
1.267457252615938022e-02,6.283986563674119619e-02,5.599855936241265875e-02,6.431005606041338696e-03,1.686975421523245408e-02,1.433076709196773151e-02,3.033306147117637019e-03,2.364623843591980371e-02,1.071860685451196844e-02,1.296677761728888892e-02,3.570068912226422725e-02,1.575944838358515204e-02,4.816762852175408838e-02,2.562867593839243327e-03,3.131749017932661944e-04,2.734300091468681859e-02,1.220949296274834867e-02,1.580886578341087964e-02,1.193546351530872310e-02,3.172222301378748582e-02,9.472140420752001369e-03,1.050566512072874208e-02,1.814892839880467845e-02,5.270108416746839206e-03,5.006381003360338422e-02,1.870383847391418261e-02,7.325046271900946190e-03,4.763517456051032106e-03,3.170599645926556326e-02,8.859698884876207950e-03,1.140871045782842694e-03,5.621033390907084759e-02
6.699460679901571639e-04,3.800834881039983487e-03,1.519949672308746301e-02,7.964673281449261705e-03,5.820373353003338579e-03,6.114495556871026027e-03,2.013297237735113543e-02,1.959311568619164987e-02,4.299259795045506580e-03,2.534097787041314845e-03,3.791417802713678564e-04,2.409738620930561553e-03,4.169922085102355236e-03,6.914762076965065909e-04,1.106549912694594889e-03,2.445884780698456482e-02,3.505599448188008449e-02,7.559860856106201399e-03,1.552440389415323668e-02,3.093797092083926115e-03,1.429703649919350159e-03,2.590815611564759556e-03,1.412524670547099688e-02,5.636291281730560626e-03,1.428131858364442737e-02,1.403906312919534285e-02,2.272608841688302309e-02,2.703399925429669087e-02,3.149283668106798301e-02,2.015608934687609759e-03,2.962496989677476482e-03,4.292789403995316347e-03
7.577683268402309047e-03,4.976154491274729225e-03,3.133052016371069143e-02,3.919767601413491273e-03,1.421918576601136248e-02,1.183774222764531064e-02,2.604144685848312681e-03,0.000000000000000000e+00,1.163930747971821805e-02,1.228199245005138704e-02,0.000000000000000000e+00,2.142465302932696283e-02,0.000000000000000000e+00,1.678361504658951869e-02,5.007396663833699191e-02,0.000000000000000000e+00,3.957646443007295230e-04,1.518706748876036232e-02,1.504531029417019786e-02,1.183344221125872189e-02,9.552884270462526708e-03,3.279843238670421268e-02,0.000000000000000000e+00,8.947296027201187898e-03,1.481409921483209206e-02,1.059781691005407325e-02,0.000000000000000000e+00,0.000000000000000000e+00,0.000000000000000000e+00,1.009369627708579797e-02,2.743166144139742857e-02,1.252793864240611850e-02
1.233594542280589540e-03,3.271907178629706193e-03,1.268095788931090928e-04,6.844638307049737309e-03,2.981993846222646266e-03,4.805788962504376621e-03,2.638296336264077391e-03,3.814226663188527953e-03,6.713141735592746163e-03,1.929322500490567721e-02,7.292750815373928719e-03,1.967638743336504875e-02,3.303235183328856722e-03,1.398304631837536324e-02,6.035379628224613394e-03,5.007442805437244647e-03,3.237220500017806528e-03,8.573718350817867082e-03,4.462608773035663980e-03,7.564146182228316528e-03,1.483842579933409428e-03,4.441856556765082925e-03,2.891851879062698905e-03,2.688238827466909661e-02,2.413497374549780639e-02,4.452318898932395783e-03,8.805287623088633824e-04,9.755875128772805577e-03,6.447506428180603370e-03,4.973174671775403011e-04,3.461213029394019647e-03,2.342533177158051191e-03
6.825583277796100010e-03,2.275758881423427249e-02,1.297512670668179817e-02,1.224976148489989591e-02,1.209713300849787204e-02,3.144590669729083882e-03,1.957963520302023752e-03,3.968280092125714420e-03,5.663798634278946476e-03,0.000000000000000000e+00,1.062021906366338031e-02,0.000000000000000000e+00,5.061718942849416369e-03,7.393720348576370352e-03,1.964946072739994117e-03,1.641106552749858893e-02,5.014018396835073776e-03,9.607881265532036003e-03,1.274859097993946006e-02,5.880350876712742668e-03,1.697559789549880904e-02,8.949041870776531420e-04,1.841954366386776287e-02,3.729230296597316197e-03,4.021286086242421842e-03,5.531549417398341773e-03,3.092625531873276906e-02,6.094070204233220656e-04,1.812736168243456181e-03,2.139358742280460246e-04,1.352220979404874374e-03,6.432647935789431726e-04
1.485272077372274541e-03,2.206824608578570376e-03,8.317417649630773346e-03,1.738338232439479636e-03,6.305923402781182276e-03,7.818890691446108918e-03,1.154885883689073332e-03,0.000000000000000000e+00,5.161799180088334771e-03,1.068630760021588300e-03,0.000000000000000000e+00,5.739823038640595732e-03,0.000000000000000000e+00,3.428329014663630478e-03,9.757347273304791541e-03,0.000000000000000000e+00,1.755136738177238921e-04,6.735159514260662811e-03,6.672293044577463396e-03,1.964586969897811307e-03,3.086117584612038667e-03,9.894858402983659762e-03,0.000000000000000000e+00,6.002259511219651920e-03,6.569755573011013677e-03,2.147785864489741223e-03,0.000000000000000000e+00,0.000000000000000000e+00,0.000000000000000000e+00,8.287208761700134291e-03,8.040806160202872838e-03,5.555889259326828727e-03
8.840766983113770849e-03,3.050916825426526913e-03,7.309253500631125028e-04,9.226145942998052740e-03,2.620660783253783016e-02,5.088138204361004543e-03,1.001899613000545395e-03,3.839312187929563511e-03,6.201459050993271549e-03,4.840008803319681419e-03,7.252268784454417305e-03,1.800692920694868873e-02,3.284898937896743847e-03,5.547055107071059005e-04,1.725799432524603716e-02,4.979646510238173659e-03,6.102385687306722054e-03,1.538228598213688993e-02,8.074367964322705718e-03,5.409733101742742606e-03,1.068355388729761227e-02,8.217978844249582485e-03,2.875799220724768387e-03,1.372706483130151436e-02,9.686523191846058839e-03,2.025019029082390440e-03,8.756409506334443711e-04,1.091683969546406764e-02,6.411716345509860769e-03,1.559782604774630904e-02,5.029848737404540165e-03,2.684399278202321930e-03
2.323935948522020539e-03,3.104666892004008701e-03,7.824334102872969321e-03,1.339033746332655116e-02,8.862503444429190372e-03,3.892010142666026129e-03,1.652543726448314071e-03,3.929403650871149335e-05,7.253694550703219772e-03,1.667300949529908205e-02,4.341878832909843063e-03,4.358114006206775803e-02,2.872194641651304198e-05,5.052409132778459128e-03,1.091894105198113786e-02,4.354019497836154721e-05,2.981564730930197252e-04,3.339032042692077762e-03,8.298370727243733341e-04,5.176551098985343081e-03,1.414111884692023299e-02,4.401226767421465708e-02,2.514492916947788566e-05,7.220806168821581467e-04,9.247927995386404781e-03,6.585134558537106622e-03,7.656281955603009263e-06,8.482826899791725184e-05,5.606168615693459916e-05,4.202386073378888698e-03,3.536066012429603389e-03,8.938329141047078596e-03
3.684848346006640990e-03,2.322572936256840897e-03,4.789797474858838167e-03,1.829514369664843407e-03,9.869501624021580211e-04,1.000850634985950630e-02,1.215459845560176895e-03,0.000000000000000000e+00,5.432536428795709839e-03,3.156146661825480482e-02,0.000000000000000000e+00,1.012235758732434737e-03,0.000000000000000000e+00,4.080669570464426008e-03,6.280555548383640746e-03,0.000000000000000000e+00,1.847193959897981805e-04,7.088419781248620800e-03,2.748755954492013501e-03,8.276780689307337846e-03,2.557851401017057977e-03,2.899121086690041593e-04,0.000000000000000000e+00,6.317079047857935246e-03,6.914340375026985751e-03,7.935943915346292676e-04,0.000000000000000000e+00,0.000000000000000000e+00,0.000000000000000000e+00,8.662544094876649392e-03,4.781119148080806638e-03,5.847296600006684185e-03
1.169934848156817427e-02,4.102362934098951336e-02,5.671541480369649002e-02,1.748277599491927098e-02,2.485290234690575722e-02,1.243524486784996011e-02,2.034751366534093622e-02,1.616231179022907874e-02,8.561055285611043203e-03,1.200611846542157593e-02,2.414704264323943445e-02,2.229094382550812076e-02,3.344801028312435753e-02,1.165781697082835140e-02,1.232494161459858281e-02,1.880724497400025966e-02,9.845067375325960296e-03,1.202478631487167125e-02,9.523695473586215807e-03,2.056048663462109460e-02,8.470892966999987728e-03,1.230174392264738945e-02,1.271724864377057722e-02,4.861589446892912794e-03,1.405856976324264089e-02,1.462911777649252704e-02,5.288056857616874398e-03,1.030056899499426012e-02,2.146096743843096261e-02,4.349332094626089107e-04,5.364876573470907239e-03,4.926779457814746410e-02
6.541551922743367442e-03,2.621653059373391451e-03,2.413343514955602551e-03,5.517576948479348611e-03,4.643027236503934584e-03,8.400047173901380171e-03,3.958185046016776676e-03,4.677153793309043323e-03,5.371662030579745471e-03,1.513598122789014747e-02,5.900193030617697371e-03,1.572315763405493158e-02,2.672479246936778491e-03,1.029072005579174075e-02,7.632756416074297501e-03,4.051266783937506472e-03,4.975785643758118791e-03,1.741181081919541962e-03,2.717401199347745273e-03,4.253798116323556297e-03,3.829303213693357327e-03,5.762595927235924023e-03,2.339649980423685448e-03,2.423868846466796512e-02,2.618674877339245352e-02,2.147487431655839552e-03,7.123909479645095444e-04,7.892981386531910948e-03,5.216348872392325038e-03,3.827987627641957213e-04,3.810211692199578018e-03,4.092902733265784722e-03
7.586691966375729880e-03,4.250322326972447162e-02,2.724278288118501049e-02,1.319532184612226891e-02,1.606543911492276655e-02,8.324595971920442303e-03,1.604818735895977358e-02,1.241293713416972630e-02,6.373150155768519780e-03,7.740432445911138958e-03,1.836873026847085297e-02,2.072931413627466732e-02,2.101976478920642225e-02,7.935185844276909650e-03,8.928741723349120640e-05,1.452629329258451479e-02,1.161399670470627220e-02,8.699907751309403359e-03,6.893501788430659964e-03,1.959436814037462948e-02,5.825438503237865065e-03,7.936797963527680161e-03,9.983816120087148083e-03,1.087525254935011246e-03,1.024017260724895996e-02,1.027273355465049658e-02,4.256544095014437416e-03,2.765314440512939981e-03,1.633652700327131724e-02,2.530950530047262718e-03,4.290240966658981879e-03,4.139139129946395324e-02
2.990951254091926692e-03,4.094326873565225060e-03,2.453832123964692219e-03,1.611753376421875064e-03,1.686429413125847820e-02,9.892176247168212033e-03,1.176907890679430684e-02,1.179252334232123132e-02,5.138501764285169186e-03,1.332581202006384059e-02,7.163928359247246497e-03,5.947667246744224243e-03,5.370070145877555920e-03,2.495719205629874649e-03,1.379240683685795804e-03,1.506829352629593562e-02,1.854337671139535265e-02,1.000543207244753569e-02,2.579324144999462984e-03,1.058704425565952512e-02,4.347885837303029979e-03,3.622063467488652409e-03,9.597795531427054383e-03,3.413385323681034783e-03,1.022426790184285082e-02,4.079110843010595733e-03,2.342131239470556653e-02,5.976743746354075404e-03,1.807208164670883951e-02,2.483606664997524242e-03,3.656244687089164544e-04,3.297991950021007292e-03
1.479497253475564947e-03,8.588960137328944741e-03,4.503659193626387627e-03,2.540779630127688871e-02,7.794684460337189882e-03,7.215687621690349517e-03,4.971244461322476410e-03,6.692310373142916664e-03,1.074901453470426642e-02,7.001670236191187037e-03,6.410405996493504129e-03,2.071940596881630473e-03,5.852247256937235034e-03,6.635724036128238384e-03,8.509698572695185981e-03,1.554659537400956276e-02,4.216726303954951988e-03,2.720118739261366200e-03,1.990711895043009716e-02,8.191946178908905349e-03,1.412438410284391765e-03,5.129670281565539350e-03,9.669179662818560422e-03,7.390904381644261556e-04,2.558900165027871640e-02,1.663327297194207646e-03,6.155723992284889770e-03,5.437105555972266725e-03,5.922877386039615208e-03,5.579546865617379323e-03,4.088465529531572565e-03,9.096741005009303938e-03
6.231419658414245194e-03,2.403707218370570910e-03,9.323925505658060831e-03,1.893424670470611427e-03,6.868508508938614941e-03,8.070145489565035135e-04,1.257919421519295301e-03,0.000000000000000000e+00,5.622310853670126063e-03,1.385009971152485753e-02,4.405290000000000074e-03,4.330746669028299328e-02,0.000000000000000000e+00,4.471079545078703726e-03,1.121723599696049581e-02,0.000000000000000000e+00,1.911721860624612606e-04,1.201069066436387563e-03,1.279446056771666416e-03,2.666202905117103124e-03,1.097032902503619969e-02,3.304507597418136766e-02,0.000000000000000000e+00,6.537753139768115798e-03,7.155878556179612847e-03,3.123367738582382910e-03,0.000000000000000000e+00,0.000000000000000000e+00,0.000000000000000000e+00,2.818853270179123502e-03,3.654524258588056490e-03,1.070822018632124409e-02
6.437023385038631237e-03,2.077404629465444061e-02,2.941241362409378890e-02,9.924558519749637417e-03,1.787493037997102061e-02,6.866727054348409874e-03,7.563793730735983087e-03,8.959478544962614852e-03,4.144652988979868023e-03,6.656955001969544310e-03,1.385547843322618503e-02,1.614164064414685962e-02,1.869983968126680968e-02,6.428274436583437251e-03,9.108338619566707511e-05,1.020760110149797686e-02,9.197793577117753874e-03,6.604663080632973589e-03,4.927615485824957293e-03,1.627544512685444311e-02,4.284621655085357229e-03,6.814334155663523754e-03,6.473296012025146415e-03,3.247773640878852397e-03,7.826299198021725856e-03,8.258892541556676556e-03,2.412209438901901596e-03,7.794754127648198527e-03,1.228469233387807606e-02,3.882253614173999858e-03,2.006611412143781935e-03,4.349941888417636210e-02
3.257493411088444729e-04,1.730176856072150821e-03,6.838537790434819595e-03,8.696713968211148421e-03,7.761308747218972209e-03,5.990954789047747871e-03,5.260217331024365228e-03,6.156430646310021189e-03,2.766470471833939147e-03,5.330913147574018601e-04,1.124435081638272549e-03,5.826798256752896074e-03,5.761016519139445721e-04,9.637470873813903591e-04,8.257087015201523827e-03,6.821701574275056655e-03,9.327749434735414097e-03,7.200062312125879958e-03,4.891287252701020938e-03,6.642301263569339725e-03,3.457053251612127263e-03,6.936161976876511689e-04,3.939605759361184713e-03,7.808124563062067945e-03,5.978046314176388779e-03,2.724744602574987601e-04,1.199555277499039091e-03,1.329054994939060479e-02,8.783518146929214163e-03,3.949506442036113639e-03,7.847667629035095724e-04,4.224306034060053977e-04
2.185549460027609928e-03,1.506551984125931859e-03,1.649280347470679330e-03,2.320409204741254606e-03,4.030774870355594876e-03,7.978872813882853174e-03,1.637644863640398294e-03,1.200572151182549563e-03,3.274149634079993876e-03,3.659609979393916961e-03,1.937436009292351890e-03,1.012984972786432070e-02,8.775573104529017223e-04,3.151016861644368242e-03,2.169954331007042936e-03,1.330307349220541564e-03,4.145657302568942632e-03,1.578083638422922257e-03,2.569538871323700374e-05,2.375117616664346176e-02,7.147826085487387487e-03,1.089104543945148933e-02,7.682667495267418668e-04,4.340891014198866409e-03,4.646360341689659626e-03,8.706151582595123700e-03,2.339265627612625810e-04,2.591804417175186826e-03,1.712883305674899569e-03,9.555858888467239423e-03,5.815684855574054096e-03,3.950509567609081750e-03
4.754595807026510204e-03,3.360042640191684103e-03,4.455245841154076986e-03,4.416376942264425842e-03,1.234655977007091329e-02,1.141298808185213683e-02,1.010746204441794437e-02,6.014102645730786886e-03,4.171921514044826113e-03,1.330546458619734362e-02,1.197271850311216676e-02,4.637051510053866871e-03,2.187957833779860181e-03,1.028738219549841376e-03,5.167024451816432454e-04,1.218101180079583443e-02,1.304335367685876927e-02,5.550989548003027602e-03,3.752078523094106929e-03,7.842108623084490665e-03,3.463964065952120867e-03,2.211277363094053729e-03,7.814088980728453593e-03,5.478559316107810967e-03,8.180382532942802667e-03,8.593029607684519317e-04,2.405312855460116014e-02,7.100450771854935339e-04,1.452706068710606438e-02,3.569050484522969316e-03,6.225419185107959608e-05,1.523776159523802277e-03
8.005229157540288965e-03,1.455838410042428277e-03,7.008137265161485871e-03,1.280608302531196846e-03,1.847122545776998942e-02,4.022053937256428978e-03,8.621264351537401413e-04,1.417257320714170119e-04,3.375753321421943749e-03,9.917149899553133474e-04,2.287113993840525895e-04,1.102664397764257023e-02,1.035943172062219261e-04,9.027115349418950857e-04,1.762348607930430341e-02,1.570407765685377199e-04,3.005819254594201042e-04,7.831614249971061842e-03,4.365432570597757231e-03,2.282902419305497723e-03,6.542134073905884681e-03,3.498678244385645258e-03,9.069273129112382606e-05,5.987612385512583457e-04,4.353101090371099338e-03,5.414617628019109848e-03,2.761467798968557635e-05,3.059586031945472082e-04,2.022032913311944677e-04,1.265154825659076457e-02,3.339675394569753888e-03,3.683817744057925770e-03
1.026574982762061203e-02,2.524873180252576715e-03,1.974193449027528136e-02,1.988868333365716515e-03,7.214735967016659354e-03,5.670288248538806614e-03,1.321328565325820313e-03,0.000000000000000000e+00,5.905720038190683842e-03,1.203305765443689335e-02,0.000000000000000000e+00,1.380436065246250753e-02,0.000000000000000000e+00,1.197756400051537551e-02,3.778083179698241145e-02,0.000000000000000000e+00,2.008087847431633472e-04,7.705833783153713361e-03,7.633906969113647169e-03,8.997703045203120018e-03,1.152332086128057299e-02,2.088180972760312476e-02,0.000000000000000000e+00,6.867307896550887795e-03,7.516591750259080107e-03,8.996172645445749128e-03,0.000000000000000000e+00,0.000000000000000000e+00,0.000000000000000000e+00,1.271965083377315370e-03,2.115566874708949344e-02,6.356606559849416714e-03
6.858636613003685559e-03,1.512987738826213676e-03,1.649434949158374263e-03,1.191795859711669093e-03,4.323309044723079413e-03,4.539289104878546123e-03,7.917838939137575825e-04,0.000000000000000000e+00,3.538903290908630445e-03,2.832030182369284221e-02,0.000000000000000000e+00,6.020530597804394160e-03,0.000000000000000000e+00,4.022476434675280668e-03,4.649111698640487518e-03,0.000000000000000000e+00,1.203312829892730303e-04,4.617591141816512409e-03,3.009902096245166414e-04,5.391722044284926255e-03,6.905155993590834235e-03,1.414507133819459597e-03,0.000000000000000000e+00,4.115118623576391119e-03,4.504191040108638036e-03,4.671935875690301845e-04,0.000000000000000000e+00,0.000000000000000000e+00,0.000000000000000000e+00,3.609153597936174893e-03,2.361116907557768430e-03,3.809089446873667722e-03
4.370568648809762015e-04,2.155794110339392076e-03,8.584568128013749660e-03,4.017153654400673277e-03,7.595649110126754394e-03,4.608660474923483887e-03,4.963637138621274092e-03,1.075704914577682927e-02,2.805139215181719561e-03,1.903999580466781815e-03,4.667128146939918121e-03,3.509305978841757104e-03,2.289423021783922388e-03,2.414252516176287021e-03,7.032714229286520999e-03,1.191946816395674479e-02,1.204152327569082796e-02,2.446335632725983589e-02,5.082327643335191741e-04,5.174664024562612187e-03,2.082079576205801957e-03,1.798021327287705525e-03,6.883620591719670674e-03,5.718262340624653481e-03,7.863331253134337590e-03,3.035395894408630252e-03,2.095966935137521560e-03,2.322240063983935926e-02,3.465267590791890756e-02,3.501113849733810367e-03,6.608718012925799724e-04,6.839704767131590292e-03
9.964271173596526282e-04,7.399638243637380285e-03,2.635610482467312665e-03,2.611378156935888900e-02,1.777239432458687686e-03,4.031527373416864297e-03,5.663132582763928669e-03,6.140380003051308308e-03,8.967978131152349111e-03,4.716006179973739922e-03,6.008984981730570302e-03,4.186459352657465743e-03,5.341751109875442563e-03,1.914576554975093957e-03,6.233811050090770634e-03,1.638532429345485389e-02,3.981253971165007489e-03,1.018535845949929131e-03,1.750005339087108702e-02,6.513417639837346812e-03,3.920173115991895663e-03,6.117678012837685433e-03,8.715566231124757465e-03,2.270886479227093510e-03,2.724480054797787446e-02,1.049320971306585797e-03,5.507381621062908128e-03,5.249928033362602671e-03,5.539508098345882064e-03,1.604546545559290549e-03,2.509165101537288826e-03,6.637980027251249790e-04
1.814737231848077142e-02,1.117206444373646315e-02,1.005530174090315219e-02,1.043249375350108893e-02,1.181069513790227767e-02,5.882267802303981982e-03,5.053229641871799863e-03,6.093087538587937772e-03,1.412733728648821359e-02,1.639684522500941058e-02,5.015637626600809307e-04,3.230968979844568018e-02,5.751166353567532287e-03,1.489716563698756380e-03,1.532731273487433071e-02,9.504275464172425719e-03,1.819464381407614713e-03,1.075065294491693753e-02,8.394822329932685040e-03,8.605105715824800522e-03,8.923387510295834046e-02,1.134953474164778625e-02,1.117522155287652835e-02,5.041153173739357576e-03,2.414442266252710828e-02,1.203202629961036899e-03,1.928619606367600742e-02,9.829239598212881172e-04,3.796331947074358618e-03,6.227380602209658250e-03,1.370496849551754159e-02,2.290767627638445533e-03
5.736760742445691334e-03,2.048802103798915905e-02,2.375419469772754172e-02,3.021976454525517053e-03,5.913928344025987105e-04,6.652326707621908190e-03,5.906169297264996648e-03,1.174150085669436495e-02,4.322421548413495941e-03,5.930844698315532355e-03,1.839324156820957429e-02,2.181243317148084948e-05,3.190530984165279582e-02,2.548306946460432779e-03,4.498803265872222679e-04,1.326785248804730755e-02,5.490500731262769676e-03,7.570723469341920919e-03,5.237097249997124150e-03,1.410935115220380946e-02,3.832645106396185674e-03,3.285781322864654488e-03,8.194353304746000710e-03,4.768412731073664798e-03,5.972070716654316602e-02,9.186840500116574826e-03,2.900947770440444589e-03,3.590360728725785350e-03,1.629371191510596562e-02,4.569002980145911441e-03,2.690846568052641160e-03,1.431801067830415670e-02
2.104405255267255415e-03,1.071268685103594518e-03,8.502803190897537111e-03,8.438492598332134617e-04,3.061112444460430647e-03,4.126599123794116343e-03,5.606213911404495358e-04,0.000000000000000000e+00,2.505715134282347767e-03,3.071493314659837041e-03,0.000000000000000000e+00,2.622649864156665830e-03,0.000000000000000000e+00,3.785262795821250220e-03,9.454094199759514178e-03,0.000000000000000000e+00,8.520038331887216509e-05,3.269478439182494332e-03,3.238960889191059254e-03,3.817600656371627609e-03,4.889185280131957446e-03,8.859862358407662522e-03,0.000000000000000000e+00,2.913703530964540257e-03,3.189185668309509926e-03,1.793351639237449318e-03,0.000000000000000000e+00,0.000000000000000000e+00,0.000000000000000000e+00,4.375573490807556712e-03,1.110177845602060634e-02,2.697020034253587006e-03
1.520952116521039413e-02,2.375752539348765721e-02,9.225804546476024798e-03,2.140397073589635213e-02,1.211891027016171948e-02,4.040385302645941798e-03,1.612636553033742690e-03,1.518271785271180924e-02,2.565698894828787741e-02,1.481518711339392495e-02,5.321990899938590196e-03,2.852181643949928611e-03,1.433072075811028280e-02,8.717708617707355112e-04,1.242032337390623284e-02,2.368269483297509581e-02,4.209162603047032249e-03,8.198491668631877755e-03,1.420143562474633289e-02,6.899150432093765009e-03,1.234203250527486223e-01,9.781174705305119982e-03,7.438187964695256588e-03,3.717822814928582048e-03,2.087083167600689571e-02,2.245611911026736476e-03,6.179251786206944874e-02,2.449243845279685475e-03,9.459676471515736373e-03,1.079551359498650762e-02,6.372418740791804988e-03,4.900830975027713199e-03
1.909810535282441268e-04,1.308546158431407157e-03,3.345486215671903026e-03,1.831022233541056577e-03,3.545605945429116789e-03,3.307946109393559292e-03,2.489314445869331323e-03,8.474842659141508527e-04,2.884447524238217993e-03,9.502158189100041313e-03,1.367636699279982859e-03,9.035846085955584819e-03,6.194679864214927296e-04,4.476046156724772934e-03,3.233414647240166404e-03,9.390643837472661482e-04,1.706345627506270640e-03,2.170314577907480127e-03,3.739493115584502890e-03,1.980548917022163877e-03,5.360988954151152744e-03,6.998255826760993101e-03,5.423197444715018977e-04,1.920498522396259233e-02,4.009446818933543218e-03,7.958140248428740085e-04,1.651288355508464026e-04,1.829555567917535335e-03,1.209124873900036977e-03,6.013778248771674273e-03,1.908658877301100398e-05,3.405654413632953122e-03
2.833822504911475207e-03,2.251326243584665567e-03,2.366342367963200286e-03,4.574630330071368343e-03,6.935357265210370659e-03,2.991265911802714825e-03,3.016631583196323352e-04,4.724982870874301459e-03,3.801362499601503367e-03,7.985532030019495617e-03,5.428707400146329763e-03,8.923611982255682737e-03,2.723801686085036526e-03,1.074771651327638237e-02,8.687966813857212617e-03,4.181336535169627271e-03,4.417526326755847818e-03,9.261408084559000914e-04,3.300048894414398318e-04,1.074164364459738626e-02,7.517655919730276137e-03,9.599648958121220071e-03,2.792930114879051910e-03,8.369590579727990975e-03,2.887442052156857439e-02,1.403043912600019510e-03,1.138907966703214206e-03,6.980325922431455769e-03,4.822456632177812841e-03,7.301171707484698827e-03,1.663301197007562016e-03,4.808658061941984904e-03
7.187639362182340549e-03,1.574370351352116434e-02,6.400852633355089139e-03,1.352316760265142616e-02,1.025104640112960673e-02,1.748948224264511644e-03,8.723731797530677110e-03,2.458317091995474227e-02,1.558756869138472681e-02,1.112081935903757928e-03,1.822528090968493497e-04,4.560472746613641014e-03,1.075664899030893615e-02,1.923125085529277592e-03,1.308077594257351164e-03,1.536585913899029404e-03,3.228979607291891998e-03,9.048228540250070548e-03,1.290929739733548409e-03,1.922588771841017563e-03,9.192358693029062389e-03,1.512765560965499212e-03,1.790034419831114734e-02,8.288837665807492761e-03,1.006488601469668863e-02,2.856576688557970617e-03,1.290443894247043574e-02,3.784247857118200331e-03,1.630826579853741215e-02,1.300404357365937420e-03,1.913237649638366679e-03,2.307343258680004394e-03
2.037833804421515689e-03,1.561295559886754884e-03,2.006608154760749357e-03,8.988396855326706222e-03,2.585194981299318139e-03,2.738052197152185570e-03,1.223901485595690203e-02,1.678368346651427229e-02,1.943030130782801143e-03,2.128605897059479210e-03,4.330772268933309743e-05,2.024145976179388389e-03,6.005710387212791386e-03,1.421020851814275201e-03,9.703106462251270652e-04,9.104181083371092401e-03,8.244004735198217498e-04,1.650966820324427549e-03,2.617987126015875257e-03,1.544416434848700989e-02,1.200930617527181310e-03,2.176248058449764978e-03,5.257762134534224065e-03,5.911414484721355320e-03,5.752083941648568864e-03,5.231819946202068486e-03,1.600915599569493943e-03,2.881112514297110017e-03,1.172240369767534734e-02,2.258361250671444501e-03,4.344687394619501861e-03,5.009426563557689213e-03
1.872901685374015086e-03,2.084499624792563940e-02,5.027514702867923874e-03,2.102497596570726199e-02,9.362347561737141208e-03,6.152346667827639053e-03,2.016364142113383218e-03,7.634036572585538305e-03,2.095787851417241568e-02,2.294261002116827243e-03,2.299165572203126090e-02,2.106343699287595381e-03,1.582768025810431592e-02,6.818397581017461052e-03,2.368385147446497481e-03,2.396847476959332313e-02,6.568446475449596714e-04,2.648632713288034957e-02,6.306902471572138624e-03,3.791682845981983029e-03,7.809646554243869498e-04,1.607569463881344460e-03,6.397560608207147892e-03,6.182066322080893156e-04,1.008019913826011492e-02,4.763480322547294053e-03,6.302917437463299855e-02,6.723700244527361022e-03,1.161740722518758880e-02,5.089296339402358746e-03,3.448571572622434380e-03,2.293861977797276644e-03
4.860611597106569842e-03,2.097131155824356191e-02,1.904289812941083876e-02,7.350520806262482269e-03,7.480994905691180398e-03,5.180019767651430386e-03,5.575124323698302416e-03,6.825524918763326183e-03,3.651585824889991110e-03,4.981238047211282438e-03,1.014921993495742671e-02,1.773512290212386766e-02,1.512605487123242463e-02,4.864784138163136783e-03,4.502115602858774296e-04,7.964956031767776376e-03,9.391097441989149433e-03,5.050948783188828443e-03,4.024932138467209215e-03,1.321873412954211596e-02,3.569498486489562986e-03,5.104762438222798862e-03,5.429966623551536406e-03,1.304875359472640502e-03,5.900964419006980884e-03,6.108194543974705508e-03,2.286644325849549169e-03,2.648971319252107354e-03,9.023277371571856303e-03,3.492836351417722210e-03,2.544377690482579543e-04,3.399069929559876690e-02
4.800440386207077172e-03,9.792158796293559762e-04,4.210539249158225424e-04,7.713383269130608512e-04,2.798074802921009414e-03,9.333508213353169242e-04,5.124478819349991736e-04,0.000000000000000000e+00,2.290402103072401718e-03,2.326842861252999446e-03,0.000000000000000000e+00,3.703437362740437909e-03,0.000000000000000000e+00,1.014216719103844255e-03,3.966892664748313327e-03,0.000000000000000000e+00,7.787921877720141038e-05,2.988536163029636636e-03,2.960640948715492944e-03,3.489558909715587826e-03,8.688826420219971855e-03,5.313025242031615969e-03,0.000000000000000000e+00,2.663332556740138825e-03,2.915142851574196482e-03,1.337216642982986311e-03,0.000000000000000000e+00,0.000000000000000000e+00,0.000000000000000000e+00,5.039885970108418968e-03,3.204687983537901630e-03,2.465268407397005514e-03
2.516595284209573787e-03,2.801155260472521641e-03,3.037370532845062518e-03,2.193999767919533467e-02,1.862117392715849796e-03,4.481668284057190380e-03,5.456128097005002314e-05,7.521569323014091688e-03,3.429280211155209465e-03,2.365799908177711013e-03,3.537186149921663081e-03,3.579664482464344714e-03,6.832101342829553954e-03,2.302242996415626575e-03,5.306729512709082268e-04,1.044627571381012178e-02,3.121133401047145040e-04,1.893402160936604600e-02,3.325279636031946290e-04,3.199943312099212157e-03,2.715010364470008767e-03,1.072506414431032874e-03,6.679288984969811681e-03,2.202677744723306567e-03,6.869132062130560261e-03,3.989645415526418826e-03,2.526927269172658981e-03,1.835887937982824333e-02,3.750916841493187603e-02,7.167877818755436295e-03,5.572125982954835403e-04,5.974116749898381908e-03
1.483686696404209809e-04,3.516638454860766989e-03,5.976445406654843848e-03,5.287255700486638565e-03,3.221146490662730750e-03,4.100867459743392021e-03,1.425335792678659487e-02,1.444592050880630189e-02,3.496897037702769405e-03,0.000000000000000000e+00,2.416886512753787380e-03,0.000000000000000000e+00,7.207794400606329366e-03,2.160605454143958021e-03,2.873072638191935448e-03,1.234410259214712043e-02,1.968381764209431797e-02,1.222822395052333005e-03,5.156712883771804798e-03,8.042793385073224513e-03,1.227045942104726221e-03,1.945265895799392052e-05,8.470605343886612737e-03,6.513995638078711251e-03,6.285695232495165478e-03,5.837142676391666660e-03,2.342422919150964275e-02,1.991240709091076852e-02,1.390229866909380683e-02,3.987744181156530087e-04,6.712397612797999565e-04,7.709316681103663832e-05
2.568014778274990001e-04,1.232465537613935003e-03,4.780705725380716108e-03,9.708256632040826103e-04,2.127993240859457277e-03,8.326019044759604484e-03,6.449796898179376405e-04,0.000000000000000000e+00,2.882757232637701752e-03,3.338675351295142951e-02,0.000000000000000000e+00,3.862640928281082728e-03,0.000000000000000000e+00,2.441494555075865262e-03,3.665153944696333300e-03,0.000000000000000000e+00,9.802072784555699106e-05,3.761446178999022522e-03,5.471634337245283308e-04,4.392045908534493968e-03,5.624874924995370423e-03,6.520058899044757494e-03,0.000000000000000000e+00,3.352136806267766445e-03,3.669071526032370752e-03,2.680304587455635892e-03,0.000000000000000000e+00,0.000000000000000000e+00,0.000000000000000000e+00,7.909629244102784479e-04,7.185244725055843842e-03,3.102848326188553663e-03
4.949662489283327901e-03,2.043338367124964122e-03,1.648957531084423341e-03,4.085341382822933222e-03,7.390154246301443124e-03,3.898575254320258907e-03,3.110738673004093471e-03,5.097691250792465469e-03,3.423600322460118670e-03,6.963652668154999073e-03,4.844478202359113993e-03,7.951880671487365423e-03,2.447599781363100045e-03,9.281298598950632472e-03,7.741637218638145780e-03,3.760351919857072341e-03,3.935396809111724528e-03,4.654054586912239645e-03,1.475257168296389629e-04,8.554207028348616293e-03,8.109301059156373559e-03,8.554658418245857793e-03,2.533279383139751522e-03,8.946889918252374715e-03,2.947468706681450820e-02,2.205410680736563135e-03,1.047239073417572741e-03,6.211095036948433706e-03,4.304937857025747244e-03,6.374011062897176789e-03,2.601410889006069461e-03,4.294355154906430265e-03
7.189581797504536811e-04,9.634610914242896715e-04,4.692278609573490022e-03,1.183794184737749786e-03,2.650316047599045148e-03,5.271287688126083393e-03,8.224653588879116649e-04,4.499339154728254934e-04,2.159972142315928594e-03,7.218743684365043489e-03,7.260856157460600542e-04,6.864488631720435698e-03,3.288788569308062127e-04,1.639835447364358309e-03,9.930855718746122232e-04,4.985542883262022258e-04,6.632940020848281147e-04,3.209906004866114673e-03,2.797868251432347828e-03,3.575288652553186217e-03,4.072717416883445303e-03,3.761747397630584022e-03,2.879204439330591446e-04,1.563696638400448313e-02,2.928701105214081071e-03,6.310309922114972978e-04,8.766777924392384915e-05,9.713208060096689645e-04,6.419308424830853311e-04,5.646922336143653243e-03,1.338469983040287310e-03,2.484675923417107527e-03
1.952371479899836287e-03,1.030023556631324069e-03,4.097183632241340780e-03,5.460675506061737558e-03,9.480469396911541877e-03,2.401890514573230221e-03,4.021786233513773706e-03,4.923633301686980261e-03,1.385203008386159387e-03,2.156463211912289756e-03,9.675584674464731555e-03,1.939257689450529657e-03,6.553353943262086104e-03,1.276423842573666707e-04,3.358387301357577785e-03,5.455686740400874681e-03,8.075425805166370000e-03,3.159772975940376184e-03,1.854295967514566455e-03,5.223146707604888438e-03,1.150566195295867804e-03,3.486049059313896421e-03,3.150717554811509596e-03,5.375091949940312419e-03,3.728018695092632367e-03,1.620745499023804742e-03,9.593497678802920866e-04,1.062917753613861101e-02,7.024658432579506534e-03,2.807927759873236808e-03,4.701939086695606455e-04,3.239603799972629126e-03
4.912788029400001061e-03,1.471891455025716063e-02,4.547827235540417845e-03,1.083796837962505699e-02,9.140011412445782357e-03,2.823915303399580391e-03,3.310988788752317752e-03,1.886729482498505917e-02,1.443439801635058167e-02,2.971628968641228021e-04,7.498155048850478621e-04,2.825798250339607793e-04,2.602119804615787152e-03,3.029658053700651308e-03,4.724936557584810356e-04,4.616217327558489597e-03,1.914685324874119965e-04,4.444111040790040337e-03,2.465780258782357404e-03,1.291930210999961588e-03,8.393834977463226002e-03,2.351294408968127025e-03,2.004928981623484846e-02,1.017384525051175104e-02,8.208816022665394591e-03,9.959304488205145134e-04,1.384135928830442994e-02,1.667270581573220348e-03,1.289286103818916736e-02,4.762716692882303137e-04,2.804007263666814798e-03,1.661328805601949843e-03
2.108301110040428084e-03,1.098482177671257498e-03,4.283406431717918378e-03,1.889736324830940725e-03,2.891144036241643806e-03,4.946759000901080651e-03,1.342267291408709299e-03,1.084895126725258108e-03,2.343726642706194657e-03,3.303634134769813102e-03,1.750760987378345178e-03,7.131404384666374316e-03,7.930032764750637869e-04,9.316671751091942441e-04,2.879901618618024677e-03,1.202130133365648208e-03,4.328943008610126528e-03,3.315426597201581380e-03,1.229885009931186955e-03,2.229199970299794442e-02,8.926810832637403770e-03,7.667285427429526914e-03,6.942430338448546401e-04,3.207557147380570191e-03,3.415985098267804772e-03,7.179137085516475343e-03,2.113873686819304988e-04,2.342079964830711802e-03,1.547844291694877713e-03,6.737800231644969218e-03,3.501256923020711412e-03,2.907968111003928630e-03
2.662291326985160959e-03,9.654115799662601333e-04,4.455813162606773840e-04,1.378651181975140000e-02,2.437969087608110336e-03,4.594811749263436745e-04,2.275032008381838809e-03,1.404282564575206433e-03,1.966044702763585297e-03,6.014764440993545201e-03,2.266175843867070019e-03,5.719593870205159913e-03,1.026459283826201005e-03,4.048383567613767636e-05,9.642917664037718023e-03,1.556030942577322964e-03,1.907822135538087688e-03,2.898375326090460533e-03,1.713952938508904195e-03,4.966393730867239495e-03,3.393448634329828111e-03,3.363866062881478314e-03,8.986245435066962401e-04,1.676817822295916839e-03,3.062749753245609576e-03,8.546138060702749249e-04,2.736187018440175769e-04,3.031576028348759340e-03,2.003521536745577532e-03,1.152187229117889941e-02,3.758913686221563091e-03,8.558297403147946750e-03
4.541513644327506774e-03,1.412500155853095530e-03,3.952653341350810881e-03,9.585450263517033631e-04,2.536022148939222690e-03,6.871680169167422927e-03,7.585006466833472310e-04,2.794548703772134425e-04,2.753292731334553746e-03,1.281743056266636260e-02,1.790414634181953471e-04,2.143084855466507489e-03,2.637729127762490156e-04,1.256453283738764512e-03,9.321837346715992206e-04,4.359064351281521617e-04,1.550354660761900209e-04,9.029786819931488739e-03,9.570758813354108413e-04,3.602292757640413075e-03,8.314725562886723584e-03,2.777012095247478017e-03,5.125431188568636571e-04,1.697411434568862898e-03,3.153779008824545479e-03,1.534850945617976647e-03,3.550275177546977317e-04,4.508106703587138535e-05,1.741159051892436247e-04,1.227791455539894647e-03,2.146779177135339084e-03,2.673476486203143002e-03
9.957238167154682656e-05,1.177886401617587878e-03,4.616427884398198109e-03,1.276139167179533851e-02,2.812255724625172849e-03,1.346173601972358233e-04,2.252304850611859706e-03,2.312746703195684914e-03,2.273965036671164123e-03,3.774561264871641609e-03,6.731342557793965065e-04,1.060467355517027803e-02,1.690514404465318175e-03,8.484467910459900925e-03,6.087135554009831528e-03,2.562694334876338808e-03,3.109189659652975956e-03,3.515521066937340403e-03,1.412474268073523470e-02,4.926449430642912235e-03,3.707754580438360741e-03,3.933330398180239287e-03,1.480044545786308313e-03,9.150661176791875448e-04,3.817112126937529607e-03,1.066321634745998059e-02,4.506996407747290018e-04,5.316635372468325391e-03,3.299595146229277170e-03,2.510662274605657100e-03,2.610558259257953016e-03,3.268864592276596922e-03
6.919407848918108801e-04,1.229311785340706994e-02,8.288396616581535786e-03,1.633163596066981513e-02,8.125021881710917451e-03,2.985740423899474298e-03,3.377227632754980363e-03,6.691192800699324872e-03,1.131375691376888294e-02,2.797200000000000120e-03,1.421095237349946638e-02,0.000000000000000000e+00,4.178928110653064992e-04,4.954103894581005259e-03,2.769189879006073683e-03,2.331649747691167535e-02,5.408694836688184363e-03,1.547983709894134273e-02,4.681363902542542456e-03,1.035693445223058104e-02,5.722523052447360016e-03,9.072055535881150853e-05,6.851514484783778614e-04,1.083146169837517249e-02,2.386199373298583670e-02,1.599271905861138904e-03,1.624783813507001476e-02,5.513441735016770540e-03,7.926700903548646038e-02,7.030686218332998566e-04,8.543898194890597224e-04,9.340082248972940773e-03
8.696754132968675249e-04,1.385107316120063941e-03,4.587869025439216333e-03,1.202297074473925378e-02,8.541384967426932789e-03,5.945699061849227599e-04,9.072132170212013867e-04,5.165884497906563996e-03,2.307693288112933235e-03,5.646182237149578211e-03,4.960571799023428576e-03,5.270626986015700122e-03,2.348268544201651768e-03,1.466819311436284162e-05,5.178239246066624821e-03,3.579796094006157132e-03,4.061645126105666720e-03,8.739953393234784970e-03,2.887363578135010347e-03,3.758111501096824368e-03,3.259450625598249093e-03,5.668780662169949948e-03,2.212120531461514699e-03,5.325013946254708239e-03,3.944809906448617197e-03,7.409303334660779020e-03,7.839891860038670579e-04,3.781189549780713914e-03,4.394415160842341656e-03,9.768507249961599220e-04,1.681030474178805620e-03,2.193834817354383803e-03
6.003725629168323898e-03,7.752323836902420611e-04,9.651121255699012663e-03,6.106584485035028171e-04,2.215199165308786352e-03,4.446759227582893284e-04,4.056982748072414336e-04,0.000000000000000000e+00,1.813281339602093980e-03,6.316257882076140029e-03,0.000000000000000000e+00,5.963399492146447163e-03,0.000000000000000000e+00,2.116845728596072375e-03,1.163705221196384594e-02,0.000000000000000000e+00,6.165595724962723973e-05,2.365984928968771495e-03,2.343900653237367734e-03,1.872119261257360577e-04,3.538099089168664918e-03,6.411512173168419128e-03,0.000000000000000000e+00,2.108525494197455944e-03,2.307880405778177987e-03,2.083918848597850551e-03,0.000000000000000000e+00,0.000000000000000000e+00,0.000000000000000000e+00,7.722612581197618904e-03,2.964982038657665298e-03,1.951720701900811449e-03
2.158923664440922513e-03,1.384691269791376786e-02,6.121050802267592912e-03,1.127605459710674142e-02,4.202697239194893956e-03,3.550187109794687018e-03,3.118552881343814899e-03,3.561729001778760756e-03,1.003683803852339212e-02,1.377429236467062404e-02,1.092256162984842072e-02,1.531301875976784702e-03,1.085269501584961403e-02,4.898587455773761867e-03,1.488390088167096045e-03,1.722338291444850539e-02,8.079118580461864055e-03,5.026250490916047732e-03,7.874356334861732851e-03,7.113262491879730927e-03,6.013474823279182230e-03,1.727299780173997086e-03,4.879296244755680981e-03,3.575538959545010789e-03,8.115114258434811406e-03,3.783942318021650021e-03,1.804008535470479069e-02,6.033965264691680541e-03,8.610994607491871677e-02,5.515722935626953330e-03,1.463024106092265016e-03,7.125461970976783820e-03
4.884853307022119298e-03,7.203088041359295181e-03,4.775879774791633864e-03,4.296148277839855791e-03,4.961905705125283644e-03,1.469911235270023910e-03,6.536674192148627868e-03,5.264577940326880048e-03,8.273014204284556694e-03,1.781096573356746871e-03,4.365168719453064831e-03,1.395578486034546560e-03,4.752019442291193808e-03,2.835125914734479974e-04,6.765798461685583812e-03,1.724875788472563301e-02,2.551015347472715758e-03,4.508118901712957968e-04,1.434486792530118016e-02,4.248987875348990417e-03,5.373858484180980485e-03,2.026988388867261709e-03,8.437972622812475385e-03,7.492750919127688300e-04,2.887046536174583261e-02,4.023767360067418732e-03,5.591495338360365913e-03,2.886118817313202377e-03,4.099626828449457784e-03,4.203081183232938375e-03,1.920054874623060640e-04,1.189839437171519645e-02
1.530346758111247798e-04,3.142478805643618422e-03,4.568832454634237476e-03,7.672311212172804734e-03,2.713866750952824338e-03,4.414140986961575391e-03,1.224933116796100320e-02,8.352257902266240971e-03,3.116482013632464361e-03,6.643818436588877834e-06,7.629147434368343562e-03,6.317777458695086315e-06,3.772223960482355871e-03,1.727765381108469032e-03,2.959866041871975738e-03,9.854995925653373470e-03,1.386862137245260633e-02,2.225790251758728508e-03,5.662978679955963865e-03,6.092490798955477183e-03,1.216780407469895053e-03,2.602301284264417906e-05,7.017795624587107144e-03,5.101767225979657837e-03,4.934831936765411535e-03,3.405921541036454475e-03,2.387828017038239395e-02,1.511019444224177138e-02,1.072011093128176148e-02,3.074506029280243123e-04,5.134708410422280777e-04,1.259104495374621137e-03
8.032491586525518368e-04,1.310829382242602488e-03,5.217401890798911181e-03,7.097461632331097427e-03,2.279048443433528276e-03,2.911559181768266433e-03,5.229143152254450699e-03,6.422748283598238468e-03,1.730219886505473485e-03,3.199553079541902958e-03,5.959487986068567368e-03,2.277330907410882264e-03,5.457576975347344130e-03,2.919600170154276145e-03,1.366688067190596637e-03,7.116797799656096775e-03,2.942201011862890722e-02,1.462397649195979615e-02,2.319682620456268822e-03,8.052722992704503674e-03,1.351145838855402452e-03,2.448458275255020310e-03,4.110026991720712626e-03,2.795829785156786484e-04,4.765428354070792155e-03,2.428953775261346627e-03,1.251446177543796747e-03,1.386547851825285782e-02,9.163479513239806973e-03,1.206781774126127653e-03,4.239133809617985464e-03,4.143377307019676346e-03
3.397014465785727112e-04,1.635542612372209784e-02,3.015116533189478223e-03,8.614209346019243915e-03,6.854510245313130343e-03,4.281997258625792717e-03,2.133599926196812734e-03,3.236642054758775283e-03,1.635091652197480719e-02,9.973778034195106366e-04,9.717077186274640857e-03,2.278396783785296021e-03,1.964367430927504987e-02,8.784384182240924724e-03,1.120566696139417518e-03,1.781921600176421261e-02,7.343563131517356901e-04,1.367725697788507722e-03,5.556041115712031381e-03,1.770627425308525472e-03,2.362499574537466757e-03,2.971713864058610211e-03,2.090571386858738889e-04,2.284025740252011022e-03,7.133844321637610071e-03,5.077054146230615406e-03,3.989839895062456676e-02,2.875185719457731826e-03,7.614591027236389774e-03,3.893696353977511241e-03,2.175461882303666820e-03,4.877971525465431626e-03
5.041067599808958348e-03,5.916632352132896594e-02,4.854039714174062867e-04,1.476349301498045864e-02,2.135644231579864397e-02,7.111964040694448812e-03,2.058733712614585487e-02,2.475558540716350786e-02,1.996938943346459605e-01,2.597102385823604840e-03,1.586043654594355978e-02,2.469651310866328130e-03,2.336639494425201899e-02,1.408741807818082205e-02,1.282813144787613808e-03,3.861488965921794358e-02,5.010688265203165973e-03,1.523698542495061092e-02,2.025690156319275709e-02,1.198219535716049580e-03,2.259338777353377473e-02,2.990179898158579989e-03,4.540377105107573641e-02,4.576632385624257102e-03,1.426027159310395281e-02,6.056997904533306491e-03,3.145020885056051124e-02,6.315761462476683283e-03,3.457589536428645749e-02,1.106259251893056605e-03,2.317770876980874018e-03,1.262644013995739209e-02
2.580739268295982949e-03,2.164534628371741435e-03,1.419962098667067012e-03,8.051234525332334052e-03,2.765326003878748259e-03,3.272706371124186730e-03,1.576695806837510351e-03,1.015548086404926414e-03,2.606248813182718456e-03,1.239920410056366508e-03,1.922830730850887127e-03,2.509036773063843921e-03,5.461867070602904189e-03,1.202153163394649449e-03,5.651698510342304145e-04,8.348175012513751533e-03,3.272341565188017706e-03,2.019819484351751543e-02,1.277093341713480407e-03,1.237469225856112180e-03,1.941295408842916336e-03,2.704751820971974894e-03,5.316156126030010046e-03,3.718696403542011940e-03,5.360663593444279715e-03,3.763556066852731183e-03,1.996326076546218672e-03,1.473822081541432960e-02,3.998581864926762514e-02,7.034472638220233554e-03,5.701693147673846107e-04,4.665335136957592457e-03
2.271567371893087070e-04,1.131259431199345238e-03,4.532252329813983051e-03,7.476857579483094270e-03,1.639984261624808119e-03,4.493808932646814122e-03,9.569011144595299806e-03,9.692345909706710783e-03,1.195483625021301431e-03,2.372750757637042372e-04,1.960970721000912867e-03,2.256309589850493227e-04,5.097876945484841778e-03,7.283882456878454544e-04,5.770404893710547652e-04,7.727977518072793456e-03,2.478033291901011320e-03,3.214026151058839518e-03,1.635607605907483551e-03,8.518719289683559376e-03,1.338673841195093367e-04,2.425857335369645913e-04,4.462989828406374419e-03,4.490105423161779366e-03,4.304964273481887843e-03,3.481439101609489720e-03,1.358918462683305489e-03,5.562335377240979623e-03,9.950425129270898394e-03,5.167520034111888544e-04,9.870541664370297529e-04,3.763709219683216995e-03
4.042195374010126743e-04,7.498559260301669452e-04,2.999922169923938554e-03,4.760291782638318564e-03,1.134399559148596259e-03,9.793139925435880022e-04,3.515835133600267275e-03,4.415637749451702988e-03,8.355414644689663009e-04,4.222248591379613092e-04,1.684787870744561614e-03,4.015044545576264669e-04,1.848532909891891819e-03,1.097949601162667146e-03,5.692936329944758584e-04,4.892796608521427296e-03,1.167553239172894677e-02,3.997460875299118331e-03,7.409799237654072536e-03,1.114702125259388766e-03,2.382135469606425809e-04,4.316750372615068307e-04,2.825642471814272718e-03,6.240046563660904370e-03,2.825692091235756237e-03,1.101710764395311473e-03,8.603689166958314663e-04,9.532512820992686958e-03,6.299889746312852153e-03,5.698242867122729803e-04,7.019367386892832539e-04,3.119029232242959398e-03
4.389364090611211008e-03,6.622444270585935502e-04,1.638092714087864641e-03,1.478079873060453124e-02,3.895352372239238928e-03,3.914668764899183542e-03,7.739723387192322911e-04,6.042289069532630905e-04,1.423330436590677017e-03,4.584881390888706672e-03,9.750807904660527704e-04,4.359881381258716784e-03,4.416606648434386268e-04,5.697034950176694396e-03,2.035426275653199387e-03,6.695225728330255659e-04,8.405224544387755780e-04,2.000482842232691617e-03,1.847661093506680272e-03,2.550517748994736000e-03,2.586727983632471951e-03,9.240080430949808299e-03,3.866564603033971568e-04,2.663508881700901287e-03,2.052707428691806849e-03,4.116433518268243497e-04,1.177315259106653599e-04,1.304414023333681392e-03,8.620669790707702947e-04,4.357916306037489494e-03,2.423913683992906347e-03,1.746591879319310103e-03
2.049428795702939576e-03,7.321046078103687904e-04,2.900958404657437689e-03,3.370565333006817280e-03,1.416354514263620063e-03,2.207677409869187105e-03,2.475991546945516958e-03,2.958722887354836312e-03,1.097036452422743818e-03,2.055082631060703869e-03,4.035899641510996144e-03,2.035663085619425234e-03,7.989603731984719001e-03,1.844777470280459242e-04,9.424356762747056540e-05,3.278445862231798603e-03,1.914802128611886936e-03,2.133163382855629998e-03,1.456365467476103881e-03,8.257513749868349018e-03,1.207763745925390184e-03,2.188630607610148396e-03,1.893337616718421268e-03,2.590761779519511459e-03,2.577071018837279615e-03,9.975235842801125161e-04,5.764950274086078292e-04,6.387313782924476484e-03,4.221276526259972600e-03,8.285347005349459355e-04,6.433316256383049027e-03,8.941587746137256987e-03
3.986729471640643695e-03,1.343173137157403513e-03,2.967350080170660237e-02,4.016165738878254080e-03,8.928531088505095581e-03,3.964452453940565078e-03,4.522800557271168878e-03,3.479425074141720940e-03,2.032267594876499116e-03,4.140713918629603668e-03,5.401934313866439512e-03,1.680468867252302156e-03,7.562381641457286557e-03,3.578542655282350177e-03,1.018910444300920488e-02,3.954319507352103448e-03,1.476190228312147454e-03,3.149001788813943215e-03,2.479161822398892167e-03,1.206303367165234564e-03,2.522974642258360087e-03,4.236352821196878379e-03,2.487968168407015020e-03,3.568117228490127416e-03,3.613255076763264694e-03,4.166839220433784380e-03,9.134162847210621676e-04,7.074122992247131210e-03,4.788236806090258313e-03,2.216661178791063964e-03,1.201559037086030908e-03,8.054971494526552700e-03
