4.662608791254690965e-02,2.193217611992355834e-02,9.186089618905199372e-04,2.559320338697794461e-02,1.998341659441090976e-02,2.381004989685467019e-02,7.028933574238527271e-02,1.882887152989173862e-02,2.491601557960305968e-04,8.774376794314760197e-03,2.455960303504346742e-03,1.978819500495335865e-03,3.537265042380367125e-02,6.333924631440832065e-02,1.651801478151566915e-02,3.414702439508839060e-02,6.097691310827949018e-02,1.182049107982548891e-02,3.953924550688167616e-02,7.746969925596883244e-02,4.390006454437225814e-03,2.377300634022760581e-02,5.178658316556142976e-02,4.243711929972970864e-03,2.948133090805120024e-02,3.458798543163937866e-02,3.398326657124598610e-02,2.218098088195121637e-02,8.543592731832923282e-02,7.218585074805811130e-02,5.959283773640706994e-02,1.894423177568134789e-02,4.111269000513762678e-02,1.866386955018913343e-02,1.931208280527197882e-02
5.560685645059222637e-02,7.477323796227206693e-03,2.660835935130482707e-02,3.504375507815328528e-03,4.694861274763115211e-02,1.887120147579872745e-02,9.508389138894528247e-02,1.444615367834879531e-02,5.916392189006386415e-04,1.390528383768027156e-02,3.302726340732562577e-03,2.713820638717711134e-03,1.199433074432488047e-02,7.891597334274935704e-02,9.510586756023930652e-03,4.388415757908173398e-02,2.461583343146972469e-02,6.995601646165834110e-03,3.171175287237816554e-02,4.378982636712332177e-02,1.647915584194951238e-02,1.625272115378256083e-03,7.672605205992784339e-03,1.055868185165276946e-03,1.836494920114529680e-02,1.048579926440647292e-03,1.991135956878976529e-02,1.297474103925514224e-02,5.123255461241596476e-02,3.173074264794806948e-02,3.440762727062139648e-02,2.329144693560125656e-02,4.015942187378174211e-02,1.196604494065153963e-02,1.288302097531061029e-02
4.780715048826872371e-02,1.268016570757016792e-01,2.730731169415880066e-02,2.166668279470218214e-02,6.856178986830592514e-02,4.666318314472686635e-03,8.664529589078408256e-03,2.471326099758002284e-02,5.413698020981773384e-02,4.643015697456385343e-02,7.614977593197258532e-02,5.896167455087467091e-02,3.435336656003082356e-02,1.847185790893485918e-02,3.410471881431810515e-02,3.249583498398198739e-02,2.014152006302101505e-02,1.139128158878999209e-02,1.357861284817482583e-02,2.303113319942141565e-02,2.903545609036875530e-02,1.018865224524740931e-01,3.762749769674646194e-04,2.799160333512611121e-02,1.163248803726518732e-02,4.125570826223504128e-02,2.311149845928386209e-02,4.088529031521455359e-02,3.133261561601749512e-03,1.159891959340190321e-02,3.467456602985613534e-03,1.015718445505731440e-02,1.828002110070488587e-02,7.037178851940741053e-02,4.284332884947336662e-02
1.190087384125369276e-02,1.242808882583040613e-02,1.501380775870976916e-02,1.433999944105262582e-02,3.657456752476226369e-02,1.539898659236811455e-02,2.621684230488222772e-02,1.515255440647198491e-02,4.646729663831013213e-04,1.899843177433176850e-02,1.229581449528272322e-02,2.992887647605331838e-03,5.227880735564471859e-02,2.063985766638647135e-02,1.232829266975239008e-02,1.332085285224533094e-02,1.069728769815794511e-01,2.750201391319451530e-03,9.295804326827264430e-03,9.311156628338755278e-03,8.986048058063467181e-03,1.327749802529120185e-02,1.505591847355657875e-01,1.434059589334478468e-02,2.091998519999005435e-01,2.377993842619630094e-02,1.348116089075876087e-02,1.541127883467198999e-02,4.629532170391011808e-02,3.286894329327630371e-02,9.925421719945168308e-02,4.048194714191544891e-02,1.423208257091223838e-01,7.830321704236984162e-03,1.230313379959798760e-02
5.328155804359417658e-02,7.770305620960493015e-03,1.793518796903669638e-02,4.254392507618384028e-03,3.132614493263021632e-02,1.619599917863613278e-02,7.085161050683234929e-02,1.503449728510028276e-02,3.835542093298434027e-03,1.482560869278520474e-02,1.686842840525833859e-03,2.484874501428119276e-03,8.136095747148812743e-03,7.662182967162428637e-02,1.121545242663921776e-03,8.181505976537462033e-02,5.635787412599135154e-03,1.102214833768346697e-03,2.871355822445901401e-02,3.394687847002220149e-02,2.010061284155829908e-02,3.186904142744865359e-03,1.762758565847606998e-02,6.742591612855664690e-04,9.271178902430329827e-03,3.760929038200046953e-02,1.920811260113582455e-02,4.702112330183609232e-03,2.113295368760799084e-02,1.036828276389571007e-03,6.475317670629390093e-04,1.820641623783580965e-02,1.032196445839255253e-02,1.359157313577286433e-02,1.512021075470039617e-02
1.494980452616951130e-02,1.393391234650022681e-01,2.249113072337943081e-02,4.997819422603420186e-02,6.922148370673814055e-02,3.871978201372309331e-02,1.281329406329381228e-02,6.897286031083679769e-02,7.211353329827926983e-02,2.718194029973194231e-02,7.057206145155971166e-02,6.318215167919026543e-02,5.581201781147932840e-03,3.347134405767244331e-03,3.331948587784213517e-02,1.471455711705526095e-02,1.544562986318501717e-02,1.789138312561932079e-02,1.197249934627259843e-02,1.706827289333105388e-03,3.662094827117287621e-02,1.243493364600520845e-01,1.632544527680810514e-02,4.643688881979162603e-02,1.269246510280228578e-02,1.692886306264009683e-02,4.454342685665749896e-03,7.058291915115796900e-02,6.701514111742714469e-03,1.072432210898319888e-02,1.026519404616926638e-02,3.618647471628020501e-04,1.187801400493357189e-02,9.745143584977936091e-02,7.256999328922593417e-02
1.174150096704649864e-02,1.284204870417669959e-02,1.386735962391812474e-02,1.523223196350299499e-02,2.144538950547404330e-03,1.538149069387879583e-02,1.688396538191250240e-02,1.041068016568721423e-02,1.546838910498287908e-03,4.751870089342488321e-03,7.158142646506086663e-03,5.307088997508287512e-03,2.371493699680955053e-02,9.271431474202340706e-03,1.145364777321364498e-02,1.445219485059660164e-02,4.051358940263730113e-02,5.162621744513821304e-03,5.525009190173736998e-03,2.602878762312740152e-03,1.014305907492560332e-02,1.425799319037779518e-02,4.762428624085066758e-02,1.133242508362648088e-02,3.144229348783185440e-02,1.825495534383250046e-02,1.096507114425547200e-03,1.561119763946516165e-02,2.344961782327271288e-02,2.712844867186916739e-02,3.616309127539421575e-02,4.376680339562002628e-03,2.470617260671042342e-02,1.007295149632535247e-02,1.221905729127303018e-02
1.977204536668759893e-02,1.814255341984774214e-02,2.964219115397701693e-02,2.299656292345856126e-02,3.353177120737982700e-03,1.990451941065310426e-02,4.104176388270236453e-02,1.841291428140252179e-02,1.559781142991343780e-02,1.798064080465464065e-02,1.256116034359376285e-02,1.258977053822293510e-02,4.051336344979032320e-03,1.396350026571939462e-02,1.521920050041109841e-02,1.671386108900907441e-02,1.676224811560139000e-02,1.040096209015685738e-02,9.979370943155967816e-03,6.634746643514450454e-03,2.197903424954007062e-02,1.895639467819552546e-02,9.543096211642478760e-03,1.604724975876173701e-02,2.937809376132248518e-02,1.668773177306433556e-02,1.434654315822993589e-02,1.867385572171036123e-02,1.703548113715310300e-02,1.211334902258720189e-02,2.629992334556353201e-02,6.577561707668461155e-03,4.653088148738460800e-02,1.687017898729851334e-02,1.890699415927205723e-02
1.368575057848873608e-02,6.107109301400454049e-02,1.088692079152946135e-02,7.277989015975054946e-03,1.985715951066882590e-02,2.044882723879547504e-01,6.004417291183516275e-03,8.571591404776812695e-02,7.320090887442858019e-02,1.035907032279626515e-02,9.773045327583057204e-03,1.173640605476231752e-03,2.621055026188930104e-02,5.134071162809490316e-03,2.255431759884258397e-03,9.582277728696717706e-04,8.878513138534051621e-03,4.481518486354320319e-02,2.517697976092592854e-02,8.436768192384414694e-03,1.904718708535247523e-03,1.276748668781800371e-02,1.118716429157222240e-02,9.804553869572608937e-02,7.082637968554974205e-03,6.964634680091187635e-02,2.863249204370263770e-03,7.229357382692536138e-03,5.086092220872681646e-03,3.708697303210200386e-04,9.776440636389154004e-03,2.057239219170494543e-02,5.540573152284315392e-03,1.250021562396035589e-02,4.536335339579015968e-02
4.962312433114335342e-02,1.879181707958613862e-02,6.061391301130405335e-02,6.404946044162819485e-02,2.993867681254595500e-02,3.348319690307890312e-02,2.073760166572892472e-02,1.828120468344231891e-02,3.290654891316728559e-02,7.320401161373871202e-02,2.580241691676523827e-03,2.311163633108413717e-02,4.654876234940095309e-02,2.942095056450118318e-02,9.718797240560222983e-02,1.709861372113202424e-02,1.381368207845822156e-02,2.124699944748540542e-02,2.435379263774844344e-02,1.015181506203123238e-02,4.913630848300772069e-03,8.775549993992205061e-03,1.977650120401058115e-02,1.507142900823347197e-02,1.554425070877904491e-02,6.633590792506912498e-03,1.277241844037539306e-02,4.543890953176751846e-02,2.239490299770172457e-02,1.607674927015359870e-02,1.266248152587020649e-02,5.615764357385099464e-03,7.920007502959465484e-03,1.764333970045404293e-02,5.794473199331254265e-04
1.955222257011283646e-02,1.320692162205449049e-01,6.293226272358586060e-03,2.493625323133644503e-02,6.370978192561793652e-02,4.722499054839290888e-03,1.967183748169340496e-02,2.861901178675456750e-02,5.693915480657531919e-02,2.312297800721383953e-02,5.096492876597437383e-02,5.347558709835611990e-02,9.401729842496910072e-03,7.567687453502217575e-03,2.550949698494489951e-02,1.752481295170105202e-02,2.149256074697976013e-02,1.452219568761653479e-03,5.940975071133117874e-03,7.032322203983538966e-03,1.250934003425458949e-02,1.039752546260811206e-01,2.371767893481762854e-02,3.007771385220253321e-02,1.936267008588696617e-02,1.602649704257663732e-02,2.120405933484649508e-03,4.005491286654961486e-02,7.856118415008776085e-03,5.116226289247439996e-03,1.150234611219309866e-02,3.088890776159205001e-03,1.802399095552995045e-02,7.084681987782745494e-02,4.469109600361272083e-02
2.381032786922271383e-02,2.875615657384529913e-02,6.926826868602214970e-03,8.128979887644174895e-04,8.314094936955934018e-03,2.442600925855870769e-02,2.256970311456847622e-02,2.012440240729164095e-02,6.166440988640392237e-03,6.430565307456569818e-03,5.542181441381664742e-02,3.364994656040486143e-02,3.157872749409127572e-03,3.887617497016441354e-03,1.491571483170767327e-02,2.374172843943597039e-02,1.305668488367963884e-02,1.914344805198625599e-02,3.322951841368063097e-03,1.255374009001733460e-02,7.119776247308761546e-03,3.504440454124541082e-02,1.335292693426053286e-02,3.157830047287051023e-02,1.269616687082278719e-02,1.520278820971732690e-02,3.050735691517550419e-02,2.382657644216201048e-02,1.360621459233162314e-02,4.050080630213118843e-03,1.064387370856300502e-03,7.187240233893041341e-03,3.240617477693906456e-03,9.178973042070159849e-02,2.831237170305004464e-02
1.789281586881807593e-02,1.235106513540314144e-02,8.830051752419926930e-03,6.764166910168345481e-03,5.373030391649807197e-03,3.963061732808106918e-02,1.641857183429895617e-02,4.687303869766948350e-02,2.045973038010311801e-02,1.165404841620840820e-03,5.293649193283400667e-03,7.621135539927629751e-03,6.584528896266413599e-03,6.304410946757994794e-03,8.225591463786419838e-03,1.487576434384153476e-02,1.179148000495813114e-02,1.041647798316780102e-02,1.679621012870372368e-02,1.089096770585775732e-02,6.986093244862247309e-03,2.708410455899000480e-03,1.075222837867248309e-02,3.710083569452936325e-02,8.264411335246203347e-03,1.542450938387254430e-02,2.037749470867544765e-03,1.198486535062011880e-02,6.089873126849561225e-03,1.829931469472702299e-02,2.089556036379345075e-03,2.203454077426119512e-02,1.399474656053682591e-02,5.958682451194345642e-03,2.985862982911448998e-02
1.653103623844016240e-02,1.306336079910506640e-02,2.653234313034222649e-02,1.671465692480787399e-02,4.074201511116901792e-03,2.200532961514204203e-02,2.697698529902070597e-02,1.789792916568388667e-02,1.539574868356305241e-02,1.469535886381593409e-02,8.311884403050789211e-03,1.349706743369847445e-02,1.468348467779511876e-02,7.734383789394358097e-03,1.377137886648451687e-02,1.584198368329634010e-02,1.150148584007774921e-02,1.577067385286124584e-02,2.452210691709547086e-03,7.032952646176614253e-03,1.533883091899015949e-02,1.466654957703030816e-02,2.623010239277349942e-03,1.701404103652154678e-02,1.404991983825197924e-02,1.408376308179426668e-02,1.125231639573270534e-02,1.418946847398044366e-02,9.573250182002140951e-03,9.147687311375028024e-03,1.598778321594974960e-02,9.969856621814571218e-03,1.545713043535776668e-02,1.272507831551795456e-02,1.566630483174433555e-02
1.436114882880849646e-02,6.543995628419486954e-02,7.244272114546233127e-03,6.505623781940396422e-03,3.010739594257592910e-03,2.080756513739897284e-01,1.629265294464143574e-02,8.600371663180657322e-02,8.559159733869727005e-02,2.089572911420454343e-04,1.689096946511325914e-02,2.656192519841624536e-03,6.568099670411399124e-03,9.950370658392626924e-04,2.073814178099564823e-03,1.150424123751494360e-02,1.275203768796401987e-02,3.517558612879099350e-02,6.098578901221323595e-03,1.071971884751222667e-02,6.496134603174032185e-03,1.356038122392166749e-02,1.722013980607496955e-02,1.230095699489515970e-01,8.888816497118468690e-03,3.068039339874523846e-02,9.736614501130412547e-03,1.858802399066614500e-03,8.524948737179169345e-03,7.534299401583669474e-03,9.551257180002230632e-03,3.475414530819127823e-03,1.063334490097105067e-02,7.158046421187932995e-03,5.389434787535005156e-02
5.283433612102983457e-02,7.001985445829871785e-03,2.669847020624879080e-02,2.940539628108085335e-03,2.628356426589308070e-02,1.824934125874254701e-02,4.428253182956345957e-02,1.478010138495330916e-02,3.479636526216528178e-03,1.464970735038084206e-02,3.585737713924543046e-04,8.718629849231648854e-04,1.371001143672739495e-02,5.953401155051859378e-02,8.825891274908960818e-03,4.129495540922283048e-02,1.060434817377795338e-02,1.119636117376127810e-02,4.154029972428266437e-03,2.305600380586314210e-02,2.225661716742061147e-02,3.833850935598678150e-03,1.758415288260993525e-02,4.715315524399885799e-04,1.353726149735839240e-02,5.049759326290818168e-03,7.119460164456348911e-03,1.537756674860324760e-02,1.403324606754955198e-02,6.210800721582164508e-04,2.899095773527433917e-05,3.664208090695515729e-03,6.445795707234417554e-03,1.396078047192625751e-02,1.428862768067688978e-02
5.513168728151766895e-02,1.838194562074571548e-02,4.506746009985143631e-02,5.917228083995629273e-02,1.511202981950054286e-02,1.850523399105222233e-02,1.576019044231155575e-02,1.652652345580511370e-03,2.345054371912635993e-02,6.647353836704539276e-02,5.856960195886449019e-03,2.048448910025466724e-02,1.545566788056752273e-02,1.394343174823069360e-02,7.826696315750961142e-02,1.584413591187715242e-02,1.010871837664912253e-02,1.216867670309944652e-03,2.136977608853159183e-02,8.084147078186287166e-03,2.442840967231747762e-03,1.159105741777610374e-02,1.676113304468906939e-02,1.254843442469393520e-02,1.394827748899511201e-02,1.192167676291531510e-02,1.319602555785400963e-02,1.323740268333157416e-02,1.896891915075961388e-02,1.953195527886474742e-02,8.325674718577289607e-03,8.446001743228306879e-03,1.132218036690860186e-02,1.163098105905484986e-02,1.145103304248206236e-03
2.433376911018132402e-02,1.099007048484823383e-02,1.027885850821959324e-02,3.493378989689172737e-02,3.496570389224597925e-03,2.071072688602808992e-02,1.734199511738079846e-02,8.367759968917167640e-03,2.382026476551975594e-02,3.771402262740088454e-03,4.461638367885587680e-02,5.031446728080674058e-02,1.427915764056999354e-02,2.965194615749917190e-03,3.282284564120643844e-02,2.617217660844391516e-02,2.060193755904368013e-02,1.511346156075845520e-02,1.459452147244344293e-02,5.561639411356598256e-03,2.267145377869915837e-02,7.391212841571909165e-02,2.374115990705217769e-02,3.212445310780719099e-02,1.337969632711763328e-02,1.735230272066634258e-02,7.555850551041135704e-03,4.768102752183055182e-02,9.449014818820879527e-03,3.282479523870431015e-02,9.851765502841315636e-03,6.425344369960698729e-03,1.987384235350951253e-02,4.499787592647434831e-02,3.799876259120461841e-02
1.554233388637687313e-02,1.123524662789885699e-02,1.769598348168756330e-02,1.312207845250940204e-02,1.656279658815256600e-02,1.337606912350336290e-02,1.516353340742855084e-02,1.512567665725183912e-02,1.641266092608270263e-02,1.940626569366016990e-03,8.915011328543612917e-03,8.159465634488905286e-03,1.835889229844157172e-02,3.856759423989514907e-03,6.995838485925601723e-03,1.705029934083193699e-02,3.990621633530758161e-02,1.702255072449446877e-02,9.280857623550617386e-03,4.893238920480337192e-03,1.870090415484588695e-02,1.364540491500830510e-02,7.717063100522089658e-02,1.269354558316083438e-02,1.590508480306410122e-01,1.710093245899385953e-02,8.449676744250005089e-03,1.398676910451760944e-02,7.502855294402904079e-03,1.303200825560133294e-02,3.518166098834028116e-02,1.437402510023300106e-02,1.004843385386708782e-01,1.081833797441594282e-02,1.398596087503523391e-02
5.332723625961225539e-02,1.208135006398574317e-02,3.398987843455283930e-03,1.624849194680203987e-02,6.829106761396088257e-03,1.841191849903914268e-02,1.732990489130233069e-03,1.651728038096503259e-02,2.095688292634032002e-02,1.356661604501827219e-02,2.120537887771270155e-03,6.451879650217831608e-03,2.846223527755704225e-02,2.181744075573971084e-02,1.285717163761702746e-02,3.826939979552432258e-02,8.063857545629989770e-03,5.057388978580004690e-03,2.259661842011553845e-03,2.067434583628677269e-02,4.582712977723342462e-03,1.786045527532747687e-02,1.164633304189127000e-03,1.526970436886192217e-02,6.258908011283630807e-03,1.873314270740073992e-02,4.081494656158271561e-03,1.705941144649645094e-02,3.647543359749271658e-03,7.549945240007318453e-03,9.891678676688053784e-03,2.620931937021123842e-03,1.131678970539401995e-02,1.508349895154358945e-02,1.803103418300574037e-02
1.542374284040795053e-02,6.018649188578917286e-02,4.823005511326319827e-03,9.979585665091446345e-03,1.651845333483956471e-03,1.786400883095702052e-01,1.812931307904201358e-02,7.186790360894673713e-02,7.341344346471702365e-02,1.394271315691833144e-02,6.908737381288899623e-03,1.426073434138218354e-03,6.997321763082108709e-03,5.192045650277147401e-03,1.925917845001106493e-03,1.440249539514999559e-02,1.774746937379667946e-02,2.929226828584549983e-02,8.235298654129911966e-04,1.330418692731514911e-02,9.981480354130363095e-03,1.480816269319075625e-02,1.735701195535464120e-02,9.715256978127061183e-02,1.133317417702814356e-02,2.445075534405571904e-02,1.393945252612239713e-02,6.001046039095831938e-03,1.745974781221875868e-02,1.098789905916696188e-02,8.650012929661178226e-03,8.181090956688424898e-03,1.308582768138605128e-02,8.713115507207255805e-03,3.628138584476609668e-02
1.883187357360349354e-02,2.044405780472168324e-02,2.767686892256416425e-02,2.124371278215209102e-02,3.164462247257681174e-03,2.233194604138115380e-02,1.934031012609908895e-02,1.716825442918178471e-02,1.654006624382688140e-02,2.165710485424219428e-03,1.084566879092961449e-02,8.381558486708342789e-03,6.416467933603115306e-03,5.451438535344234511e-03,1.113465244843700810e-02,2.044771625189059291e-02,1.849707648145446082e-03,1.835528829417923738e-02,1.800703984037152136e-02,6.177157659563333597e-03,2.345105779688153036e-02,1.673010495599437653e-02,3.441456201901552103e-02,1.575671720405102602e-02,1.520585118324685805e-02,1.474156213364179527e-02,1.363505309666768542e-02,2.059466126893179025e-02,7.975803538899270753e-03,1.627407981127226844e-02,7.577298051122135711e-03,1.090467362390151046e-02,3.585461522335423035e-03,1.164080791856912135e-02,1.357925926147690934e-02
1.424035164941613377e-02,1.553624162929876165e-02,1.803514066137125796e-02,1.848455839597185069e-02,4.306509755210322261e-03,1.643695892732827124e-02,1.423044186951197276e-02,1.772010958678263415e-02,1.060079826641517967e-02,1.084691451186621872e-02,1.069074918701436519e-02,1.258478202359207369e-02,7.409949440274317747e-03,1.622557066068034889e-03,1.359028931795912276e-02,1.631895509890813126e-02,7.566736438301673723e-03,4.231639248635801764e-03,9.666027964551626717e-03,1.120204245732359452e-02,2.273605007790790306e-03,1.638218324472801718e-02,8.879665551933608320e-03,1.664187121218490759e-02,1.226074460005789624e-02,3.052719490126878932e-03,1.662584079845871171e-02,1.302285017931200176e-02,4.617843701527735156e-03,2.419814335723434462e-04,8.349227215160551566e-03,6.390898615465344379e-04,3.146180908171850379e-03,1.092326915904965473e-02,1.641271563279843304e-02
2.103909657456410481e-02,1.418593571936115939e-02,2.510606106363215406e-02,1.889404982497502189e-02,4.415745588610743913e-03,1.637079646433085844e-02,1.664283031730109247e-02,1.715776615678040254e-02,1.834101652512975036e-02,1.780462335148854172e-02,9.501392306475040656e-03,1.328177512379809591e-02,1.455663806281979125e-02,7.813956538919454575e-03,1.111495404437093382e-02,1.711319969551135245e-02,1.015277294159831929e-02,1.800331974915507852e-02,1.069761610481622521e-03,3.717311705357644741e-03,2.065546506646420699e-02,1.786861318694772313e-02,1.565753206638416384e-02,1.335067371239034503e-02,8.781391806649803747e-03,2.048852705160159049e-02,1.648751515638021206e-02,1.645283544135558301e-02,7.259200936904981055e-03,8.915747907917343645e-03,2.347569690281780391e-03,1.351971754782583385e-02,9.234076616345433808e-03,1.754691531298080420e-02,1.843873345525264690e-02
2.297022318493677911e-02,2.273300501367267815e-02,3.456555746090748948e-02,2.691072094326086780e-02,2.311255469321317133e-02,2.738577744116780371e-02,8.563895570791287687e-03,2.223940874650960284e-02,1.714705161927105800e-02,2.443656198692500947e-02,1.496845874067192529e-02,2.178117842193502338e-02,1.116712899679042637e-02,1.225938142935622741e-03,1.385811363234775752e-02,2.380807469284005468e-02,9.905610024533613445e-03,1.312396959370762742e-02,1.668555267351459759e-02,1.503800503696755067e-02,3.091078382784355483e-02,2.000092666633931926e-02,3.582850528069916191e-03,2.092165094241695347e-02,2.098292354035394269e-02,2.495713438247320823e-02,2.687586624049556616e-02,1.909643836916544504e-02,1.482884488312406594e-02,1.472940293762644084e-02,1.007139331072590127e-03,1.129499963278961933e-02,1.329664934844940541e-02,1.871255473612506298e-02,2.160093854249602388e-02
1.189126255954555192e-02,1.232854703219108360e-02,3.480751073506349602e-02,4.082703563814294584e-02,1.262686534143966748e-02,1.586055902538973522e-02,1.065016370045751559e-02,8.335606960840391544e-02,2.581552281447612243e-02,8.185869375978818696e-02,4.934748053108013732e-05,1.311257622994453122e-02,3.167805937006167721e-02,2.463893290503182606e-02,1.022224677388609421e-01,1.443862700935803073e-02,8.483636397988146907e-03,3.694804387949064683e-03,1.731667729068844114e-02,1.053903494423286125e-02,3.795866988041251416e-03,1.217903239756353874e-02,1.572838830646515473e-02,1.319362064640363687e-02,1.291415983774806334e-02,6.351742603494270681e-03,1.688818098659415623e-02,2.932310143458173590e-02,1.713149627820211365e-02,1.674061989356163960e-02,1.879912522937499109e-02,1.587277436122441765e-02,4.404061513722652872e-03,9.843435123669605144e-03,6.568643360873489823e-04
5.975026622462840942e-02,1.171179870495721309e-02,2.193970451471377592e-03,1.342549605026977649e-02,2.035369385227136195e-03,1.576683078853199221e-02,2.045803796610519421e-04,1.191602317047729502e-02,1.105116557896475803e-02,1.724178369154653889e-02,1.977969985136104197e-04,4.419680250727033369e-03,3.059182261627821017e-02,1.599220069048286341e-02,1.013822272181276116e-02,4.521297971647398467e-02,5.296591026870075408e-03,4.302319515889439436e-03,1.623371118989958700e-03,2.404148106291593978e-02,6.745491600275155264e-04,1.126788633347429631e-02,8.092399210747249633e-03,1.153298879418975485e-02,5.338899521673295956e-03,2.309364689104296056e-02,3.163556382964572908e-03,1.281509614279653479e-02,4.876227735756405793e-03,6.942500451827086916e-05,1.064801651312419391e-02,3.404864461557327582e-03,7.097791330795424902e-03,8.170257506494827196e-03,1.000601255114542086e-02
1.636468541030361434e-02,1.363559572446540642e-02,2.097113267278930687e-02,2.256829318655204086e-02,3.621209698049613138e-03,1.588889518598471731e-02,1.453504543313105350e-02,5.212907930987852045e-03,9.204810251706198321e-03,5.266499234852867889e-02,5.382569092460535998e-03,2.183227796001618176e-03,1.422779828464799078e-02,1.674196708345850743e-02,4.942832653817846172e-02,1.784349771775825891e-02,1.871914419017798106e-02,3.630674257253385662e-04,2.305233766131106754e-02,1.598172526223612736e-02,1.231536488838152511e-02,1.584146201878392640e-02,2.130863779882546938e-02,1.669090417073158111e-02,1.474098123027971566e-02,1.042647445615068648e-02,2.934191432561693985e-03,1.723440152222417004e-02,2.078089579073381238e-02,2.325017674253507943e-02,1.429174582808813432e-04,7.473493324534445648e-04,1.254377615593883430e-02,1.298488451889014128e-02,9.012670290734242640e-03
2.598297423951993063e-02,2.296004571194291619e-02,2.252943332950416502e-02,1.961128708269557763e-02,2.062290823791725417e-02,2.995897437041675909e-02,2.879911641672825914e-02,2.159768181066273884e-02,1.069556502014760123e-02,8.810683474152205055e-03,1.774557692429442821e-02,3.569515842040571485e-03,6.317951610469501808e-03,1.150294121288820276e-02,6.890311437728519756e-03,5.395455848682138844e-03,2.405597658589212970e-02,1.888862065206865434e-02,1.522706605783551159e-02,3.659239163453807675e-03,1.291258943794496017e-02,3.146967460548662221e-02,2.027015187895472165e-02,4.334265816577930613e-03,1.598477896498938164e-02,2.080344238412714167e-02,7.111366316163984791e-03,7.209357287941156600e-03,2.491910701673186873e-02,1.386864373559582378e-02,8.283823357763639081e-03,8.247257125778943709e-04,1.404940584929008363e-02,4.514916466486196267e-02,2.023863694129296453e-03
1.127327513307139518e-02,9.044988909290821791e-03,7.188208604394044111e-03,1.120740479549340099e-02,4.328890244619919975e-03,6.630549645458479538e-03,1.219809765781322899e-02,1.172559909099520244e-02,1.225685634101354032e-02,7.009512323504561541e-03,9.777873996416986541e-03,8.434763829983241493e-03,2.486770205552163437e-02,3.744175230566012223e-03,2.362893449606937209e-03,1.649414561315953182e-02,1.038909719876691604e-02,9.127202811089935724e-03,1.663133505706859347e-02,1.739635693955975809e-03,1.240542873757701989e-02,1.213498060700659957e-02,8.747418082972375358e-03,9.300891202590319887e-03,5.022148598305346823e-03,2.708795284025292127e-02,7.459924138456444816e-03,3.267478054772825907e-03,9.475754139549173727e-03,9.332232088816200255e-03,3.391358515187436681e-03,9.348842520737263642e-03,4.399149268864692430e-03,8.780070593713962604e-03,1.228832922732536401e-02
1.606387413754441218e-02,1.494077934652172923e-02,2.474682149684923754e-02,1.717912578439256474e-02,3.475258690579973581e-03,2.070519796968692608e-02,6.829179732147649257e-03,1.547883652602993071e-02,1.563395892240590848e-02,1.336801710629108991e-02,5.564551586037178900e-03,1.141096573978225490e-02,1.344625580357186080e-02,2.663887394055772587e-03,1.188982948280259584e-02,1.706621770205171695e-02,8.886672905370688116e-03,1.694688444348747131e-02,5.602481962844726993e-03,3.125263784055943087e-03,1.585480604509968347e-02,1.482964446999579175e-02,1.351379620096454515e-02,1.495512795511266292e-02,1.286224534754520400e-02,1.424012677691025887e-02,1.316415009729450872e-02,1.622323217652945834e-02,4.043687947212302319e-03,5.090744799534526605e-03,3.581708766442199057e-03,1.199471914770197656e-02,1.639915604616983685e-04,1.150023030894369545e-02,1.366646978830411523e-02
1.592112327051256951e-02,1.301060220434390423e-02,1.488540147521741699e-02,3.205886668383357840e-02,5.587451220055445443e-03,1.893846842338747435e-02,1.528073970780420392e-02,1.193846979739953719e-02,1.574693801514204239e-03,3.653335297520218794e-02,7.892445859670428263e-04,5.413836721219063633e-03,7.304169501447672561e-03,1.270026112189082124e-02,3.884908594293029482e-02,1.245755305443130984e-02,1.468467359928498153e-02,1.793552684231456557e-04,1.447002517431918329e-02,7.998237322043428438e-03,9.764525393107084672e-03,1.100528851643934637e-02,1.321588053465065464e-02,1.049810002664976379e-02,1.067776188797140216e-02,5.078421849853614195e-03,3.397920958179319328e-03,3.049439023361015522e-03,1.487878308796670990e-02,1.493257660309896782e-02,3.987614933122341984e-03,5.333656607136869413e-03,1.016897381916419610e-02,1.224960137197930732e-02,1.557353248875428114e-03
1.432476580083030283e-02,7.950893889806340264e-03,2.171367537931836317e-02,1.843723995719271508e-02,1.003815562235152101e-02,2.137796427257912524e-02,1.530529832406157115e-02,5.413662222755893233e-03,1.422331729371291605e-02,1.369524042647312680e-02,1.609741974278808968e-02,1.474979915837624014e-02,5.722508696212658987e-03,9.673902725161243402e-03,1.051418270228789142e-03,1.810423788296166778e-02,6.571536721161745989e-03,1.083444652765631899e-02,1.930355919006900706e-02,1.511822624052772124e-02,3.701874487041473261e-02,1.767799518111391049e-02,1.643805359512956477e-02,6.667713708619155133e-03,1.980174236008935135e-02,9.252848856399596353e-03,2.066109544952836330e-03,5.624253374469322803e-03,1.813896268214511970e-02,5.261555402449463736e-04,7.282609212427048825e-03,8.076961735965003039e-03,1.222933941166603686e-02,1.335412853131625471e-02,4.823862462902672732e-04
1.411717128878446116e-02,1.088628309632739578e-02,1.988457975460271310e-02,1.204913734430029630e-02,2.528940177133066382e-03,1.669144263697466130e-02,1.021737164253384324e-02,1.427165494563176727e-02,1.495843205682848703e-02,9.342345656846422902e-03,8.889220762175333024e-03,3.126566561178995528e-03,1.347739238458939108e-02,1.830698228295590119e-02,9.534070748691886657e-03,1.407638194182620102e-02,8.818816467437040618e-03,1.004722854297362619e-02,8.207273194257409810e-03,5.364125175630273315e-03,1.416512696669714258e-02,1.189902919603821191e-02,9.393851323683430690e-03,5.953344309122463041e-04,1.018165538353699162e-02,9.309159392009410186e-03,5.770400291411298052e-03,1.409442278480533585e-02,2.536292282135683626e-02,1.946698117286646892e-02,2.827897881161201520e-03,1.329895973033397988e-02,1.124538389994796453e-02,8.182582389883454391e-03,1.034785485741623184e-02
1.971778937341669979e-02,1.115394187651695679e-02,1.431768191066621482e-02,8.375057742232308589e-03,1.353131303935286092e-02,1.688155555692838483e-02,1.968002214657021617e-02,1.720123485087155651e-02,6.653652564015353002e-03,1.472073221340452001e-03,1.502170277864873366e-02,5.753314857331305598e-03,2.835258586382565990e-03,8.757824163320835145e-03,1.208139166576044712e-02,1.399679185131671652e-02,1.478386357738414522e-02,1.276350393057095259e-02,1.520832893985732404e-02,2.797414742606977450e-03,1.006684639238507838e-02,2.392000462700148017e-02,1.741688386077287765e-02,1.041023889847129263e-02,7.797121029673471752e-03,1.607653986876477620e-02,2.815617672157641471e-03,2.103880094956314326e-03,1.869571715937690462e-02,6.199006181574297225e-03,8.791230186068968097e-03,6.250656530690975807e-03,9.300381755974293507e-03,4.891915558667767061e-02,6.574878137128627176e-04
2.256308357487002772e-02,1.787297082087322894e-02,2.626153345240107850e-02,2.226653617891248896e-02,6.611286810751651651e-03,2.174176646377847313e-02,2.251080500068973131e-02,2.226909225285974084e-02,7.225846952982549823e-03,1.780582591074711396e-02,1.897497223761145102e-02,1.638153697272970791e-02,1.418083168260999422e-03,1.151302643352959849e-02,1.600271866089184383e-02,1.868695887423744290e-02,9.935018461666580286e-03,1.914548050413214519e-02,2.523076880508466971e-02,1.232223460251767599e-02,2.558215471834128854e-02,2.002642652309099408e-02,1.862870211986614871e-03,1.838599401852175283e-02,1.347920166161015870e-02,7.978096471774163631e-03,6.616328616291026338e-03,2.078206733304583179e-02,1.411078785313167258e-02,1.196774141875889610e-02,2.217484008743091789e-03,1.722655248418550333e-02,1.044098640708784539e-02,1.669492216297921092e-02,1.964499583733015503e-02
2.247109636092790158e-02,1.900081841449041339e-02,3.122012987744711421e-02,2.484905285417226412e-02,4.399296936780580647e-04,2.092049704949272212e-02,2.510269020660344658e-02,2.002442089432280789e-02,1.963084954207431829e-02,2.006461869761714048e-02,1.699881056479647309e-02,1.857593664239837530e-02,5.693147592329927259e-03,8.063331047662760862e-03,1.585505310367373022e-02,2.041240932853618378e-02,7.844511236931098197e-04,2.020686881341064028e-02,2.496479456928637694e-02,2.049091887708631016e-02,2.938402423130778013e-02,2.199977905367944339e-02,1.147201103258447055e-02,1.755326083252184075e-02,1.138583605755316974e-01,2.339690347617174107e-02,2.476653191692684483e-02,2.058363597578894907e-02,1.585169111777534612e-02,2.735923718561323811e-02,8.266104775146262962e-03,6.560069972391426030e-03,7.063778747852227091e-02,2.012580276791083034e-02,2.265034575050703033e-02
1.735531747675479394e-02,2.204078043780984680e-02,3.014379273934834902e-02,2.417357519613422268e-02,1.744091493018579131e-02,2.453351878611212747e-02,5.003912077556993063e-03,1.813051919406551832e-02,1.517654728659226238e-02,1.625736089016091568e-02,1.246967421964016547e-02,1.562138576005344011e-02,1.320249717372976722e-02,9.725732838924406459e-03,1.439582995287597665e-02,2.121322859620778517e-02,8.502230209460573396e-03,1.770030529146163559e-02,1.777817768170269347e-02,1.286010653606826232e-02,2.571704373353160544e-02,1.827331105258920077e-02,7.403388453568708963e-03,1.864828643794020496e-02,6.568828306690154689e-03,1.679495152343378830e-02,2.054996907692544297e-02,2.080420298895659451e-02,1.868689987567903610e-02,1.729519436917502026e-02,3.591873604071888632e-04,1.176325332016560019e-02,4.641962419132394935e-04,1.286193461363179490e-02,1.661626569570754178e-02
1.832151532450355252e-02,7.751640510999809053e-03,1.478056189515382021e-02,1.003454103449506057e-02,2.125884103419423826e-03,1.533790907523374311e-02,1.994976395571284103e-02,5.207845301544510724e-03,1.749081560733632690e-02,4.524093344112061627e-04,2.612664869952341026e-02,1.249901568979896148e-02,7.466074281081158844e-03,9.131028842488096015e-03,1.675421876660407317e-03,1.750553425634052487e-02,1.668925407783732051e-02,1.422392269139578086e-02,2.308388372196218050e-02,2.072395313408473966e-03,5.472130979709059068e-03,2.018455892640200200e-02,2.120036508513733695e-02,2.808697388464852923e-03,1.211743119010456546e-02,9.556433862349741556e-03,6.704885026515941190e-03,2.204721114484643751e-03,2.239908604525868430e-02,1.717989700224751073e-02,9.317469175509475107e-03,6.959421977152605715e-03,1.866448316534600332e-02,5.936642803268211283e-03,3.469765533475825670e-03
1.956206866354926951e-02,1.658202585832838430e-02,2.961362528277488790e-02,2.166940274995864807e-02,1.380354316532824040e-02,2.179321178994645877e-02,1.058222990023272719e-03,1.983541513091926708e-02,1.470978450345734184e-02,1.998689326357667648e-02,1.591211454106544049e-02,1.819975806094511692e-02,2.034273091767081765e-02,1.819280371818252778e-03,9.712110631437679414e-03,3.046096268488628772e-03,2.265903088372124910e-02,3.899026620273207677e-03,7.957276380688230177e-04,3.198651368992349101e-03,2.475127269489412266e-02,1.724103356659729622e-02,2.164896893743899209e-02,1.783197362089957230e-02,1.499599477718051820e-02,2.033021438859899596e-02,1.585393067655567478e-02,6.008969058433684396e-03,2.363363761515046776e-02,1.644309540727054153e-02,4.349806771380301113e-03,5.042476761542102545e-03,7.571193334841817835e-04,1.693192561121042300e-02,1.962534661532676708e-02
5.465974878372832635e-02,1.271369647164746070e-02,2.664389523156742226e-02,1.606687969983950845e-02,1.552897921142590287e-02,2.308793070813033171e-02,2.010561394014132031e-02,1.703329255785745663e-02,1.303697362601139408e-02,1.716660367815276214e-02,1.105122173298281503e-02,1.635701163164608035e-02,1.316506744738482615e-02,4.048329669532233291e-03,1.178898789588754201e-02,1.457622089579919261e-02,1.725099467188734303e-02,1.303157108090213963e-02,3.788360616285221805e-03,5.263331273476527447e-03,1.405538832499684740e-02,1.236181002836406542e-02,1.625489963147618011e-02,1.593223967408795294e-02,1.621997994001587312e-02,5.746365461240472705e-03,1.429235933798177031e-02,1.129830350116720235e-02,8.921061137724273921e-03,1.055068797442652515e-02,1.044553915253034274e-02,3.413802263464032344e-03,9.238208207675655675e-04,9.112637022803744824e-03,1.391207136309451781e-02
5.772624003576401486e-02,1.434758558549823794e-02,1.163079758203912351e-02,1.639033747513081105e-02,7.612006752496703992e-03,1.548656226230120392e-02,1.457932694387595318e-02,1.314759820909615004e-03,1.580219234194835815e-02,1.403450171956963262e-02,6.405910101295329666e-03,4.043967408653852819e-03,2.747190665110554354e-03,1.067964765388808128e-03,3.480895615715681041e-02,1.177809522525305116e-02,1.498027749494388813e-02,3.601038360450710928e-03,1.707098924964778330e-02,3.917373426210626723e-03,8.072724431622615993e-04,1.675876475189246734e-02,1.190623184902335832e-02,1.116321831932503769e-02,1.204099951947656955e-02,8.571878902530253447e-03,1.627471682033887826e-03,5.496049325385138351e-03,1.461382545312921166e-02,1.589321629990592816e-02,1.734364259994969522e-03,7.136476714651103156e-03,8.651502026480175842e-03,8.359271854763362236e-03,4.759925410428055177e-03
1.558843676573835012e-02,1.242115110046281175e-02,2.475610806696455779e-02,1.716869193023388279e-02,1.684328612591452085e-03,1.812169710527650190e-02,1.584149134592429189e-02,1.341302785565348134e-02,1.280337102984268477e-02,1.472539313106337351e-02,1.205065409739434178e-02,1.299123974012640799e-02,1.693543708196958153e-03,5.908334276632357107e-03,1.367001472860202189e-02,1.179900855747116790e-02,3.021776839871126094e-03,1.286937865358710881e-02,1.537064025858470538e-02,1.083918377973301997e-02,1.791186015508219528e-02,1.448682568466823709e-02,1.202898981087528046e-02,1.238716231834810499e-02,8.341110545829685807e-03,1.299677171660833935e-02,1.588051801828964035e-02,1.322627694925391541e-02,1.127063789602134741e-02,1.614797869591228299e-02,1.512838320495648106e-03,6.907205064875257539e-03,2.152152432954509975e-04,1.431756636855611997e-02,1.463181136278201601e-02
4.857644141721237374e-02,2.312352031777694175e-02,3.641752830061538437e-02,2.664056588206117904e-02,2.116053192731938773e-02,1.722638157122143715e-03,3.720135692970132080e-03,2.335481449281452682e-02,2.016470607886266045e-02,2.075583077451990943e-02,1.604496630265835749e-02,2.043482078358643816e-02,1.460396991554795999e-02,1.304640577135183881e-02,1.716576050855079735e-02,2.444616576369368702e-02,2.847477398205579616e-02,2.191810503128598098e-02,1.906421032485010325e-02,1.505014693405251278e-02,2.276280005457304717e-02,2.143348636017476661e-02,2.703880303982634722e-02,2.249017799130465303e-02,2.309196270931959671e-02,1.288392752066312534e-02,1.843674072159703220e-02,2.292235714173669614e-02,1.256348887339234222e-02,2.194133747208482088e-02,1.650861360906536249e-02,4.921697646996339368e-03,1.672518368380067344e-02,4.820014269884903557e-03,2.080320246273966583e-02
8.168949313336951873e-03,6.336156032350250857e-03,1.387811164025013790e-02,9.797741736355466621e-03,1.307507185865676436e-04,9.789746583986699488e-03,4.334451041477820760e-03,6.697094199071012069e-03,6.820233662102206593e-03,5.199137844928191157e-03,6.913255200037981933e-03,3.947446772474940205e-04,7.380165864314286103e-03,2.279718819526733824e-03,8.687764932761519662e-03,5.676835333512477051e-03,5.258114689052247048e-04,6.865662082592787450e-03,6.972300353709765322e-03,2.944220249720814770e-03,3.202148038711878468e-03,8.451025346116712578e-03,1.087663644929903750e-02,6.573391673310296016e-03,1.652591830204530252e-04,1.593856157018704728e-02,8.213007285781523045e-03,6.956586078777048099e-03,3.538539991043174009e-03,8.218096391658279848e-03,1.272819471154450557e-02,8.536429495682182692e-04,6.886159913557066137e-03,8.852027766497449005e-03,8.856665684661414045e-03
5.394726243946837418e-02,1.392887760226459853e-02,3.770803182896360906e-03,1.821408337818227266e-02,5.050268390233807192e-03,1.353756491891400932e-02,1.265792533053669740e-02,1.159748064810795995e-02,1.205761918840240858e-02,2.227924069859690132e-03,4.467558944045990632e-03,6.822394953242269695e-03,9.632066704959075382e-03,1.255096371042636015e-02,1.120150262067218412e-02,4.692984512148831722e-02,1.792618379381676064e-02,1.022008629149014948e-02,3.236212754492547028e-03,1.932862418120063347e-02,9.173662557993312108e-03,1.486683297375784862e-02,1.456921421188393795e-02,8.221050645727421766e-03,8.836680661406763962e-03,4.133202889557230711e-03,6.417598647104517592e-03,1.476992430489826313e-02,5.096620983665544474e-03,2.182555491135555054e-03,4.751108943090867967e-03,2.129673756250451480e-03,1.408721607211554060e-02,1.516217654315501172e-02,1.314317162529335219e-02
2.181825327981729706e-02,1.651346215498876099e-02,2.240825657205258378e-02,5.623286816708965991e-03,1.877099724660640997e-02,1.929782511365609604e-02,2.225998473038802439e-02,1.870392517232499080e-02,7.868001727765460210e-03,1.855000481702461651e-02,9.064014054204001108e-03,9.676736424954278382e-03,1.195086423676507310e-02,1.519511908597875188e-03,1.315244089619103940e-02,1.964739093589500454e-02,2.417984478946543642e-02,7.829947249594799985e-04,1.803494000201662228e-02,1.842626418243773281e-02,1.640697161133598120e-02,2.009953130418096895e-02,2.285355321545994023e-02,2.812124131432815199e-03,1.316680050694784068e-02,1.523992392055124705e-02,2.490206795414214372e-02,6.525654953295975669e-04,1.905277764625195117e-02,2.487380485566422286e-02,1.221681124861267141e-02,1.160814912159821924e-02,1.746744561314616043e-02,2.900469806038349918e-03,2.745434732971487046e-03
1.329066340726087550e-02,1.358662882035873050e-02,9.164533406298733254e-03,6.949695816238620621e-04,3.529123961034573431e-03,1.700425597732393643e-02,1.602577435145837934e-02,1.372431415942502488e-02,8.572681743693518625e-03,9.361707743202753174e-03,5.136217352160128528e-03,2.494766685269616049e-03,5.336402132941480379e-03,7.353592449847668605e-03,2.479010299569558637e-03,3.606048686285907162e-03,1.187655584922034380e-02,3.342850760864490844e-03,1.954457867721330275e-02,3.830806223063719373e-03,5.131504506307556918e-03,2.639025960586893066e-02,1.468734577502188617e-02,2.034442068487202909e-03,1.359041408357233340e-02,7.637703486461746780e-03,2.387016773132575806e-03,6.487527307569344870e-03,8.361077356097926933e-03,2.361479482493350490e-03,7.713203575854218549e-03,1.455031851070731803e-02,1.208589060078586221e-02,9.609043083724750495e-03,4.784198703706178321e-03
1.067371101911405648e-02,1.163509208080536206e-02,1.031291639461331261e-02,1.422059300587810542e-02,1.089502218890481093e-02,1.717944298970661837e-02,1.320740665525997094e-02,2.869663741247046110e-03,1.233241273053790887e-03,4.716115502438692972e-03,7.568437064620738355e-03,6.353355850215842808e-03,7.830270045222536071e-03,2.550316409253798773e-03,8.847210000666934707e-03,1.951873785901741057e-03,1.323449846874924334e-02,1.255337909123262555e-02,2.189795444889491155e-03,1.223258154997655840e-02,6.578204380615066196e-03,1.290808232668784125e-02,1.171079874981417225e-02,1.502057130062504735e-02,8.894488450221824105e-03,5.411033543196422727e-03,1.324791151339052217e-02,1.326472750416492381e-02,7.854943704758251405e-03,1.496574107523866021e-02,7.718584996325257228e-03,7.284047314665547182e-03,1.060511049379241413e-02,9.983527574086130049e-03,6.235452318211546358e-03
2.423042970317888095e-02,2.005232076153513898e-02,6.221644278491110513e-03,6.841197148985761478e-03,1.449357587294278389e-02,2.379831705100924136e-02,2.449844242732959754e-02,1.845005351345564357e-02,1.921416330642043008e-02,4.487416154638764615e-03,6.374558998422961281e-03,7.192026498495804332e-03,5.866018545802657164e-03,2.605607564362410339e-03,2.392281136880549872e-03,1.951283675328537026e-02,2.607984452007563320e-02,8.815080817021179321e-03,2.547392121775358259e-02,1.773956656695332978e-02,2.439877586565832035e-02,2.054178444654778182e-02,2.380707455655540344e-02,1.555479775075642619e-02,1.541186649509237137e-02,1.297587575824124366e-02,1.905278974858326882e-02,6.693949874176359158e-03,2.387717805069028421e-02,2.532633665975679224e-02,9.966757914312373776e-03,1.265111597255137027e-02,1.859199144122139144e-02,1.989813879527366561e-02,1.468122885445466083e-02
1.496686092670474269e-02,1.097188759539365760e-02,2.001515006404851194e-02,1.605880396460226608e-02,1.278449274322098622e-02,1.248980924159232009e-02,1.709910767348742089e-02,1.022520739883985182e-02,1.155989586903618561e-02,1.486405431862291258e-02,1.010042651764926809e-02,1.171434886628737633e-02,5.471192029608959104e-03,2.687435683499648110e-03,1.015961118254999143e-02,1.060710028869139843e-02,4.706686515262813175e-03,1.147839787014410910e-02,9.285398953744805617e-03,9.202329763160696507e-03,1.838969581914925294e-02,1.386584870043874353e-02,2.066427292403730590e-03,8.496188389827226059e-03,2.105090415939930501e-02,1.615797638760014740e-02,1.734867024697327523e-02,1.132464481790887260e-02,1.170665024020977815e-02,1.528014728343215535e-02,2.399238434294952149e-03,1.057719705905359187e-02,4.427846455451115229e-03,1.538782274495355783e-02,1.450987216548275428e-02
1.083881802869784104e-02,1.654576770254623935e-02,7.629688229133933103e-03,9.081339173405953563e-03,1.193821980484166892e-02,1.502994080911136503e-02,1.154028634797755852e-02,7.301552209930065734e-04,7.664729355962809042e-03,1.193782691524072383e-02,5.744360950860932964e-03,2.270335180461785334e-03,6.051994259756596217e-03,3.608565369951956866e-03,2.388652749412015740e-03,7.685013134982113248e-04,1.413625069360424993e-02,4.377924482245461497e-03,5.345209360994291822e-03,8.220010918908284350e-03,8.556946406490297322e-03,2.509712643365927254e-03,1.023300666271637245e-02,1.173541166540423286e-02,9.639164236525251186e-03,4.755533258923241510e-03,8.440816814921987821e-03,3.952178827444976020e-03,9.813433380258678590e-03,1.703630826880242130e-02,4.268065045359023535e-03,8.426006511579001157e-03,1.075482456548623386e-02,7.754945359365100245e-03,3.298263890015518812e-03
1.889747908183758013e-02,1.795940358273690265e-02,1.682793742157330519e-02,1.372797916315903963e-02,1.240445479537370665e-02,1.778246204964539084e-02,1.901663669066375531e-02,2.059647368529257672e-02,1.816639144339123393e-02,4.035915244169144267e-05,1.130266598584835774e-02,9.343726763556617354e-03,1.649140681801077035e-02,1.290169458231669487e-02,1.019455698581501688e-02,1.002163311329548612e-02,2.408385997384083349e-02,1.861148932118363020e-02,2.258617443549527579e-02,1.073827431487372336e-02,1.518402670328907432e-02,3.474997569661134045e-02,2.418558376919091590e-02,6.328862534683687285e-03,1.786799105035458829e-02,1.475301462492387659e-02,1.615002248045404112e-02,1.037735774920985413e-02,2.382667711233507971e-02,1.868784707746917392e-02,1.360097810990376459e-02,1.478089931208013963e-02,1.985451599572171308e-02,5.102729697337027304e-02,3.546252165841159987e-03
2.100494648460517200e-02,1.829957783745187958e-02,2.766601078776999290e-02,2.125880450213097836e-02,1.659620173770922150e-02,1.966375029823196410e-02,4.375526296458442238e-03,2.297995378137077105e-02,2.041814243405458765e-02,1.594900755006274651e-02,1.662537267500539123e-02,1.751166900371155938e-02,1.723277252463466941e-02,5.638955320124316127e-03,1.270493914400418721e-02,2.269464069960342237e-02,2.055609172256830236e-02,1.568028286726577333e-02,2.591936730917780707e-02,2.031420521638645227e-02,2.729580754573490697e-02,1.989171996005840645e-02,2.203998120875415648e-02,1.971332083391708415e-02,8.073578550417926172e-03,2.009663717896212690e-02,2.164318349166847663e-02,2.104631670834556517e-02,1.471546703055185562e-02,1.472581195493099376e-02,1.168770085051680334e-02,1.752556261589992281e-02,7.011859402485899270e-03,1.466181038746162436e-02,2.035117532477823468e-02
5.872379052714480491e-02,9.416096834801979815e-03,3.848852395474954696e-03,1.179475329606065326e-02,1.099292374128528482e-02,1.574903083874216667e-02,1.152139105188282504e-02,1.326425843946290803e-02,1.242761114140357795e-02,1.252415369388444957e-03,1.582247615994003369e-03,1.401075833879254426e-02,1.049656361216472905e-02,7.558216161964032877e-03,7.441203647556956374e-03,4.282730901425347431e-02,1.497474281688361553e-02,3.066455255651506090e-03,6.658784898311981282e-05,2.102379343369745537e-02,5.331419803228392221e-03,1.069253393990913029e-02,1.482427353247147556e-02,1.271232373276828809e-02,1.117543481562852103e-02,7.655634867409359320e-03,7.856950270296592098e-04,9.476970158932866359e-03,8.547442656251881543e-03,1.678206629904446107e-03,1.064142215020603272e-02,6.960939752574408362e-03,9.513659439538659640e-03,9.953135865639752694e-03,1.248604965234046370e-02
1.391263060023311716e-02,1.374321418536655556e-02,2.179685856847211542e-02,1.627695514001496757e-02,4.628087109517561165e-03,1.453990118287742592e-02,3.712615193735009644e-03,1.651197025005917904e-02,1.374297472241875311e-02,4.158509082046192226e-03,1.478528898261273310e-02,4.996312283714538990e-03,3.126835741790588707e-03,3.755293864838816706e-03,1.287798455667133607e-02,1.386499062383752569e-02,1.216657140422321842e-02,1.405110356702577758e-02,1.953593368323321491e-02,1.136388763394785388e-02,1.494915014362947769e-02,1.506208563884859492e-02,1.509393286681256358e-03,1.452590472690722112e-02,8.012034361276745842e-03,1.466790064382196036e-02,1.237479680228058959e-02,1.701223306532238452e-02,1.519766329013683137e-02,1.942856015308707177e-02,5.597885778012755276e-03,6.970321117526968868e-03,1.527690899237360567e-02,9.711501620427012704e-03,1.413346617535052481e-02
1.688602776571234559e-02,9.953638566325943501e-03,1.480766277894384267e-02,4.095927248376138308e-05,3.834293088776405400e-03,1.647145697750066612e-02,2.166719109646436311e-02,1.412155526491723316e-02,1.715907866244905863e-02,3.687685567400570547e-04,3.127173809776039037e-02,7.384238702083842018e-03,5.383435572897996187e-03,4.318485792085824393e-03,2.608013011237864109e-03,1.941144675075753487e-02,1.774890168256735776e-02,2.814243354332703062e-03,1.884368364092557299e-02,2.347185387653771826e-03,3.966300823974561185e-03,1.467729127081490899e-02,1.559975992592289862e-02,3.820251337198141139e-04,1.044072086752029574e-02,1.808102537651170433e-02,1.236461494671540692e-02,6.183166222405476337e-03,1.706608236942809206e-02,1.399139385344169012e-02,9.153883325221020065e-03,1.335596088976175738e-02,1.291029074653157575e-02,1.066041557620144714e-02,3.777203292179185171e-03
2.026587121751535422e-02,1.516508018889330296e-02,2.238011307704364933e-02,2.501347670504427273e-03,1.461983350157699917e-02,2.133579714994084456e-02,1.800985613267024055e-02,1.610361801965446565e-02,3.255024815860606963e-03,1.864862116555594113e-02,1.017968142735654891e-02,1.137669934107497956e-02,1.163561922171210856e-02,6.416272925264410870e-04,1.115399563086969144e-02,1.701549880685905916e-02,2.533879307161271757e-02,1.163931396232919732e-03,1.946294879639582157e-02,1.327002336253477882e-02,1.497027270945862007e-02,1.497734557633898303e-02,1.867912261250401218e-02,4.563050402967162161e-03,1.570099063683245283e-02,7.643922199574942553e-03,2.026727244158019539e-02,3.611458314835353650e-03,1.699751800153584055e-02,2.255705847937726494e-02,8.419723247547953107e-03,8.404645728431112822e-03,1.585910520584539116e-02,7.510641306720706317e-03,2.074329002555327234e-03
1.256640362209920578e-02,9.894118204830465446e-03,1.465722058836634555e-02,1.141891351661624560e-02,7.054654987434438515e-04,9.750928442406268590e-03,7.316160989294138300e-03,1.121714378832143998e-02,1.120038742963807774e-02,9.667450512779613217e-03,8.265042208440430069e-03,9.287763709851905650e-04,9.052271310477593910e-03,1.244058235724232811e-02,5.670266962806200413e-03,1.160784129060027890e-02,4.549427244273259591e-03,1.125816266034721826e-02,8.275702143098338098e-03,3.887308607592360882e-03,1.471976136891226493e-02,1.056512843006614417e-02,1.263151202069174271e-02,3.409773352084383841e-03,7.297724500824192238e-03,1.099351377477098338e-02,1.275707195741491648e-03,1.131238540760913167e-02,1.501353159042177060e-02,6.279394715345909886e-03,7.600568469800381144e-03,1.281089035551926172e-02,1.057385404548266163e-02,8.722688159726177740e-03,1.008566205195668766e-02
6.436349232343861228e-03,7.337093093867193792e-03,1.060635042120560041e-02,7.675842006950221209e-03,4.258937656048874913e-03,8.434127308003389750e-03,6.509563757922920933e-03,8.131991340620797065e-03,3.662788928678824101e-03,6.680279057497513599e-03,5.960768154265749449e-03,5.376690461178505048e-03,2.191037874322855281e-03,4.537720005865905279e-03,3.836176355568718301e-03,6.474623626079136114e-03,6.154893345288636915e-03,2.874251597246142709e-02,4.254086834241214976e-04,4.231340899095399795e-03,8.513675188813978403e-03,4.807358178009172797e-03,1.032315713958331660e-02,7.149316117629733389e-03,7.421094689526100754e-03,3.732575843381553959e-03,6.317901088577044903e-03,5.648832676440306878e-03,4.819264363815524768e-03,5.569590339666372417e-03,5.073839235169415318e-03,5.156629502148606797e-03,2.890842128927311339e-03,3.551592171370845149e-03,5.146814911847485963e-03
8.195133538020890271e-03,8.881957136772528419e-03,1.340655984149644216e-02,9.504641893723722937e-03,7.876800533572972038e-03,1.168122540060798770e-02,9.094103588222388415e-03,9.574225794961333316e-03,7.154880972678848670e-03,7.568474454594287942e-03,5.735781549917730836e-03,7.886542438992324988e-03,3.313719180053905072e-03,2.671831363626735005e-03,5.663073133954442395e-03,4.461998157427315981e-03,3.665306193544156516e-03,7.903012489460152154e-03,8.793505411376379213e-03,3.225792916770832321e-03,1.067881236477301321e-02,7.249924314210029128e-03,2.162772115034488317e-03,9.306034795602793203e-03,2.421138429208567755e-04,6.627933094360003233e-04,4.210546258879375309e-03,8.248708243300656093e-03,5.709075326307339743e-03,1.123840711841353479e-02,4.427393287968307140e-03,3.677677413760176151e-05,7.903994085442468329e-04,5.098289361355115741e-03,7.221668835660766811e-03
1.379442191514702182e-02,9.696044517213276565e-03,1.351070586457827488e-02,1.336737521262016185e-02,1.410798315828204127e-02,1.445955747070636760e-02,3.167577900547785194e-03,1.170339148980318981e-02,1.597068951097401282e-02,1.015997942089850135e-02,8.844932043643234654e-03,1.254005637320620460e-02,5.164731224255894766e-03,8.183669537378769274e-03,1.100762125388238082e-02,1.394464794289117758e-02,1.314532578982803221e-02,7.102641960659954179e-04,1.330762221324249817e-03,8.681773825933060060e-03,9.889821473414110026e-03,1.434384857030765285e-02,1.609348762972377667e-02,1.119876618827758512e-02,7.999432515031434932e-03,1.581025687871177865e-02,4.460124208189208267e-03,1.362704129692787584e-02,9.291948531882556622e-03,1.615128728316295170e-02,7.741323279827480239e-03,7.023215575795646592e-03,7.907833593764439922e-03,1.234310948919080907e-02,1.402017342562167194e-02
9.925543755479604435e-03,4.006284937270487151e-02,8.032561767049951895e-03,2.784005297607233115e-03,8.417099068368219875e-03,1.091150469144496621e-02,9.921616141133826269e-03,6.392853353268913678e-03,7.478578520288770883e-03,3.625487453781550684e-03,7.866138463093839267e-04,1.792564785721052420e-03,2.102200126799254939e-03,1.644654162380612163e-03,4.274373149814271813e-03,4.841461253231841774e-03,1.046040148565875218e-02,2.434346516325775964e-03,6.534262173119488246e-03,6.694688150167308130e-03,5.046640867618137731e-03,5.917216696308623056e-03,8.356055508539792995e-03,1.834996783732850689e-02,5.660743408763138119e-03,9.259296451064770797e-03,6.806214287034780160e-03,8.805669749449003200e-03,9.368332080321941854e-03,1.037424180050612946e-02,6.237049754574505896e-03,1.995046237279200080e-03,6.669278969532142776e-03,3.622460679349367302e-02,2.104684734795178591e-02
1.681612204278813694e-02,1.636132275833604779e-02,2.510751057762355617e-02,2.018971068914390821e-02,1.774541292141162269e-02,1.927873132182628124e-02,2.076784878654828678e-02,1.283880934716245120e-02,4.465252283403222180e-03,1.469543451753143638e-02,4.782620836133499691e-03,1.448487156652647143e-02,1.216261299921579490e-02,2.734243586517061397e-03,1.307835107967846543e-02,1.782772147119532011e-02,1.417076534505622154e-02,1.345034625933142977e-02,1.187497575995491092e-02,6.072292552962019890e-03,9.375653597796726468e-03,1.784984562482100356e-02,1.560006252843200089e-02,1.309301322666047394e-02,1.317595130787928628e-02,1.169905823592590731e-02,7.948454485136495842e-03,1.342872276699296277e-02,1.402277812550236855e-02,1.305422935976422935e-02,1.011623790425773134e-02,7.881739971769127426e-03,1.384351289889277324e-02,1.528497461791185515e-02,1.623612203065189635e-02
1.809073858763097370e-02,1.363817708300381522e-02,2.437378426609760479e-02,1.762061518807434696e-02,1.042686385274634378e-02,1.746716537699061905e-02,1.993133640860446018e-02,1.520669359627609997e-02,1.487970862443893996e-02,1.642783401541972679e-02,1.195577440022253107e-02,1.423723679674465843e-02,9.714196529624474080e-04,6.703934659196371035e-03,1.105509230926793839e-02,1.480246152727264508e-02,1.217509334124030132e-02,1.485138922972632954e-02,1.945665971141527506e-02,1.036408682648281947e-02,2.057248761776612339e-02,1.521967114416192951e-02,1.135834474770083119e-03,1.276515290880468265e-02,9.629050858988316350e-03,1.636614599786705843e-02,1.097763684877899049e-02,1.433945807869898247e-02,1.148769492360977862e-02,1.955589069208070116e-02,9.952668990109884289e-03,1.644746791239863962e-02,7.668610406431674957e-03,1.493842186640533150e-02,1.547183929137503459e-02
2.101244561295811594e-02,7.340998146947788627e-03,2.307571383101621187e-02,1.957778313414110238e-02,1.443320205655643229e-02,2.209560308989489200e-02,2.245870402369800484e-02,2.165187319939433294e-02,1.786339690065500210e-02,1.726663824325558316e-02,1.052276882410779074e-02,1.620131828361296919e-02,1.661060536746121821e-02,9.986751653101588744e-04,1.126554073664861461e-02,8.471117877076040498e-03,2.053800153514219115e-02,1.799081878575904681e-02,2.236104369288600263e-02,1.557167096806807115e-02,2.012808057941993523e-02,1.651994242100126783e-02,1.877619578364072769e-02,6.084468243412997218e-03,1.476291755653351585e-02,1.543746806919865829e-02,6.308713360646662355e-03,1.844129616194236168e-02,1.518682062319648418e-02,2.538519322279706933e-02,1.286334724883222633e-02,1.476181743170065092e-02,1.103022038772153574e-02,8.776277743689196026e-03,1.616914583153925000e-02
1.307233534848502472e-02,8.788591702413238796e-03,1.198778287837594381e-02,1.411869476496192648e-02,7.815826096029591941e-03,1.009345863545239516e-02,2.224905588692788205e-03,8.861457434849057471e-03,1.037310469781936931e-02,1.303382328157228626e-02,9.598130872007660380e-03,1.063460659355016519e-02,1.265050820418262001e-02,2.167411402532103733e-03,5.412750821658525099e-03,1.985460198850998517e-02,1.315609566792430747e-02,6.979024069173021816e-04,4.337551826911643579e-03,5.258393861755751054e-03,1.641275013605390451e-02,1.275781624195759453e-02,1.600286616807550591e-02,7.334289565543694253e-03,6.700343262354456833e-03,2.427192171818952013e-02,1.265221355926514704e-02,4.339661887068982371e-04,1.011891175669479663e-02,1.333684225598638119e-02,9.001696667089687312e-03,1.632829576132354202e-03,1.058053775498111852e-02,1.456822523389051001e-02,1.391784329500491031e-02
2.035513027375922962e-02,1.681781140692430523e-02,2.391114816927003908e-02,1.319820869553352954e-02,1.560205231902128502e-02,2.163604347582060577e-02,2.281648176236285991e-02,1.470975527894547927e-02,1.812084918259170008e-02,3.807396688682395183e-03,1.343351044228178158e-02,6.277079476308738623e-03,1.506430445563855351e-02,1.054570498404472714e-02,1.091405654858881510e-02,1.210176982022110465e-02,2.159779766159490924e-02,1.890962133792530378e-02,1.883211156214281701e-02,5.565076674091850445e-03,1.254384114871504204e-02,2.262144007781941371e-02,2.042053901508694008e-02,1.097697537508928074e-02,1.395356678129300136e-02,1.656864381237777017e-02,2.084319788097311124e-02,5.350018917477101024e-03,2.065565105973046420e-02,1.330831410578767887e-02,1.196449229547872327e-02,1.358808368657701479e-02,1.547047709930495819e-02,4.829574470705735867e-02,2.199058318295012138e-03
1.912303083382517130e-02,1.353973949302097156e-02,2.118984561743269060e-02,1.118933480867689151e-02,1.415021467432164837e-02,1.705563227415250391e-02,1.880328751117090261e-02,6.564956652825984507e-03,7.136384137168947164e-03,1.377955598380533123e-02,8.431178681580549922e-03,1.837518220972634078e-02,1.687026182442021710e-02,9.204497819828476660e-03,1.196036877082042385e-02,1.622041428533142066e-02,1.400609733120158212e-02,3.474487834410409925e-02,2.511870575681636464e-02,2.707904130187376024e-02,7.068697247601007927e-02,1.969636194919124200e-02,1.047503950778989369e-02,1.589488059710803675e-02,1.300997501138832779e-02,1.688908953431483492e-02,7.055604180423724614e-04,2.707453907383292752e-02,2.203509074428842973e-02,2.297876687561216033e-02,1.170209042777029841e-02,1.079323417060541052e-02,1.797684453516784631e-02,1.665574011857195308e-02,3.456276176952879919e-02
1.103766045423571623e-02,1.182588864649220840e-02,1.046230627678774311e-02,1.316894576204435258e-02,1.028969805421708038e-02,1.594775689234077809e-02,1.306165457785512900e-02,5.887375769428639105e-04,3.186254076893279413e-04,5.998930046722817863e-03,7.856244494081751281e-03,9.207618955590303814e-03,9.691662045888258664e-03,3.334292832591485324e-03,8.396408971654757691e-03,1.750296477067807277e-04,1.484816548419352379e-02,1.414591982739103748e-02,8.080683338444454716e-03,1.218682920849407415e-02,9.382006727403881946e-03,1.260216943016348283e-02,1.241263474527169036e-02,1.312759264888825952e-02,1.054587378303570994e-02,1.185207022082277080e-02,1.259612527804259384e-02,1.436650739788541443e-02,8.245628620869933229e-03,1.638219636744333782e-02,8.310303652325774781e-03,6.616597090731687891e-03,1.111351813034182692e-02,7.961953108236601018e-03,6.895052583082069211e-03
1.423645342418363227e-02,1.774503205155738075e-02,2.284119685062804134e-02,1.882076123666303474e-02,1.209937148147810330e-02,3.597217217697259994e-02,1.877297579213273518e-02,4.814562457885220720e-02,1.633643822455517480e-02,1.067102835571040985e-02,6.249795507116105014e-03,6.930356920587112113e-03,8.241327622692775495e-03,1.146755246541312709e-02,1.140392615430557179e-02,1.943782044387128149e-02,1.715381213179859032e-02,1.957354144190728840e-02,2.058834943644825138e-02,1.370423204661062877e-02,2.081050996834306333e-02,1.635131713234605835e-02,1.837480775670092062e-02,1.343267008795017911e-02,1.413258028577423463e-02,2.761929378924249390e-04,5.872559444981958685e-03,1.969675983827726823e-02,1.985291474825516891e-02,1.965284240924859357e-02,1.146651635077123275e-02,5.562651830144284965e-03,2.835527771952658926e-03,1.039687268268646783e-02,1.268363706313872796e-02
1.382746403318839586e-02,1.253601875953809855e-02,8.166872127753410648e-03,7.263819793121954749e-03,8.698869865761413647e-03,1.156865845446756851e-02,1.448603918800418257e-02,1.303541092522758106e-02,1.673688023660107119e-02,6.636188307285502061e-03,3.498410961898823154e-03,8.455866945528628734e-04,1.348601146815442235e-02,1.187477121200380611e-02,1.248170215906625226e-02,1.411598681728140278e-02,1.173428147772715910e-02,1.226422653413355643e-02,1.771282445883038889e-02,1.275996619035796309e-02,7.995593993903255328e-03,2.825574776011811201e-03,1.534177958663340835e-02,1.132244367984460917e-02,9.092407176633747826e-03,3.147021128787150929e-03,9.673526523768967433e-03,9.729779058297140584e-03,1.001243690830989561e-02,1.844892421303636829e-02,6.673624389073234964e-03,4.500894050821959563e-04,1.449854095231657182e-02,1.053908744527610152e-02,4.631519895983527563e-03
1.775185855877544142e-02,1.909976731603800840e-02,1.791514894046610656e-02,4.663046664076197362e-03,6.270247971910154414e-03,2.534504236312839706e-02,2.086951597122730859e-02,1.733470542600505301e-02,1.751519761808102357e-02,1.497426922945413290e-02,3.104023497600246623e-03,5.462774382963768438e-03,1.479452104216862768e-02,1.144737581549387130e-02,4.549806814711917710e-03,6.822446492954919312e-03,2.283932152091301335e-02,1.447157930569063430e-02,2.375853089552125083e-02,1.317158528466010926e-02,1.903147914442059052e-02,2.431375787174274578e-02,2.016262229698260328e-02,5.611646260516481299e-03,1.847362088957331047e-02,1.608325426121719540e-02,9.716351474026890464e-03,3.255144947475089451e-03,1.618793115372811967e-02,8.215225497643103419e-03,1.183782711949820689e-02,1.568974581205276331e-02,1.455978359603772414e-02,1.177157158341218465e-02,3.689662679613958662e-03
1.278898761501018853e-02,9.459917586208000523e-03,1.902538007344765567e-02,1.401715912944634032e-02,1.174262978566793271e-02,1.298848007014404872e-02,1.653513746910001414e-02,2.292573766324390236e-03,1.222084980233322481e-02,1.052815998704728293e-02,1.314195138585835462e-02,2.181590036148492798e-02,5.115531155859252138e-03,8.753939157521060943e-03,7.449632224813334050e-03,1.452116442086934245e-02,1.510567845294322892e-02,8.792563648396985176e-03,1.505314866286301158e-02,5.232188732995352379e-03,7.067654206046977694e-03,1.489517084333096680e-02,1.551110604457688405e-02,2.417587660717406689e-03,1.000073460169889281e-02,1.420271910164639870e-02,1.479171897507801543e-02,2.842216871404646197e-03,1.320827720477235623e-02,4.181076570004667314e-03,9.471902912528482391e-03,5.977486547287807692e-03,1.230910380173053618e-02,1.109693921134562167e-02,5.829456714795773140e-03
1.866767711975565042e-02,1.867650381976933630e-02,2.932065127156677914e-02,2.237242386199312164e-02,1.551887676760185276e-02,2.136275201661850393e-02,1.041579341761449118e-02,1.979895099752438173e-02,1.761433085488558342e-02,1.511063058477382301e-02,1.600809417663377407e-02,1.561584794303117613e-02,8.912314676498330618e-03,5.275344630378646371e-03,1.582150166013079895e-02,1.943843916663624827e-02,2.203780731336379972e-02,1.333405000557465192e-02,1.562832942493284222e-02,1.458418883709581421e-02,2.514847249273017074e-02,1.948467408638402537e-02,2.036117646473611584e-02,1.845244545258084221e-02,1.656953995763403922e-02,1.642182492450398879e-02,1.706228806341833146e-02,2.071255769326943441e-02,2.473339998300363649e-02,1.782029986933260368e-02,2.474049388428533128e-03,6.529424745767248989e-03,2.145663954872981810e-03,1.455062988995988599e-02,1.882968028316820905e-02
1.664956409114277600e-02,1.760255202708999739e-02,2.035945723243072145e-02,2.970328923949588223e-03,1.540891493155499038e-02,2.241017993167188430e-02,2.008475423830831386e-02,1.527012286536212973e-02,1.183011043445153163e-02,1.751104417230577373e-02,4.295920661490116969e-03,1.540121822573807878e-03,7.249915434547718127e-03,6.156253670615884424e-03,4.557704852479546251e-03,1.734390263923359793e-02,2.102745249923154008e-02,2.349838697957440034e-03,1.621701725151580495e-02,4.500814849913907165e-03,2.317330342209080254e-02,9.821916979190145613e-04,9.325596339582463076e-03,1.455142916125217421e-02,1.239730357293624373e-02,1.468000566375040131e-02,1.359352216588639861e-02,1.416028219962868137e-02,1.231568120388258636e-02,5.198320701604929733e-03,9.295391560923901147e-03,1.124850353890030109e-02,1.234389147520352156e-02,1.119988766495630741e-02,6.168564954894314306e-03
1.600153790020611422e-02,1.246829703279578143e-02,1.171947924830840648e-02,8.522495732878766078e-03,1.678645321968504252e-03,1.386101595586087913e-02,1.501965494369717109e-02,5.513099097007247151e-02,2.383119494560152762e-04,1.287516770635146503e-02,1.623411329039385273e-02,4.218868862266167939e-03,2.194888249245168649e-03,3.162155546849055449e-05,3.996504236236204932e-02,1.207549572659221901e-02,1.779226901372157194e-02,1.107133006824497293e-02,2.102522836881925636e-02,1.398893187978638049e-02,1.579052231144471505e-02,1.418807945480165741e-02,1.821361488889806229e-02,1.362894181371589186e-02,1.332741685566569620e-02,1.129270107175782412e-02,3.633046668148471464e-03,4.311758694431675962e-03,1.772333647854164654e-02,1.940477807356349310e-02,3.649776255330966848e-03,3.852094398398068359e-03,1.223127519213706819e-02,1.270760679469753324e-02,1.098993737494648876e-02
