8.077544426494346E-4 8.077544426494346E-4 0.016962843295638127 0.008885298869143781 8.077544426494346E-4 0.008885298869143781 8.077544426494346E-4 0.19466882067851374 8.077544426494346E-4 8.077544426494346E-4 8.077544426494346E-4 8.077544426494346E-4 0.7600969305331179 8.077544426494346E-4 8.077544426494346E-4 8.077544426494346E-4 8.077544426494346E-4 8.077544426494346E-4 
0.0027173913043478264 0.0027173913043478264 0.0027173913043478264 0.0027173913043478264 0.0027173913043478264 0.0027173913043478264 0.0027173913043478264 0.05706521739130435 0.0027173913043478264 0.0027173913043478264 0.0027173913043478264 0.0027173913043478264 0.8994565217391305 0.0027173913043478264 0.0027173913043478264 0.0027173913043478264 0.0027173913043478264 0.0027173913043478264 
0.0010893246187363835 0.0010893246187363835 0.2843137254901961 0.0010893246187363835 0.0010893246187363835 0.0010893246187363835 0.0010893246187363835 0.0010893246187363835 0.1862745098039216 0.0010893246187363835 0.2189542483660131 0.0010893246187363835 0.07734204793028322 0.01198257080610022 0.0010893246187363835 0.0010893246187363835 0.20806100217864926 0.0010893246187363835 
3.720238095238095E-4 3.720238095238095E-4 0.3017113095238095 0.05245535714285714 3.720238095238095E-4 3.720238095238095E-4 0.05245535714285714 3.720238095238095E-4 3.720238095238095E-4 3.720238095238095E-4 0.004092261904761905 3.720238095238095E-4 0.25334821428571425 0.0896577380952381 0.19754464285714285 0.004092261904761905 0.041294642857142856 3.720238095238095E-4 
0.001207729468599034 0.001207729468599034 0.07367149758454106 0.001207729468599034 0.001207729468599034 0.013285024154589374 0.001207729468599034 0.001207729468599034 0.46014492753623193 0.001207729468599034 0.001207729468599034 0.001207729468599034 0.43599033816425126 0.001207729468599034 0.001207729468599034 0.001207729468599034 0.001207729468599034 0.001207729468599034 
9.920634920634922E-4 9.920634920634922E-4 0.25892857142857145 9.920634920634922E-4 0.010912698412698414 9.920634920634922E-4 0.030753968253968256 0.11011904761904762 9.920634920634922E-4 0.010912698412698414 9.920634920634922E-4 9.920634920634922E-4 9.920634920634922E-4 9.920634920634922E-4 0.29861111111111116 9.920634920634922E-4 0.12996031746031747 0.13988095238095238 
0.006329113924050633 5.753739930955121E-4 5.753739930955121E-4 5.753739930955121E-4 5.753739930955121E-4 5.753739930955121E-4 5.753739930955121E-4 5.753739930955121E-4 0.15017261219792866 5.753739930955121E-4 5.753739930955121E-4 5.753739930955121E-4 0.8233601841196777 0.012082853855005753 5.753739930955121E-4 5.753739930955121E-4 5.753739930955121E-4 5.753739930955121E-4 
0.07334710743801652 0.0010330578512396695 0.0010330578512396695 0.0010330578512396695 0.0010330578512396695 0.0010330578512396695 0.0010330578512396695 0.0010330578512396695 0.3316115702479339 0.0010330578512396695 0.0010330578512396695 0.0010330578512396695 0.362603305785124 0.0010330578512396695 0.032024793388429756 0.0010330578512396695 0.18698347107438018 0.0010330578512396695 
0.0012853470437017996 0.014138817480719795 0.0012853470437017996 0.0012853470437017996 0.0012853470437017996 0.0012853470437017996 0.0012853470437017996 0.09125964010282776 0.0012853470437017996 0.0012853470437017996 0.0012853470437017996 0.0012853470437017996 0.8496143958868895 0.0012853470437017996 0.0012853470437017996 0.0012853470437017996 0.026992287917737792 0.0012853470437017996 
0.0010224948875255625 0.0010224948875255625 0.0010224948875255625 0.03169734151329243 0.02147239263803681 0.5838445807770961 0.0010224948875255625 0.0010224948875255625 0.0010224948875255625 0.0010224948875255625 0.0010224948875255625 0.0010224948875255625 0.0010224948875255625 0.0010224948875255625 0.3486707566462168 0.0010224948875255625 0.0010224948875255625 0.0010224948875255625 
0.003246753246753247 0.003246753246753247 0.19805194805194803 0.003246753246753247 0.06818181818181818 0.003246753246753247 0.003246753246753247 0.003246753246753247 0.03571428571428572 0.003246753246753247 0.003246753246753247 0.003246753246753247 0.3279220779220779 0.003246753246753247 0.003246753246753247 0.003246753246753247 0.3279220779220779 0.003246753246753247 
0.002092050209205021 0.002092050209205021 0.002092050209205021 0.002092050209205021 0.002092050209205021 0.002092050209205021 0.023012552301255235 0.002092050209205021 0.002092050209205021 0.002092050209205021 0.002092050209205021 0.002092050209205021 0.9435146443514645 0.002092050209205021 0.002092050209205021 0.002092050209205021 0.002092050209205021 0.002092050209205021 
0.0035971223021582736 0.0035971223021582736 0.0035971223021582736 0.0035971223021582736 0.0035971223021582736 0.0035971223021582736 0.0035971223021582736 0.0035971223021582736 0.0035971223021582736 0.0035971223021582736 0.0035971223021582736 0.0035971223021582736 0.0035971223021582736 0.0035971223021582736 0.6870503597122303 0.2553956834532374 0.0035971223021582736 0.0035971223021582736 
0.0010893246187363835 0.0010893246187363835 0.0010893246187363835 0.0010893246187363835 0.0010893246187363835 0.01198257080610022 0.0010893246187363835 0.0010893246187363835 0.0010893246187363835 0.0010893246187363835 0.0010893246187363835 0.0010893246187363835 0.7745098039215685 0.0010893246187363835 0.0010893246187363835 0.022875816993464054 0.17538126361655776 0.0010893246187363835 
0.00154320987654321 0.00154320987654321 0.00154320987654321 0.00154320987654321 0.00154320987654321 0.00154320987654321 0.00154320987654321 0.00154320987654321 0.125 0.00154320987654321 0.00154320987654321 0.00154320987654321 0.8503086419753088 0.00154320987654321 0.00154320987654321 0.00154320987654321 0.00154320987654321 0.00154320987654321 
0.009259259259259259 0.009259259259259259 0.3796296296296296 0.009259259259259259 0.009259259259259259 0.009259259259259259 0.009259259259259259 0.009259259259259259 0.009259259259259259 0.009259259259259259 0.009259259259259259 0.009259259259259259 0.28703703703703703 0.19444444444444445 0.009259259259259259 0.009259259259259259 0.009259259259259259 0.009259259259259259 
0.00701530612244898 6.377551020408163E-4 0.11543367346938775 6.377551020408163E-4 6.377551020408163E-4 6.377551020408163E-4 6.377551020408163E-4 0.00701530612244898 6.377551020408163E-4 6.377551020408163E-4 6.377551020408163E-4 6.377551020408163E-4 0.7340561224489796 0.03252551020408163 6.377551020408163E-4 6.377551020408163E-4 0.09630102040816325 6.377551020408163E-4 
0.00111358574610245 0.00111358574610245 0.00111358574610245 0.00111358574610245 0.00111358574610245 0.00111358574610245 0.00111358574610245 0.00111358574610245 0.00111358574610245 0.00111358574610245 0.00111358574610245 0.00111358574610245 0.9810690423162584 0.00111358574610245 0.00111358574610245 0.00111358574610245 0.00111358574610245 0.00111358574610245 
9.541984732824428E-4 9.541984732824428E-4 9.541984732824428E-4 9.541984732824428E-4 9.541984732824428E-4 9.541984732824428E-4 9.541984732824428E-4 9.541984732824428E-4 9.541984732824428E-4 9.541984732824428E-4 0.010496183206106872 9.541984732824428E-4 0.8883587786259541 0.0868320610687023 9.541984732824428E-4 9.541984732824428E-4 9.541984732824428E-4 9.541984732824428E-4 
9.541984732824428E-4 9.541984732824428E-4 9.541984732824428E-4 9.541984732824428E-4 9.541984732824428E-4 9.541984732824428E-4 9.541984732824428E-4 9.541984732824428E-4 0.0868320610687023 9.541984732824428E-4 9.541984732824428E-4 9.541984732824428E-4 0.8979007633587786 9.541984732824428E-4 9.541984732824428E-4 9.541984732824428E-4 9.541984732824428E-4 9.541984732824428E-4 
0.009098786828422877 4.332755632582322E-4 0.1477469670710572 4.332755632582322E-4 4.332755632582322E-4 4.332755632582322E-4 4.332755632582322E-4 4.332755632582322E-4 4.332755632582322E-4 4.332755632582322E-4 4.332755632582322E-4 4.332755632582322E-4 0.5550259965337955 4.332755632582322E-4 4.332755632582322E-4 4.332755632582322E-4 0.28206239168110914 4.332755632582322E-4 
9.82318271119843E-4 9.82318271119843E-4 0.6886051080550097 9.82318271119843E-4 9.82318271119843E-4 0.010805500982318273 9.82318271119843E-4 0.0893909626719057 9.82318271119843E-4 9.82318271119843E-4 9.82318271119843E-4 9.82318271119843E-4 0.19744597249508844 9.82318271119843E-4 9.82318271119843E-4 9.82318271119843E-4 9.82318271119843E-4 9.82318271119843E-4 
0.0011013215859030838 0.0011013215859030838 0.0011013215859030838 0.0011013215859030838 0.0011013215859030838 0.0011013215859030838 0.0011013215859030838 0.0011013215859030838 0.0011013215859030838 0.0011013215859030838 0.0011013215859030838 0.0011013215859030838 0.7720264317180616 0.0011013215859030838 0.0011013215859030838 0.0011013215859030838 0.210352422907489 0.0011013215859030838 
0.0015673981191222572 0.0015673981191222572 0.0015673981191222572 0.0015673981191222572 0.0015673981191222572 0.0015673981191222572 0.0015673981191222572 0.0015673981191222572 0.0015673981191222572 0.0015673981191222572 0.0015673981191222572 0.0015673981191222572 0.9733542319749217 0.0015673981191222572 0.0015673981191222572 0.0015673981191222572 0.0015673981191222572 0.0015673981191222572 
0.0014534883720930235 0.0014534883720930235 0.07412790697674418 0.0014534883720930235 0.0014534883720930235 0.0014534883720930235 0.0014534883720930235 0.0014534883720930235 0.0014534883720930235 0.0014534883720930235 0.0014534883720930235 0.0014534883720930235 0.9026162790697675 0.0014534883720930235 0.0014534883720930235 0.0014534883720930235 0.0014534883720930235 0.0014534883720930235 
5.924170616113745E-4 5.924170616113745E-4 0.012440758293838863 5.924170616113745E-4 5.924170616113745E-4 5.924170616113745E-4 5.924170616113745E-4 5.924170616113745E-4 0.10722748815165876 5.924170616113745E-4 5.924170616113745E-4 5.924170616113745E-4 0.8003554502369667 5.924170616113745E-4 5.924170616113745E-4 5.924170616113745E-4 0.04206161137440758 0.03021327014218009 
0.0025125628140703522 0.0025125628140703522 0.0025125628140703522 0.0025125628140703522 0.0025125628140703522 0.0025125628140703522 0.0025125628140703522 0.0025125628140703522 0.0025125628140703522 0.0025125628140703522 0.0025125628140703522 0.0025125628140703522 0.9572864321608041 0.0025125628140703522 0.0025125628140703522 0.0025125628140703522 0.0025125628140703522 0.0025125628140703522 
0.0030487804878048786 0.0030487804878048786 0.0030487804878048786 0.0030487804878048786 0.0030487804878048786 0.03353658536585367 0.0030487804878048786 0.0030487804878048786 0.0030487804878048786 0.0030487804878048786 0.0030487804878048786 0.0030487804878048786 0.9176829268292684 0.0030487804878048786 0.0030487804878048786 0.0030487804878048786 0.0030487804878048786 0.0030487804878048786 
0.0027932960893854754 0.0027932960893854754 0.0027932960893854754 0.0027932960893854754 0.0027932960893854754 0.0027932960893854754 0.0027932960893854754 0.0027932960893854754 0.03072625698324023 0.0027932960893854754 0.0027932960893854754 0.0027932960893854754 0.9245810055865923 0.0027932960893854754 0.0027932960893854754 0.0027932960893854754 0.0027932960893854754 0.0027932960893854754 
7.102272727272727E-4 7.102272727272727E-4 0.3274147727272727 7.102272727272727E-4 0.0078125 7.102272727272727E-4 7.102272727272727E-4 7.102272727272727E-4 7.102272727272727E-4 7.102272727272727E-4 7.102272727272727E-4 0.029119318181818177 0.5759943181818181 0.05042613636363636 7.102272727272727E-4 7.102272727272727E-4 7.102272727272727E-4 7.102272727272727E-4 
9.633911368015415E-4 9.633911368015415E-4 9.633911368015415E-4 9.633911368015415E-4 9.633911368015415E-4 9.633911368015415E-4 9.633911368015415E-4 0.07803468208092486 9.633911368015415E-4 9.633911368015415E-4 9.633911368015415E-4 9.633911368015415E-4 0.9065510597302504 9.633911368015415E-4 9.633911368015415E-4 9.633911368015415E-4 9.633911368015415E-4 9.633911368015415E-4 
0.007246376811594203 0.007246376811594203 0.007246376811594203 0.007246376811594203 0.007246376811594203 0.007246376811594203 0.007246376811594203 0.07971014492753624 0.007246376811594203 0.007246376811594203 0.007246376811594203 0.007246376811594203 0.8043478260869564 0.007246376811594203 0.007246376811594203 0.007246376811594203 0.007246376811594203 0.007246376811594203 
0.0011389521640091118 0.0011389521640091118 0.673120728929385 0.0011389521640091118 0.0011389521640091118 0.01252847380410023 0.08086560364464693 0.0011389521640091118 0.0011389521640091118 0.0011389521640091118 0.023917995444191344 0.0011389521640091118 0.18337129840546698 0.01252847380410023 0.0011389521640091118 0.0011389521640091118 0.0011389521640091118 0.0011389521640091118 
0.2018716577540107 0.014705882352941178 0.10828877005347594 0.0013368983957219253 0.0013368983957219253 0.014705882352941178 0.0013368983957219253 0.05481283422459893 0.0013368983957219253 0.0013368983957219253 0.0013368983957219253 0.0013368983957219253 0.482620320855615 0.0013368983957219253 0.0013368983957219253 0.0013368983957219253 0.10828877005347594 0.0013368983957219253 
0.0012853470437017996 0.0012853470437017996 0.07840616966580977 0.0012853470437017996 0.0012853470437017996 0.0012853470437017996 0.0012853470437017996 0.0012853470437017996 0.026992287917737792 0.014138817480719795 0.0012853470437017996 0.0012853470437017996 0.8367609254498715 0.0012853470437017996 0.0012853470437017996 0.0012853470437017996 0.026992287917737792 0.0012853470437017996 
0.04906542056074767 0.0023364485981308414 0.0023364485981308414 0.0023364485981308414 0.0023364485981308414 0.0023364485981308414 0.0023364485981308414 0.0023364485981308414 0.0023364485981308414 0.0023364485981308414 0.0023364485981308414 0.0023364485981308414 0.8901869158878506 0.0023364485981308414 0.025700934579439255 0.0023364485981308414 0.0023364485981308414 0.0023364485981308414 
0.0023364485981308414 0.0023364485981308414 0.1191588785046729 0.0023364485981308414 0.0023364485981308414 0.025700934579439255 0.0023364485981308414 0.0023364485981308414 0.0023364485981308414 0.0023364485981308414 0.0023364485981308414 0.0023364485981308414 0.8200934579439253 0.0023364485981308414 0.0023364485981308414 0.0023364485981308414 0.0023364485981308414 0.0023364485981308414 
0.01912568306010929 9.107468123861568E-4 0.30145719489981787 0.010018214936247724 9.107468123861568E-4 9.107468123861568E-4 9.107468123861568E-4 9.107468123861568E-4 0.07377049180327869 0.13752276867030966 9.107468123861568E-4 9.107468123861568E-4 0.21948998178506376 9.107468123861568E-4 9.107468123861568E-4 9.107468123861568E-4 0.22859744990892533 9.107468123861568E-4 
0.001269035532994924 0.001269035532994924 0.001269035532994924 0.001269035532994924 0.001269035532994924 0.001269035532994924 0.001269035532994924 0.001269035532994924 0.11548223350253807 0.001269035532994924 0.001269035532994924 0.001269035532994924 0.8515228426395939 0.001269035532994924 0.001269035532994924 0.013959390862944164 0.001269035532994924 0.001269035532994924 
0.017799352750809065 0.0016181229773462784 0.27669902912621364 0.017799352750809065 0.0016181229773462784 0.0016181229773462784 0.0016181229773462784 0.0016181229773462784 0.03398058252427185 0.0016181229773462784 0.0016181229773462784 0.0016181229773462784 0.6003236245954693 0.0016181229773462784 0.0016181229773462784 0.0016181229773462784 0.03398058252427185 0.0016181229773462784 
0.0012224938875305626 0.0012224938875305626 0.6246943765281174 0.0012224938875305626 0.0012224938875305626 0.0012224938875305626 0.0012224938875305626 0.0012224938875305626 0.0012224938875305626 0.0012224938875305626 0.013447432762836187 0.0012224938875305626 0.28239608801955995 0.0012224938875305626 0.0012224938875305626 0.013447432762836187 0.037897310513447434 0.013447432762836187 
0.0043859649122807015 0.0043859649122807015 0.0043859649122807015 0.0043859649122807015 0.0043859649122807015 0.0043859649122807015 0.0043859649122807015 0.0043859649122807015 0.0043859649122807015 0.0043859649122807015 0.0043859649122807015 0.0043859649122807015 0.8815789473684211 0.0043859649122807015 0.0043859649122807015 0.048245614035087724 0.0043859649122807015 0.0043859649122807015 
0.013059701492537313 6.218905472636816E-4 0.3302238805970149 0.013059701492537313 0.01927860696517413 6.218905472636816E-4 6.218905472636816E-4 6.218905472636816E-4 6.218905472636816E-4 6.218905472636816E-4 6.218905472636816E-4 6.218905472636816E-4 0.48569651741293524 6.218905472636816E-4 0.13121890547263682 6.218905472636816E-4 6.218905472636816E-4 6.218905472636816E-4 
9.920634920634922E-4 9.920634920634922E-4 0.576388888888889 9.920634920634922E-4 9.920634920634922E-4 9.920634920634922E-4 9.920634920634922E-4 9.920634920634922E-4 0.030753968253968256 9.920634920634922E-4 9.920634920634922E-4 0.08035714285714285 0.16964285714285715 9.920634920634922E-4 9.920634920634922E-4 0.020833333333333336 0.11011904761904762 9.920634920634922E-4 
9.920634920634922E-4 9.920634920634922E-4 9.920634920634922E-4 9.920634920634922E-4 9.920634920634922E-4 9.920634920634922E-4 9.920634920634922E-4 9.920634920634922E-4 9.920634920634922E-4 9.920634920634922E-4 9.920634920634922E-4 9.920634920634922E-4 0.9831349206349206 9.920634920634922E-4 9.920634920634922E-4 9.920634920634922E-4 9.920634920634922E-4 9.920634920634922E-4 
5.213764337851929E-4 5.213764337851929E-4 0.26120959332638166 5.213764337851929E-4 5.213764337851929E-4 5.213764337851929E-4 5.213764337851929E-4 0.03180396246089676 5.213764337851929E-4 5.213764337851929E-4 5.213764337851929E-4 5.213764337851929E-4 0.5688216892596454 0.03180396246089676 5.213764337851929E-4 0.03180396246089676 0.06830031282586027 5.213764337851929E-4 
0.0010438413361169103 0.0010438413361169103 0.0010438413361169103 0.0010438413361169103 0.0010438413361169103 0.0010438413361169103 0.0010438413361169103 0.0010438413361169103 0.19937369519832987 0.0010438413361169103 0.0010438413361169103 0.0010438413361169103 0.7839248434237995 0.0010438413361169103 0.0010438413361169103 0.0010438413361169103 0.0010438413361169103 0.0010438413361169103 
5.787037037037037E-4 0.09895833333333333 0.35358796296296297 5.787037037037037E-4 5.787037037037037E-4 0.006365740740740741 5.787037037037037E-4 5.787037037037037E-4 5.787037037037037E-4 5.787037037037037E-4 5.787037037037037E-4 0.012152777777777778 0.45775462962962954 0.03530092592592592 0.02372685185185185 5.787037037037037E-4 5.787037037037037E-4 0.006365740740740741 
0.004201680672268907 0.004201680672268907 0.004201680672268907 0.004201680672268907 0.004201680672268907 0.004201680672268907 0.004201680672268907 0.08823529411764706 0.004201680672268907 0.004201680672268907 0.004201680672268907 0.004201680672268907 0.6764705882352942 0.004201680672268907 0.08823529411764706 0.004201680672268907 0.08823529411764706 0.004201680672268907 
6.765899864682002E-4 6.765899864682002E-4 0.09539918809201622 6.765899864682002E-4 6.765899864682002E-4 6.765899864682002E-4 6.765899864682002E-4 6.765899864682002E-4 6.765899864682002E-4 6.765899864682002E-4 6.765899864682002E-4 6.765899864682002E-4 0.8193504736129904 6.765899864682002E-4 6.765899864682002E-4 0.007442489851150203 0.06833558863328822 6.765899864682002E-4 
0.004017531044558072 3.652300949598247E-4 0.15010956902848796 3.652300949598247E-4 0.007669831994156318 3.652300949598247E-4 0.07341124908692477 3.652300949598247E-4 0.01862673484295106 3.652300949598247E-4 3.652300949598247E-4 3.652300949598247E-4 0.7235208181154127 3.652300949598247E-4 3.652300949598247E-4 0.01497443389335281 3.652300949598247E-4 0.004017531044558072 
0.01553672316384181 0.029661016949152543 0.3686440677966102 0.0014124293785310737 0.0014124293785310737 0.0014124293785310737 0.0014124293785310737 0.0014124293785310737 0.04378531073446328 0.0014124293785310737 0.0014124293785310737 0.0014124293785310737 0.4816384180790961 0.0014124293785310737 0.0014124293785310737 0.0014124293785310737 0.04378531073446328 0.0014124293785310737 
0.0015197568389057753 0.0015197568389057753 0.2598784194528876 0.0015197568389057753 0.0015197568389057753 0.0015197568389057753 0.0015197568389057753 0.0015197568389057753 0.0015197568389057753 0.0015197568389057753 0.0015197568389057753 0.016717325227963528 0.6094224924012158 0.0015197568389057753 0.0015197568389057753 0.0015197568389057753 0.09270516717325228 0.0015197568389057753 
7.41839762611276E-4 7.41839762611276E-4 7.41839762611276E-4 0.015578635014836795 7.41839762611276E-4 7.41839762611276E-4 7.41839762611276E-4 7.41839762611276E-4 0.2010385756676558 7.41839762611276E-4 7.41839762611276E-4 7.41839762611276E-4 0.7574183976261126 7.41839762611276E-4 7.41839762611276E-4 7.41839762611276E-4 0.015578635014836795 7.41839762611276E-4 
8.27814569536424E-4 0.009105960264900664 0.4064569536423841 8.27814569536424E-4 8.27814569536424E-4 8.27814569536424E-4 8.27814569536424E-4 8.27814569536424E-4 0.009105960264900664 8.27814569536424E-4 8.27814569536424E-4 8.27814569536424E-4 8.27814569536424E-4 0.5554635761589404 8.27814569536424E-4 8.27814569536424E-4 0.009105960264900664 8.27814569536424E-4 
6.257822277847309E-4 6.257822277847309E-4 0.20087609511889862 6.257822277847309E-4 6.257822277847309E-4 6.257822277847309E-4 6.257822277847309E-4 6.257822277847309E-4 6.257822277847309E-4 6.257822277847309E-4 6.257822277847309E-4 6.257822277847309E-4 0.7891113892365456 6.257822277847309E-4 6.257822277847309E-4 6.257822277847309E-4 6.257822277847309E-4 6.257822277847309E-4 
0.0027173913043478264 0.0027173913043478264 0.0027173913043478264 0.0027173913043478264 0.0027173913043478264 0.0027173913043478264 0.02989130434782609 0.0027173913043478264 0.0027173913043478264 0.0027173913043478264 0.0027173913043478264 0.0027173913043478264 0.9266304347826088 0.0027173913043478264 0.0027173913043478264 0.0027173913043478264 0.0027173913043478264 0.0027173913043478264 
0.0011261261261261261 0.0011261261261261261 0.8569819819819819 0.0011261261261261261 0.0011261261261261261 0.0011261261261261261 0.0011261261261261261 0.0011261261261261261 0.01238738738738739 0.01238738738738739 0.0011261261261261261 0.0011261261261261261 0.0011261261261261261 0.0011261261261261261 0.10247747747747747 0.0011261261261261261 0.0011261261261261261 0.0011261261261261261 
0.026711813393528967 3.762227238525207E-4 0.24492099322799094 3.762227238525207E-4 3.762227238525207E-4 0.026711813393528967 3.762227238525207E-4 0.007900677200902935 0.019187358916478554 3.762227238525207E-4 3.762227238525207E-4 0.004138449962377728 0.48194130925507894 3.762227238525207E-4 0.004138449962377728 3.762227238525207E-4 0.17343867569601204 0.007900677200902935 
5.055611729019212E-4 5.055611729019212E-4 5.055611729019212E-4 5.055611729019212E-4 5.055611729019212E-4 5.055611729019212E-4 5.055611729019212E-4 5.055611729019212E-4 0.05611729019211324 5.055611729019212E-4 5.055611729019212E-4 5.055611729019212E-4 0.9357937310414559 5.055611729019212E-4 5.055611729019212E-4 5.055611729019212E-4 5.055611729019212E-4 5.055611729019212E-4 
6.257822277847309E-4 6.257822277847309E-4 6.257822277847309E-4 0.019399249061326656 6.257822277847309E-4 6.257822277847309E-4 6.257822277847309E-4 6.257822277847309E-4 0.1821026282853567 6.257822277847309E-4 6.257822277847309E-4 6.257822277847309E-4 0.7891113892365456 6.257822277847309E-4 6.257822277847309E-4 6.257822277847309E-4 6.257822277847309E-4 6.257822277847309E-4 
9.541984732824428E-4 9.541984732824428E-4 0.029580152671755726 9.541984732824428E-4 9.541984732824428E-4 0.0200381679389313 9.541984732824428E-4 0.0200381679389313 9.541984732824428E-4 9.541984732824428E-4 0.0200381679389313 0.029580152671755726 0.4494274809160306 9.541984732824428E-4 0.4208015267175573 9.541984732824428E-4 9.541984732824428E-4 9.541984732824428E-4 
0.0010330578512396695 0.0010330578512396695 0.20764462809917358 0.1146694214876033 0.0010330578512396695 0.011363636363636366 0.0010330578512396695 0.0010330578512396695 0.0010330578512396695 0.042355371900826444 0.011363636363636366 0.0010330578512396695 0.1353305785123967 0.0010330578512396695 0.3522727272727273 0.0010330578512396695 0.09400826446280991 0.02169421487603306 
7.41839762611276E-4 7.41839762611276E-4 0.05267062314540059 7.41839762611276E-4 7.41839762611276E-4 7.41839762611276E-4 7.41839762611276E-4 7.41839762611276E-4 0.43842729970326405 7.41839762611276E-4 7.41839762611276E-4 7.41839762611276E-4 0.4681008902077151 7.41839762611276E-4 7.41839762611276E-4 7.41839762611276E-4 0.022997032640949554 0.008160237388724036 
0.0014326647564469916 0.030085959885386822 0.4025787965616046 0.030085959885386822 0.0014326647564469916 0.0014326647564469916 0.0014326647564469916 0.01575931232091691 0.0014326647564469916 0.0014326647564469916 0.030085959885386822 0.0014326647564469916 0.0014326647564469916 0.0014326647564469916 0.3739255014326648 0.01575931232091691 0.07306590257879655 0.01575931232091691 
0.0016447368421052633 0.0016447368421052633 0.0016447368421052633 0.0016447368421052633 0.0016447368421052633 0.0016447368421052633 0.0016447368421052633 0.0016447368421052633 0.10032894736842105 0.0016447368421052633 0.0016447368421052633 0.0016447368421052633 0.8733552631578948 0.0016447368421052633 0.0016447368421052633 0.0016447368421052633 0.0016447368421052633 0.0016447368421052633 
0.001179245283018868 0.001179245283018868 0.001179245283018868 0.001179245283018868 0.001179245283018868 0.001179245283018868 0.001179245283018868 0.001179245283018868 0.23702830188679247 0.001179245283018868 0.001179245283018868 0.001179245283018868 0.732311320754717 0.001179245283018868 0.001179245283018868 0.001179245283018868 0.001179245283018868 0.01297169811320755 
0.0010020040080160322 0.0010020040080160322 0.0010020040080160322 0.0010020040080160322 0.0010020040080160322 0.0010020040080160322 0.0010020040080160322 0.0010020040080160322 0.021042084168336674 0.0010020040080160322 0.011022044088176353 0.0010020040080160322 0.9529058116232465 0.0010020040080160322 0.0010020040080160322 0.0010020040080160322 0.0010020040080160322 0.0010020040080160322 
0.0010438413361169103 0.0010438413361169103 0.08455114822546973 0.0010438413361169103 0.0010438413361169103 0.0010438413361169103 0.0010438413361169103 0.0010438413361169103 0.0010438413361169103 0.0010438413361169103 0.0010438413361169103 0.011482254697286014 0.8256784968684759 0.0010438413361169103 0.0010438413361169103 0.0010438413361169103 0.06367432150313153 0.0010438413361169103 
0.057103064066852366 0.0013927576601671311 0.5167130919220057 0.0013927576601671311 0.0013927576601671311 0.0013927576601671311 0.0013927576601671311 0.04317548746518106 0.0988857938718663 0.0013927576601671311 0.0013927576601671311 0.0013927576601671311 0.2242339832869081 0.0013927576601671311 0.0013927576601671311 0.0013927576601671311 0.0013927576601671311 0.04317548746518106 
0.002873563218390805 0.002873563218390805 0.2614942528735632 0.002873563218390805 0.002873563218390805 0.002873563218390805 0.002873563218390805 0.060344827586206906 0.002873563218390805 0.002873563218390805 0.08908045977011496 0.002873563218390805 0.002873563218390805 0.31896551724137934 0.1752873563218391 0.060344827586206906 0.002873563218390805 0.002873563218390805 
0.027638190954773875 0.0025125628140703522 0.0025125628140703522 0.0025125628140703522 0.0025125628140703522 0.027638190954773875 0.0025125628140703522 0.0025125628140703522 0.0025125628140703522 0.0025125628140703522 0.0025125628140703522 0.0025125628140703522 0.5552763819095479 0.0025125628140703522 0.0025125628140703522 0.0025125628140703522 0.35427135678391963 0.0025125628140703522 
0.0010020040080160322 0.0010020040080160322 0.0010020040080160322 0.0010020040080160322 0.0010020040080160322 0.011022044088176353 0.0010020040080160322 0.0010020040080160322 0.0010020040080160322 0.0010020040080160322 0.0010020040080160322 0.11122244488977956 0.8226452905811623 0.0010020040080160322 0.011022044088176353 0.0010020040080160322 0.031062124248496997 0.0010020040080160322 
0.001792114695340502 0.001792114695340502 0.001792114695340502 0.001792114695340502 0.001792114695340502 0.001792114695340502 0.001792114695340502 0.001792114695340502 0.001792114695340502 0.001792114695340502 0.001792114695340502 0.001792114695340502 0.9516129032258065 0.001792114695340502 0.001792114695340502 0.001792114695340502 0.019713261648745522 0.001792114695340502 
0.001730103806228374 0.001730103806228374 0.001730103806228374 0.001730103806228374 0.001730103806228374 0.001730103806228374 0.001730103806228374 0.001730103806228374 0.31314878892733566 0.001730103806228374 0.001730103806228374 0.001730103806228374 0.6591695501730105 0.001730103806228374 0.001730103806228374 0.001730103806228374 0.001730103806228374 0.001730103806228374 
0.0016447368421052633 0.0016447368421052633 0.0016447368421052633 0.0016447368421052633 0.0016447368421052633 0.0016447368421052633 0.0016447368421052633 0.0016447368421052633 0.0016447368421052633 0.0016447368421052633 0.0016447368421052633 0.0016447368421052633 0.9720394736842106 0.0016447368421052633 0.0016447368421052633 0.0016447368421052633 0.0016447368421052633 0.0016447368421052633 
8.865248226950355E-4 8.865248226950355E-4 8.865248226950355E-4 8.865248226950355E-4 8.865248226950355E-4 8.865248226950355E-4 8.865248226950355E-4 8.865248226950355E-4 8.865248226950355E-4 8.865248226950355E-4 8.865248226950355E-4 0.00975177304964539 0.9671985815602837 8.865248226950355E-4 8.865248226950355E-4 8.865248226950355E-4 0.00975177304964539 8.865248226950355E-4 
0.0010660980810234544 0.0010660980810234544 0.6407249466950959 0.0010660980810234544 0.0010660980810234544 0.0010660980810234544 0.0010660980810234544 0.15031982942430705 0.011727078891257996 0.011727078891257996 0.0010660980810234544 0.0010660980810234544 0.0010660980810234544 0.08635394456289978 0.0650319829424307 0.0010660980810234544 0.011727078891257996 0.011727078891257996 
7.704160246533128E-4 7.704160246533128E-4 0.28582434514637906 7.704160246533128E-4 7.704160246533128E-4 7.704160246533128E-4 7.704160246533128E-4 0.023882896764252697 7.704160246533128E-4 7.704160246533128E-4 0.00847457627118644 7.704160246533128E-4 0.6171032357473034 7.704160246533128E-4 7.704160246533128E-4 7.704160246533128E-4 0.0546995377503852 7.704160246533128E-4 
0.0025125628140703522 0.0025125628140703522 0.12814070351758794 0.0025125628140703522 0.0025125628140703522 0.0025125628140703522 0.0025125628140703522 0.0025125628140703522 0.20351758793969849 0.0025125628140703522 0.05276381909547739 0.0025125628140703522 0.5804020100502514 0.0025125628140703522 0.0025125628140703522 0.0025125628140703522 0.0025125628140703522 0.0025125628140703522 
7.645259938837921E-4 7.645259938837921E-4 7.645259938837921E-4 7.645259938837921E-4 7.645259938837921E-4 7.645259938837921E-4 7.645259938837921E-4 7.645259938837921E-4 0.13837920489296637 7.645259938837921E-4 7.645259938837921E-4 7.645259938837921E-4 0.834097859327217 7.645259938837921E-4 0.016055045871559634 7.645259938837921E-4 7.645259938837921E-4 7.645259938837921E-4 
0.0043859649122807015 0.0043859649122807015 0.3114035087719298 0.0043859649122807015 0.0043859649122807015 0.0043859649122807015 0.0043859649122807015 0.17982456140350875 0.048245614035087724 0.0043859649122807015 0.0043859649122807015 0.0043859649122807015 0.3991228070175438 0.0043859649122807015 0.0043859649122807015 0.0043859649122807015 0.0043859649122807015 0.0043859649122807015 
0.0013736263736263737 0.042582417582417584 0.028846153846153848 0.0013736263736263737 0.0013736263736263737 0.0013736263736263737 0.0013736263736263737 0.0013736263736263737 0.0013736263736263737 0.0013736263736263737 0.028846153846153848 0.0013736263736263737 0.8804945054945055 0.0013736263736263737 0.0013736263736263737 0.0013736263736263737 0.0013736263736263737 0.0013736263736263737 
9.82318271119843E-4 9.82318271119843E-4 9.82318271119843E-4 9.82318271119843E-4 9.82318271119843E-4 0.0206286836935167 9.82318271119843E-4 0.05009823182711198 9.82318271119843E-4 9.82318271119843E-4 9.82318271119843E-4 9.82318271119843E-4 0.9047151277013752 0.010805500982318273 9.82318271119843E-4 9.82318271119843E-4 9.82318271119843E-4 9.82318271119843E-4 
0.0016722408026755855 0.0016722408026755855 0.0016722408026755855 0.0016722408026755855 0.0016722408026755855 0.0016722408026755855 0.0016722408026755855 0.0016722408026755855 0.0016722408026755855 0.0016722408026755855 0.0016722408026755855 0.0016722408026755855 0.9715719063545151 0.0016722408026755855 0.0016722408026755855 0.0016722408026755855 0.0016722408026755855 0.0016722408026755855 
0.002645502645502646 0.002645502645502646 0.002645502645502646 0.002645502645502646 0.002645502645502646 0.002645502645502646 0.002645502645502646 0.002645502645502646 0.002645502645502646 0.002645502645502646 0.002645502645502646 0.029100529100529106 0.9285714285714287 0.002645502645502646 0.002645502645502646 0.002645502645502646 0.002645502645502646 0.002645502645502646 
0.002450980392156863 0.002450980392156863 0.24754901960784315 0.002450980392156863 0.002450980392156863 0.002450980392156863 0.002450980392156863 0.002450980392156863 0.002450980392156863 0.002450980392156863 0.002450980392156863 0.002450980392156863 0.17401960784313725 0.002450980392156863 0.5416666666666667 0.002450980392156863 0.002450980392156863 0.002450980392156863 
0.007246376811594203 0.007246376811594203 0.007246376811594203 0.007246376811594203 0.007246376811594203 0.007246376811594203 0.007246376811594203 0.3695652173913043 0.007246376811594203 0.007246376811594203 0.007246376811594203 0.007246376811594203 0.15217391304347827 0.007246376811594203 0.007246376811594203 0.007246376811594203 0.3695652173913043 0.007246376811594203 
0.0012853470437017996 0.0012853470437017996 0.0012853470437017996 0.0012853470437017996 0.0012853470437017996 0.0012853470437017996 0.0012853470437017996 0.0012853470437017996 0.0012853470437017996 0.0012853470437017996 0.0012853470437017996 0.0012853470437017996 0.9524421593830333 0.0012853470437017996 0.0012853470437017996 0.0012853470437017996 0.026992287917737792 0.0012853470437017996 
9.920634920634922E-4 9.920634920634922E-4 0.020833333333333336 9.920634920634922E-4 9.920634920634922E-4 9.920634920634922E-4 9.920634920634922E-4 0.13988095238095238 0.050595238095238096 0.010912698412698414 9.920634920634922E-4 9.920634920634922E-4 0.7351190476190476 9.920634920634922E-4 9.920634920634922E-4 9.920634920634922E-4 0.030753968253968256 9.920634920634922E-4 
0.02587646076794658 8.347245409015025E-4 0.08430717863105175 8.347245409015025E-4 0.2262103505843072 8.347245409015025E-4 8.347245409015025E-4 8.347245409015025E-4 8.347245409015025E-4 8.347245409015025E-4 8.347245409015025E-4 0.02587646076794658 8.347245409015025E-4 8.347245409015025E-4 0.43489148580968284 0.042570951585976624 0.15108514190317196 8.347245409015025E-4 
9.191176470588236E-4 0.01011029411764706 0.14797794117647062 0.01011029411764706 0.0744485294117647 9.191176470588236E-4 9.191176470588236E-4 0.1755514705882353 9.191176470588236E-4 0.05606617647058823 9.191176470588236E-4 9.191176470588236E-4 0.4329044117647059 0.01011029411764706 0.0744485294117647 9.191176470588236E-4 9.191176470588236E-4 9.191176470588236E-4 
0.005319148936170213 0.005319148936170213 0.005319148936170213 0.005319148936170213 0.005319148936170213 0.005319148936170213 0.005319148936170213 0.005319148936170213 0.005319148936170213 0.005319148936170213 0.005319148936170213 0.005319148936170213 0.9095744680851064 0.005319148936170213 0.005319148936170213 0.005319148936170213 0.005319148936170213 0.005319148936170213 
0.012820512820512822 0.0011655011655011655 0.0011655011655011655 0.0011655011655011655 0.0011655011655011655 0.0011655011655011655 0.0011655011655011655 0.0011655011655011655 0.0944055944055944 0.0011655011655011655 0.0011655011655011655 0.0011655011655011655 0.8636363636363636 0.0011655011655011655 0.0011655011655011655 0.012820512820512822 0.0011655011655011655 0.0011655011655011655 
0.0013020833333333335 0.0013020833333333335 0.0013020833333333335 0.0013020833333333335 0.0013020833333333335 0.0013020833333333335 0.0013020833333333335 0.0013020833333333335 0.0013020833333333335 0.0013020833333333335 0.0013020833333333335 0.0013020833333333335 0.6653645833333334 0.0013020833333333335 0.0013020833333333335 0.0013020833333333335 0.31380208333333337 0.0013020833333333335 
