1.266798871180236513e-02,1.051468133133034305e-02,3.750017563698047895e-03,1.310432123457672647e-02,7.167933766771897308e-04,2.513192106705062785e-03,5.122907992688024992e-03,1.178650616539024532e-03,7.132285752133739332e-03,7.766834297910189810e-04,3.931360531363101152e-04,1.587747006761418278e-03,6.632152472241303887e-03,1.104221064119101370e-03,7.212460354273442578e-03,1.701563537778288254e-02,7.634739091374645459e-03,1.076774113657141818e-03,1.404732529758881410e-03,9.034772869019450092e-03,3.090390342225440845e-03,6.182873752441103536e-03,1.504900424894484168e-03,3.416749101842390599e-03,6.824642203964247089e-03,8.263882802929806148e-04,8.017531830902362155e-03,3.052003438566382176e-03,1.577246253913253127e-02,1.435974965729623631e-02,4.549696155645155393e-04,2.800467652356725123e-04,8.425250405231718420e-04,1.526272110689779350e-03,3.658230045326411623e-03
9.434277549910996541e-03,4.520138254306010211e-03,6.772230333398283550e-03,5.173798157880951654e-03,8.055596496258539407e-03,5.863014092987742232e-03,1.050585343374127456e-03,7.882322105317220856e-03,1.524308925539733656e-03,4.866645346993169613e-03,2.411764812226767016e-03,5.790878601361695854e-04,1.087968096472025428e-02,7.640765084003506291e-03,1.363544631922432304e-04,1.621961568886678973e-03,1.065061723540983163e-03,1.382713056512657225e-03,9.497737178777304612e-04,3.148512467241980362e-03,7.973261508373657123e-04,1.578987944114042599e-03,5.358961649754551138e-03,1.607816837436385621e-04,3.220191461999481058e-03,9.815039135707295456e-03,3.438881178562808172e-04,1.323657816713780591e-03,1.220424164740246953e-04,2.621590751072010173e-03,3.235009169614680435e-03,7.849683219097181031e-04,7.816231410459478779e-04,2.535215398653057565e-03,9.886256726147689237e-04
7.216207580969163926e-03,6.689031970126713134e-03,2.625830924633566765e-03,8.202076627122932562e-03,3.459912231058459575e-03,4.994096748584437445e-03,5.374150407197762769e-03,2.848604049042538500e-04,3.238466330446027053e-03,8.608265579826614167e-03,9.593675371274923425e-03,3.088174053804335073e-03,8.875576960984780939e-03,6.766753434319681265e-03,1.340975697087035123e-04,2.532511187892466653e-03,3.203289424780117120e-03,7.977821370641381693e-03,1.679997004902900049e-03,1.234175487986252651e-03,4.931091038899042267e-03,5.532496733338054806e-03,6.147504288980185083e-03,2.004282047007172052e-04,9.893920331480836328e-04,4.177398031753563890e-03,3.620055890592790981e-03,1.730434792103399677e-03,1.763525912376363858e-03,5.297806653469031013e-04,7.518097073100568628e-04,1.709130896803287558e-03,4.141703884932783353e-03,3.266054327195760942e-03,1.944451282400311287e-04
7.099478755892023665e-03,3.993303362022096459e-03,2.331804231298971984e-03,1.210601357101851079e-03,2.348675350844278698e-03,1.283398456588446786e-03,4.590861862462172760e-04,1.854379246085327429e-03,7.708234451188449021e-04,2.709894195971122161e-03,3.338530635343327137e-03,2.273175976370073875e-03,5.425195190694953595e-03,2.877411397812040111e-03,5.809785638606433829e-03,8.476842500710039460e-03,6.594607062370014261e-03,3.316255621736759890e-04,7.040283222408023900e-04,3.712535744536817062e-03,1.118573387834021285e-03,3.972350873575293193e-05,1.291848509800491707e-02,9.397572212061911087e-04,8.229865241931116904e-03,7.894005872748039582e-03,2.889166495333560930e-03,2.010087819432496495e-03,3.838149777482119385e-04,5.021619798665083456e-04,8.008445379120640584e-03,6.106410417748356356e-04,1.120807215073765795e-03,1.307681992682040292e-03,3.722324841395102842e-04
1.577089036409970446e-02,4.451172618445353724e-03,5.950626359873498715e-03,5.733320363480932935e-03,2.998149286632813271e-03,1.206762268883586342e-02,1.105735966148937988e-02,8.918764517409166759e-03,9.103077165502591883e-04,6.085229508740444895e-03,3.506676309104837450e-03,1.997603574092770423e-03,2.371046565855655652e-04,8.945935436505306204e-03,5.098772459177629626e-03,2.378058668862331748e-02,6.941543283802802111e-04,5.865439551993971434e-04,3.877536556714078486e-03,2.625956253239407345e-03,4.680101029818682992e-03,6.289195226652864040e-04,9.158824250913527240e-03,4.515330649301829008e-03,2.006503184531608936e-03,1.963036134624458751e-02,1.964318089571572001e-03,5.439887725580110772e-03,7.585463350478376110e-03,1.282083320464232762e-02,3.142865574961427322e-03,5.241665086960951847e-03,5.708177950346327717e-03,4.325135869930656941e-03,2.624723141082752932e-03
4.391545199466951807e-03,5.333779382064945951e-03,8.347610806111321891e-04,5.186748572242029509e-03,5.460551747458103344e-03,1.327026865992141091e-03,1.414843437352596676e-03,9.825745767027688204e-03,1.766901500275253056e-03,1.758385380429453027e-03,4.534399075737938212e-04,1.633816883504779494e-05,5.932290721966277346e-03,4.636863413542170742e-04,4.596260579933487966e-03,1.377123580501817338e-02,5.484003375619546199e-04,1.130957009868829855e-03,2.974324250226506594e-03,5.297031652365483470e-03,4.428570379224262832e-03,1.890948531256819720e-03,1.978069913689650249e-03,5.461338323070781542e-03,2.413901975504383849e-03,1.480292330643527554e-03,2.136767437532376135e-03,4.397940643782363712e-03,4.348311077517565820e-03,3.478450424396494628e-03,5.051932800978891150e-03,2.752890619661144470e-03,2.916978079127301691e-03,8.068927645248247238e-03,2.299706774764112560e-03
9.139461986117777478e-03,3.448360768302656445e-03,2.495280400843556158e-03,8.551480383511641690e-04,9.743524852841873446e-04,2.047925983457338922e-03,4.791048774820970413e-03,1.769861660725500097e-03,4.313908228490872035e-03,1.123714862691438734e-03,3.257028247815906604e-03,1.389779386475140793e-05,6.640399561362832909e-03,1.617385467903197788e-03,3.791638813690036310e-03,1.082650350047015438e-02,5.144744424708899699e-03,6.038786054938759251e-04,8.900543186660224079e-03,1.176403256244177783e-02,2.721236255262965420e-04,1.714054331003427695e-04,1.101682271245071898e-02,9.888385418368329099e-04,6.411068803257410909e-03,1.312365777481018167e-02,2.750849557175864130e-03,1.752413962997320532e-03,3.403424064439594665e-03,1.051562361905873655e-02,4.238828011333059531e-03,2.376650900627825039e-03,7.073666610700489465e-03,1.048495611335387677e-03,5.979486175176620608e-04
3.060352890569812898e-03,6.379691121329591173e-04,1.896315458310415640e-03,3.088847174407085595e-03,6.323101552090997293e-03,3.819573933595002890e-04,1.807595350106168397e-03,3.747699641996506256e-04,3.359306817017790499e-03,2.566531202669009980e-03,2.117375263543241383e-03,8.449490284816556229e-04,2.087449916684655168e-03,3.977408790786372134e-03,8.816197425434082070e-04,3.712143496372656733e-03,2.023108835070425160e-03,2.109810480339981923e-03,5.980875333987230313e-03,1.445247082763018859e-03,6.159786228222309534e-04,4.337629920688709670e-05,3.856666840251321560e-03,9.331778367533690539e-04,4.028505094389844832e-03,4.908587813481588361e-03,3.305983916421576831e-03,7.140519405140299900e-04,4.042611264900720924e-03,1.962252515088358518e-04,1.303582854985760320e-03,4.873285122045618173e-03,1.140083796015547990e-02,1.422746028773336539e-04,4.688147721232870341e-04
1.503626831098283864e-02,4.585909046497763097e-03,2.686135160530612326e-03,1.858130781775688828e-03,6.604045800709400921e-03,1.136798491601728744e-02,1.233176145289879844e-04,2.731597115646938745e-03,2.415165771930724570e-03,1.289175609677894324e-02,2.748604293615470456e-03,3.131891929635624919e-03,7.094281720551348647e-03,1.801905049612917420e-05,8.525390996611762612e-04,2.138113626363995906e-04,1.928581347754924208e-03,3.095677726511751604e-03,1.063621554053061080e-03,7.246505536686001503e-03,4.018144879283279403e-03,8.066687112552775596e-03,5.577088196176241928e-03,1.415015523253876362e-03,1.435694640845188060e-03,3.712875495640033385e-03,2.294599039544091557e-04,2.076669704788328130e-03,3.631898847039511172e-03,8.852975571223466872e-04,1.302002450498666170e-03,2.668968443474497437e-03,4.481182437262065318e-03,9.175258150403639568e-05,9.599717179203867690e-04
7.270996480268632212e-03,8.954907039313862727e-03,9.758938088439791936e-03,3.828562692555659286e-03,1.057301411174448036e-02,2.274927007515072097e-02,3.880981030313982588e-03,2.167024783003988764e-02,2.829667398549833013e-03,3.143745374838427531e-03,6.189802466650897936e-03,3.195905120479819450e-04,1.509895186594849281e-02,4.336229992714955850e-03,3.485399228154231754e-03,1.236448953293874109e-02,1.631050463977904916e-03,6.449518028332143493e-03,5.237966670226689402e-03,8.094225797953047419e-03,1.088069129572821758e-03,5.023714829170054103e-03,4.488441895948760627e-03,1.116834557989355124e-02,2.001768347595911379e-03,2.021971500896058149e-03,2.196849103611731024e-04,1.232623090724031117e-02,2.409547141343885545e-03,1.229870532652562777e-03,8.846002775562758491e-04,3.633409241208338664e-03,3.369387145960311275e-03,2.384470952137733319e-03,5.144148611836443785e-03
5.846758758700365197e-03,1.031441936632621070e-02,1.060078293838653818e-03,2.482643745584336981e-03,6.771185874710039521e-03,6.367190835954199962e-03,4.077825143048192415e-03,3.295622151464484839e-03,6.760174850933498014e-03,7.540745845627250254e-05,3.445928351676730284e-03,4.032554703783775008e-03,4.614047476700509388e-03,4.171607632787717977e-03,5.038843733767929545e-03,9.391663327015764909e-03,1.386526773020777068e-03,3.731248654647887492e-03,4.566076774907591729e-04,8.557069870286319185e-04,3.452820227880654125e-04,6.715879124306864401e-03,4.354764543347844699e-03,3.174898028860347055e-03,1.585848323869423846e-03,4.485113709123592085e-03,3.333525726251739679e-03,9.947052365422842657e-05,1.114091971200294878e-03,2.907083452445471256e-03,4.193257476825030562e-03,3.608515219290786558e-04,1.874817195683266876e-03,5.266332167562504107e-05,2.058118260565976188e-03
6.192818696034740368e-03,4.690816744647996472e-04,2.893439688341058885e-03,2.782226967102841009e-03,3.273111167439897440e-04,6.175752424610906829e-03,2.868686539275601237e-03,9.479530429998311164e-03,2.712334528560169863e-03,7.725523561595872002e-04,9.690990603787544289e-03,1.237750723218147830e-03,3.250969771984722062e-03,4.919343390344549719e-03,2.202005746947087450e-04,1.391646907032084712e-03,3.515314618919088141e-04,8.547109346399062862e-03,3.289545197114867453e-03,7.240314986293891475e-03,8.929030157596384853e-03,1.348655714108021320e-02,7.309791353430345265e-03,3.299929904590770402e-03,3.708620655360883762e-03,1.082394830177459133e-02,2.020300811555757192e-02,2.818529450637131950e-03,3.762344628767120766e-03,4.916055387978478242e-03,4.453991849516399093e-04,3.562708325187194380e-04,8.374852189472351341e-03,1.591097923090881161e-02,3.394390661805600506e-03
5.144242288829889952e-03,1.405973680217549940e-02,6.897751361697245648e-03,4.982059809970369041e-03,4.370535382653412473e-03,5.742336222827895686e-03,4.086400400906355437e-03,9.690629693089501673e-03,3.434968033054860981e-03,4.204281965070713264e-03,1.940597055812703919e-04,3.115910166776408169e-03,9.050362751837362496e-03,4.149686698031522861e-03,1.359004430650240583e-02,3.228641855598891192e-03,1.365105728611840270e-03,1.740474218478924723e-03,4.208513799754197426e-03,8.285726913007463237e-03,3.275518705988605950e-03,5.434944109918911359e-03,3.945692741315259822e-03,2.090334989858735892e-03,9.020316758061547140e-04,4.045696039879472655e-03,3.351198807868514817e-04,3.845169109975704602e-03,4.405210993664671060e-03,1.049999268731593993e-02,4.175575203147046874e-03,6.205881962298279153e-03,4.534699355285667748e-03,1.178041200259104596e-02,1.703677737173191209e-03
1.047019745813116721e-03,3.440955164146067605e-04,6.912546579342453666e-04,2.471883872211234033e-03,3.456954986247942618e-04,1.017054072857192152e-05,9.993607834506701426e-04,1.603091461949380993e-05,1.962969713969325673e-03,8.568684473197291053e-04,2.590872221722101756e-03,8.192287420787959518e-05,2.978015408940496139e-03,3.072694986158686775e-03,7.696823620149991895e-04,1.246062165765938340e-03,1.348066071079057765e-03,1.923852369602277370e-03,2.832901525471536591e-03,2.342074239847420983e-03,1.522069217028809230e-03,1.636850091039323185e-04,4.299696422440726917e-04,5.110106478352873698e-04,8.507502324193658150e-03,1.782977266166138434e-03,2.030670167979542647e-03,8.780976297443254721e-04,1.665146214186695450e-03,2.221412770806324016e-03,1.047556973743410391e-03,5.970996232968825770e-03,5.299792366795501308e-03,5.534013139425059125e-05,4.789989942440329258e-04
2.105781931551780305e-03,1.318839762891460543e-04,2.777497361532155207e-03,3.005145610537942116e-03,4.569881514940895076e-03,1.059067259324958377e-02,3.638067219178002607e-03,3.640524860268889995e-04,6.972491240525194311e-03,4.728952269001645420e-03,4.579993871522591159e-03,1.466667775293395079e-03,8.251018910279352483e-03,4.409672109847388027e-05,9.140463823944060262e-04,7.673692352516576880e-03,1.048220725565960059e-03,8.414803518975305652e-04,3.023202068368507911e-03,2.620297815078873917e-03,4.241862199603128186e-03,9.718162522520158025e-03,4.706411767061316562e-04,1.071688831043102197e-02,2.373510372871224898e-03,4.760214561422698720e-04,1.303645051550260565e-03,6.184314970111614088e-03,1.083588634482080502e-03,9.661262373248345747e-06,1.871151208754112671e-03,8.737454408342920642e-03,3.767414741452298176e-03,2.516483742391991546e-03,3.538356354661417735e-03
3.699890014141865580e-03,5.538487129960870115e-03,5.137313602268473930e-03,7.811554947895694295e-03,3.115244237045358688e-03,5.994329437188827304e-03,7.005089373675894848e-03,7.638349902971737319e-03,4.006487066338168881e-03,2.415848962467654140e-03,1.455272258651212069e-04,7.069472476910771547e-04,5.871024606499759130e-03,1.241480514788217970e-02,1.261930154200902997e-03,1.925991929099292455e-03,2.763531555899471914e-04,6.207334904612020823e-04,3.066492334413070675e-04,3.989185997742131229e-03,2.995373316600245112e-03,1.505623367052349657e-03,3.386218529429975421e-03,3.303797176968849975e-04,2.711211212359542107e-03,7.242377615078459882e-03,1.081740323220763828e-03,1.101299059496420839e-03,2.473077855382616042e-04,1.318668297692573987e-03,2.525305432928118092e-03,8.908522718075115310e-04,3.219919302712379375e-03,2.447639026577366327e-03,1.376930446776414210e-03
1.252385755387089988e-02,6.807739164521819930e-03,1.439091763788813427e-03,1.122430683553857222e-02,3.669164367828894879e-04,8.908488365709416740e-03,1.471687795306618474e-03,1.692437470685231871e-02,5.545956237249759224e-03,3.046962569795003128e-04,2.507279436327218558e-03,2.010966472430448376e-03,8.705925008499509898e-03,3.132327515130095552e-03,4.636718385440094514e-03,1.061921638116980829e-02,3.694002473313205519e-03,3.772765831935236819e-03,3.032568409365791941e-03,4.164528580883459195e-03,1.177469307896888973e-03,6.115365699625240764e-03,3.093008340412554437e-03,2.010896869184673752e-03,0.000000000000000000e+00,7.039285126164480932e-03,4.649421313033787195e-03,6.183580217564696446e-03,1.309381382319587317e-03,5.502207417444377954e-03,6.404724060428967913e-04,1.925598212878281562e-03,1.824589811582765127e-04,2.447404555951820417e-03,5.971139294037360740e-04
3.569521035655972944e-03,3.048711572349246945e-04,7.338977297176099701e-04,9.209966979799207032e-03,8.065424343981135100e-03,2.297238500450504445e-03,2.004607857834829476e-03,4.412981385632973319e-03,1.581850622913081109e-02,3.462157889579603118e-03,1.043381166794532522e-04,8.323284956910328991e-03,1.606522862640748749e-03,3.263925601330572995e-03,9.793780841140117821e-03,8.591966039785202403e-03,3.404714152524520449e-03,4.319822108399262728e-04,1.479581698436930465e-03,8.131246757179595025e-03,1.423173836536336528e-02,2.192033618531719075e-02,2.446217829419718767e-04,1.159386556799125306e-02,1.807311910198406042e-03,3.564712339145898693e-03,1.154384262567221056e-02,5.136646396398644732e-03,1.658500844796285262e-03,2.404568464783034959e-02,5.914972845089080423e-04,5.823612966064945634e-04,2.391961874236035734e-03,6.840325864981539050e-03,3.829207173209191184e-03
1.019800816171753080e-04,1.016062785003537736e-03,7.423484452820885331e-04,4.925819884357086811e-04,3.485342929605915463e-03,2.727656748545981562e-04,6.014858564989096837e-03,5.805052362981271558e-04,4.829973564688825639e-03,2.976604406406162945e-03,2.941605941841204876e-04,4.741109803996553657e-04,5.720961341086280849e-05,1.172684475445693458e-04,9.101171218909852615e-04,1.782864769408668666e-04,1.513175416761297631e-03,1.558652719844125061e-03,5.497804527129709906e-04,4.078880852371596054e-03,1.901121794302554693e-03,4.122217244434118848e-05,3.170623716474363363e-03,4.380788175803574215e-04,1.295809564843153350e-02,7.475856773766979650e-03,1.219309984853860808e-03,2.769146462976812377e-04,8.077936938554845792e-04,8.080016699823489718e-03,1.683822681062673021e-03,1.985744064750789156e-03,9.706711197908376998e-03,2.527179416043608476e-04,3.167764185083624638e-04
7.292701885860466970e-03,3.414306743348873539e-03,5.101570567759932534e-03,6.705920551239194678e-03,1.102243174973508918e-03,1.752622921838523822e-03,2.497242053910858628e-04,6.845972137091790475e-04,7.078600968009799051e-03,7.801482071444765243e-03,1.839533653177542402e-03,5.733848889812642562e-03,8.168061558237328657e-03,6.175243820634734176e-03,6.223125918245406285e-03,1.000676530966990163e-02,2.908830548004373920e-03,6.853582128931393763e-03,5.068809136305613139e-05,9.297323795740136676e-04,1.793284827637818546e-03,3.359938426555454400e-03,4.476105363258015002e-03,1.712891044004032212e-03,2.637742364810199622e-03,3.581472988324230222e-03,7.233643965354561584e-03,2.657680199676997965e-03,2.599611266870933274e-03,5.863668625704102078e-03,6.515702374902284516e-03,2.408234197788516884e-06,4.107853024459227897e-03,1.244768940587109114e-03,7.901763181417760171e-04
2.257686615600345507e-03,4.068818971194793077e-03,2.965873763448166611e-03,3.384509081962774196e-04,3.664912147284591845e-03,6.443572683292070336e-03,3.405239316777134914e-03,2.030583664867885441e-03,5.397319314183315897e-03,6.831029005347980486e-03,2.758086536546015821e-04,3.379246978764925691e-04,6.776482312508181130e-03,1.478904326237539223e-03,2.898459966136027882e-04,3.408328635662207298e-03,1.163705552665526095e-03,2.978852616569244161e-03,1.339664778428128339e-03,1.073571437168053871e-03,2.337784285253654767e-03,7.886912904365115176e-03,2.087318668605041728e-04,6.065821449123959264e-03,1.779125909661051453e-03,2.511898333590799337e-03,1.503484379239633864e-04,2.203943330688979546e-03,3.443300192738887617e-03,1.386790764163193385e-03,5.576101497249104713e-04,5.837895218673829975e-03,3.165931599069884278e-03,3.383884604300581994e-03,2.117855378118149723e-04
1.569492097300032420e-03,2.250580668590852242e-03,2.515682838077254284e-03,6.914452510304302255e-04,2.855239631497183406e-03,6.027172336891551676e-04,4.086022650647182751e-03,5.537538071115170879e-04,3.402509091079738545e-03,6.440738524067553782e-03,1.380671938847446165e-03,2.430605767140017921e-03,6.937425623790891005e-03,1.297916140329083944e-03,2.608551000502447228e-03,1.525103961839412462e-03,3.657088214577199070e-03,2.577953835776654497e-03,4.817959875212897078e-04,4.191881613516155146e-03,1.769194028102225166e-03,5.863160738636458738e-05,2.202946379785648140e-02,1.970056980556842622e-04,7.002725286402250449e-03,5.270693016251704749e-03,1.063722352911242348e-03,7.328185455296757841e-04,3.187552671350159239e-04,3.198926102614601218e-03,1.650399228302817933e-03,4.780148321447498516e-03,8.263874223050513002e-03,9.724829687938914540e-04,5.328787358885262387e-05
1.031973036262739951e-02,4.768702901615270821e-03,4.048376299532001864e-03,4.788600052616463765e-03,3.000971166355892450e-05,1.408968790278365127e-03,8.846484995776639909e-03,1.714502954702498390e-03,1.799473109375450408e-02,1.134092506532555916e-02,3.302050934922002613e-03,7.739462380662311472e-03,1.468041326997574642e-03,1.364384300247774295e-03,5.029473774124874029e-03,1.330373518800193923e-02,5.712372584286272426e-03,2.757471857571485233e-03,3.280409160874738633e-03,8.702105194205774635e-03,9.687484491011158494e-03,2.526363586981722129e-03,3.499362004834673245e-03,2.148508467350297279e-03,1.176159824955277933e-02,7.455069817820965394e-04,1.420975683357367236e-02,1.216021042960151351e-03,1.346151963849580302e-04,4.937507907743776681e-03,1.692905688411711074e-04,1.755463214020400869e-03,1.085058648535308645e-04,1.535741040312747470e-03,4.761926714429244589e-03
3.685232603043427785e-03,9.129683964599420287e-04,2.240953958138011595e-03,2.680407430408000141e-03,2.290759221452217526e-03,4.867422504987942297e-05,2.881594808603962776e-03,6.149504527447891542e-05,1.694931271779955527e-03,1.680632832671190074e-03,2.125216025211219915e-03,9.136666592708653743e-04,3.941215552964123792e-03,3.516633900777008451e-03,7.490487125486365106e-04,4.475398841989094989e-03,2.357580705660633838e-03,2.854274697023238133e-03,2.532523944808538763e-03,6.198589563818001844e-03,1.018625406315729759e-03,4.782868566161444673e-04,4.705423801557884547e-03,3.871180802413260510e-04,6.334289680544585854e-03,4.156321876218168482e-03,4.214843441555718440e-04,6.823544365662366452e-04,4.478357201801053816e-03,3.051833576245509966e-03,1.552743505464103391e-03,1.859682415841168446e-03,4.130647665082590875e-03,1.834958134329890071e-04,2.191114939370883571e-04
3.057610491276497992e-04,1.610375290055819305e-04,9.173217703628238468e-05,2.220214387904678353e-04,7.794171486432546064e-03,8.727737793216678273e-04,2.722428637509280436e-03,1.895583954437714952e-04,1.931984120459214523e-03,1.324954899970014676e-03,1.349764241540776951e-04,1.645057042488962985e-03,2.425656363347098495e-03,2.649331690773798834e-04,5.120550762746490614e-05,1.968812782140554323e-04,7.280244872141794499e-05,4.660500471621881885e-03,3.278852954438761166e-03,3.174730566793063178e-03,7.012005541090708238e-04,5.121486308810358854e-06,2.084870216604133020e-03,5.166041948233726470e-04,8.009104787750832843e-03,2.206103418834480176e-03,3.658696899364351132e-03,1.028977759798189220e-04,4.504552000359275318e-03,7.972584172314303025e-04,5.723428703141159035e-04,2.451137672775488899e-03,4.104289880050265849e-03,5.749748653045164224e-04,1.937851738316890085e-04
1.450550595498131985e-02,9.242501051532934575e-04,2.862196594341469280e-03,4.054846380927484839e-03,3.630774631192587587e-03,7.388099633931053019e-03,9.406297509101883142e-04,2.690974690262953883e-02,1.829496817389857088e-03,1.229897285048488220e-02,1.415382031142637699e-03,8.451269461300231489e-04,3.644153871129311717e-03,5.416922512958305402e-03,1.471706825116174400e-02,4.236501819280616703e-04,2.853251977372307444e-03,3.090786367839701287e-04,1.989457863242948942e-03,3.232347274413916068e-03,1.448386789926849050e-03,7.373151637677707176e-03,7.056196050832575818e-03,2.323639766184022216e-03,3.148760981981125334e-03,5.364641932203021227e-03,2.451000836119494874e-03,5.808258107528677106e-04,2.435232151114613726e-03,2.593505341174072790e-03,4.312401033575975762e-03,3.991156774275882169e-03,1.021730457753521927e-03,1.215256743144526230e-03,2.107543418330550672e-03
8.304753850060117570e-03,2.048896326233373786e-03,1.763659198050954863e-03,5.604502152355702628e-03,5.851783379921841541e-04,8.703829522903103579e-04,2.768243102658099128e-03,2.144499549593200554e-04,5.516122196738678339e-03,9.838097231285886785e-03,3.262867580647626359e-03,1.827898491920312320e-03,9.896892739110114273e-03,3.514482660218226640e-03,5.847246040575450506e-03,1.491638336411018478e-02,2.600455591532718422e-03,4.901810407627431310e-04,2.008461210978213646e-03,1.994240305808428482e-03,1.019117382641671760e-03,3.534844893141444143e-03,5.067756559677151496e-03,8.838263682195137902e-04,1.365873701387014527e-03,7.152587623006252671e-04,2.961062311706754574e-03,1.791048455354580593e-03,4.982238461136535151e-03,1.980589025747308413e-03,9.306528121309984303e-04,2.747539870575623974e-03,3.285831356145621582e-03,2.117640946031481945e-03,4.132044214216098717e-04
1.443913209518564097e-02,8.469620883752087756e-04,3.434994046913421306e-03,1.324196453060963452e-03,2.032736757457201393e-03,4.262103275058495670e-03,1.330772063420786883e-03,5.695107566700986085e-03,3.010234217451758509e-03,1.374175134194709907e-02,1.193854753551068168e-03,7.661030394245579855e-05,2.294182183588584084e-03,6.206565887897252942e-03,4.827398446415817612e-04,7.579718099982320862e-05,3.110461170321788052e-03,3.659516479370033062e-03,1.718950228269624245e-03,4.575721854389448555e-03,1.204215033189437109e-03,7.640481794739115845e-03,3.552785778093463069e-03,1.046795073094268589e-03,1.658776057122413885e-04,1.938000924065867714e-04,5.696642298874329824e-05,6.414055386288124855e-03,1.712659968422529507e-03,2.898281402387757610e-03,1.170881713737879914e-04,3.831300294100576515e-03,7.347882330535539935e-05,7.709718254912383689e-04,1.008263716733353785e-03
4.413191957135702628e-03,9.662820480582657787e-03,2.637292795683483793e-03,6.241380022775210035e-03,7.378822054791507427e-03,2.677229557678572312e-03,1.629215532803914099e-03,6.422452916946546839e-03,4.517235096210520107e-03,2.427117342562647856e-04,3.485420906587675949e-03,9.471203769181972543e-04,4.061557131372489637e-03,2.859767816607332574e-03,3.054677018963874308e-03,1.082238066614768512e-03,8.950691902454999821e-04,8.084484512129650607e-03,4.881972479744990309e-03,3.731161339302803068e-03,2.024686441903341544e-03,1.167329505292548364e-02,1.280525704763947961e-03,8.496462404146282177e-04,1.208436110925747986e-03,4.592583987093276816e-03,5.710750979892945112e-03,6.018247635820338226e-03,2.898450595940342978e-03,4.665006712649393678e-04,4.270344909885256252e-05,7.616207287574236831e-03,1.278421431601194959e-03,1.003860323580793579e-02,9.217033202349213250e-04
1.358587532704821736e-02,1.229432993508124215e-03,3.279278526088031699e-03,1.153781332951175952e-03,1.825997041250501923e-03,1.388002496166959587e-02,8.103690566274777268e-03,6.061062588605023102e-03,7.119610506022980637e-03,5.832895011867406630e-03,3.256922408099155800e-03,1.662946678967635369e-03,1.292861592085481695e-02,1.788724872905692390e-03,3.643344364472237730e-03,1.264860269606005866e-02,3.958295874166636343e-03,5.348766026967027160e-03,1.108167054023019918e-02,5.389824564035783014e-03,4.589435599373858921e-03,1.295060651459850913e-03,3.242793382787731091e-03,4.696264088192056430e-03,3.653653737847333775e-03,1.036624417768924888e-02,4.325165730292477272e-03,4.313851584097397676e-03,8.649875470755402987e-03,4.033574191728444593e-03,1.934201620597474428e-03,9.723290398895533676e-03,7.143815182510893091e-03,1.494703902233958989e-03,3.576485206025277475e-03
2.304745143636782127e-03,8.788286365412142790e-04,1.435537834004720938e-03,2.482031942438111052e-03,4.432459950640122749e-03,0.000000000000000000e+00,3.660323591025377993e-03,8.371175704819310785e-06,1.136380129005621058e-03,1.033152862791332158e-03,2.175452485897240874e-03,8.846236033696794863e-04,2.451763091487269616e-03,1.574405424762261030e-03,7.805663984086949310e-04,2.928830587198591288e-03,1.692062134455827802e-03,2.312831190732021758e-03,1.327895925340077943e-03,3.971272328984037578e-03,1.167705609282698731e-03,6.342013900579216530e-04,3.445948918105056283e-03,4.199424011316416549e-04,4.050202800880630186e-03,2.530613413261005411e-03,2.124694373324721719e-04,1.010141198954069572e-03,6.945825824607423232e-03,1.433832704058292037e-03,1.818309658060056691e-03,4.561963303928643146e-03,3.514574273472367491e-03,3.339285291808499019e-04,6.067050887721670525e-04
1.445184712610540941e-02,3.646630502318801668e-04,4.706492703177120318e-03,1.431147495684801513e-02,3.794222724520541525e-03,4.237288929419854959e-03,4.970422872917160811e-04,1.559613110935079150e-02,2.816327092692508596e-03,1.117341595730247245e-02,1.750607014427760580e-03,3.704836114718690690e-03,3.432012250979211282e-03,2.265647992833233135e-03,2.146641683219076280e-03,2.204814373734542387e-05,1.298656147781043942e-03,1.164112280389578008e-04,1.325506643928175271e-03,4.526983757924487976e-03,3.365328961194219599e-03,7.485312762693112701e-03,3.571634409780986234e-03,1.010462880308108258e-03,1.337446665261486309e-05,2.475252996722999976e-03,1.283582120918752567e-03,5.572731247183710171e-03,1.353129855600695769e-03,2.867895624368425964e-03,6.111669246757541613e-04,7.615070053470994818e-03,2.827087578603042044e-03,6.257053987161394779e-04,2.482487752663555848e-03
2.948765013454736784e-03,1.484487310874483060e-02,4.599784408914948768e-03,1.404936487486280888e-02,1.009508165478179009e-05,2.915061844331443344e-03,4.823698687963961368e-03,6.243278913681893708e-03,5.844573177294038434e-03,6.948883304398419114e-03,9.862922778921465183e-04,1.064120925727836398e-03,4.630254781994250918e-04,4.795750149747628893e-03,2.093115876158454375e-03,6.166524921701939214e-03,4.894519679566932194e-03,4.301694271090061861e-03,1.245617199923353124e-03,4.646910431028005578e-03,1.314284808076343625e-02,1.161476331290803125e-02,4.818582828676103505e-04,3.667339072514076703e-03,3.723956926905109578e-03,1.698589023174343002e-03,2.795997993672765317e-03,6.886976766589263804e-03,1.484967669334036344e-04,3.527159400057013755e-03,1.167962802339141994e-03,2.707657175984648328e-03,3.496818761421593806e-04,4.926025677755074828e-03,9.345357016224294794e-03
2.718556152529785254e-03,6.745764117896375402e-03,1.449230222249284434e-03,5.233362514877741220e-03,4.551330140010425261e-03,1.347580209896916386e-03,2.355455625885922305e-03,3.453978102268445466e-04,4.101765774345450012e-03,2.303399477989355806e-03,4.901987636231918723e-03,2.441806664986530609e-03,3.254975789254933773e-03,5.639998188177043625e-03,1.908079689869367169e-03,1.322733312965090544e-02,1.132419925955503726e-02,2.721451257339371332e-03,2.681767338294747949e-03,3.395231449654003558e-04,2.070109444978410120e-03,3.116284456478538543e-03,3.836566160268943537e-03,7.035722255664047554e-03,4.154543254939323249e-03,2.976217820148530438e-03,7.058055127967923295e-03,2.576130154046168443e-03,1.963433493285629897e-02,1.891569710777702903e-02,1.870372738400523371e-04,5.759929728436053234e-03,8.821326875563466341e-03,7.952116760098086644e-04,7.813752471880568672e-04
4.102518798976838993e-03,8.189181576992041189e-03,9.868369855627594917e-04,2.208601791150932234e-03,5.743844366503545948e-03,2.483439129875552633e-03,1.167258010907086443e-03,5.041350260334197773e-03,6.123656042253259810e-03,1.122113987747584349e-03,4.425106274648194643e-03,1.736547208933760661e-03,5.430027428358673650e-03,4.455476168154231739e-03,5.784197792512001807e-03,3.575376743652807637e-03,2.102010071464537055e-04,4.316410369015684888e-03,2.829740172429383131e-03,3.769988695970657999e-03,2.811083687120600680e-03,5.282096228814640859e-03,2.329280585281337263e-03,1.710600840232629621e-03,1.285129523998880183e-04,4.087507875756252011e-03,8.324748146658306897e-03,6.411601938235400241e-03,4.538083934810924897e-03,2.896640943896435644e-03,1.510416116483058978e-03,1.675013536052349580e-03,2.308265320516230193e-03,1.510941634780790799e-02,1.494385813681220476e-04
3.717378575194065036e-03,2.157406801605364285e-03,1.419454136140207295e-03,6.939635606239303320e-04,3.370362289599101654e-03,9.303602337165593197e-04,3.895427755859343349e-03,1.036108528863449989e-03,8.562301058866813794e-03,6.840965259999301669e-03,1.705124809114930574e-03,2.168509045381203891e-03,4.873208015508978183e-03,5.142513033541051479e-03,2.811451792519871311e-03,4.408550350816978561e-03,3.347507762836805442e-03,4.298141467094855964e-03,1.677390883614494465e-03,1.450724576505368207e-05,2.808712390999111661e-03,2.927659031032325029e-04,4.566343094790394769e-03,6.204163567579934176e-04,8.739789454095397980e-03,8.264609932595052416e-04,7.060305225975930035e-03,9.497770337931307934e-04,1.136322256922953772e-03,6.797026691131227184e-03,1.288705644152425209e-03,3.374637084043162830e-03,4.037876867850620499e-04,5.981463619760755534e-04,3.699912690870398838e-04
0.000000000000000000e+00,1.489386634865434841e-03,3.853589632301347928e-04,5.607234539461217453e-04,6.838326318481732780e-04,6.730284230222324717e-04,2.503915456447860198e-03,1.112609729729013841e-03,2.534162495906383625e-03,6.945215217034705554e-03,2.649684554150145391e-04,2.766828062561454103e-03,9.472316029725688646e-03,2.549607755137910711e-03,6.773905683661452632e-05,1.657971312266917293e-04,4.808227428160238154e-03,9.113564443471479370e-04,8.435795472968390420e-04,1.365859445655189268e-03,1.138657325664686791e-03,0.000000000000000000e+00,1.791627638334347683e-02,8.666004935086710258e-04,2.104461851333629119e-02,3.865767129303058700e-03,2.853791067346537688e-03,8.144230961025866549e-05,1.446420357881198979e-03,4.201525707603256596e-03,2.284288493309975104e-03,6.187742308962101978e-03,2.007520405475182734e-02,2.450605898103156745e-04,8.563315281265174508e-04
0.000000000000000000e+00,2.197565309848830713e-05,1.852898825425289939e-05,4.778356142408158794e-05,4.725665592916799412e-03,0.000000000000000000e+00,5.282707245863662096e-03,1.919259229140893051e-05,1.201996756489543414e-03,7.177485432125119049e-04,3.611530337035700892e-05,1.062196390504265269e-03,3.379699696852676589e-03,2.357411262227926668e-03,1.139602462978205208e-05,5.185956314625608744e-05,1.644606103480342196e-03,3.924255060877512532e-04,3.367740926455451561e-03,1.125074869669871486e-03,4.206551370995759175e-04,0.000000000000000000e+00,9.696381260982465250e-04,2.008673607908351686e-04,6.793901852567955230e-03,1.225519731445684620e-03,2.356927315315476400e-03,1.122018456235036360e-05,5.234615504809727628e-03,3.125446306878539547e-03,5.581362701585438485e-04,1.941593417172743537e-03,1.109913447195350761e-03,8.075957780912451167e-05,3.802822460764914613e-05
1.311635541623011429e-03,3.643107905077266201e-03,4.606506883666171281e-05,1.234400317523719204e-02,2.148159370210433669e-03,2.410060623624908117e-03,1.489497476973677568e-03,4.532841326915603222e-03,6.110030502359376121e-03,1.608645212763741214e-03,1.460309186185264688e-02,1.089437511664861913e-03,1.342186277355714337e-03,1.988541752999507719e-03,2.419395431055232706e-03,7.245018932281584167e-03,3.100611505022369055e-04,1.065718780327557652e-02,1.126452052114286419e-03,3.687852134949846580e-03,1.194305729001271174e-02,1.537794125815028154e-02,2.927870613957755681e-03,5.181192437365839121e-04,1.253697130219044113e-03,1.830140918383677331e-03,3.451355956533576005e-03,2.302159212689558476e-04,2.203521743632439432e-03,3.842545548229574746e-03,1.349013685679785989e-03,1.409094969073975204e-03,1.162133459221989951e-03,2.992906092239903254e-03,1.415399266023811831e-05
1.104080481793662423e-02,2.043008239205198855e-03,6.898323564460259391e-03,1.074512955061384702e-03,1.525922013841806476e-03,1.226166329525829254e-02,8.764472951626786634e-03,5.498480686776711923e-03,6.608189003856777301e-03,4.687200949537857937e-03,2.470076709833803150e-03,1.549687309692013900e-03,1.725569583939559962e-02,1.221467442261937528e-03,3.971556330143736352e-03,3.043066925960284663e-03,3.088204598533296485e-03,2.335122454355161373e-03,6.466771588281766681e-03,7.112217792975758512e-04,6.340089053956858220e-03,1.079500477190011411e-03,6.064487147058254812e-03,3.800696081296459257e-03,3.071704312421840322e-03,1.528581714209563056e-02,1.998764085540324920e-03,4.842553536051589710e-03,9.178781431035907060e-03,1.292788570789060558e-03,1.513183510911151469e-03,2.057988934587643565e-03,8.566674259808124484e-03,6.506042577885259252e-04,3.276811362035101250e-03
1.504928702354536851e-02,1.368002829896156894e-03,2.959785686547554417e-03,3.271573397139339919e-03,9.348794603838106801e-03,1.134868930458333286e-02,8.157183425768141372e-03,2.065018320359556219e-03,1.632250753606079470e-03,4.564191188578155256e-04,1.883941103331179638e-03,9.154423740876764526e-04,3.200068099115179962e-03,1.380821279889853093e-02,8.018559592312303344e-04,2.112929021751261058e-02,8.266752133952448567e-04,2.327535711486131229e-03,1.695817848419659685e-03,5.645534346954625415e-03,2.091606718227059184e-03,2.912744466337054139e-03,1.597501402457046724e-03,3.463548811646041063e-03,2.277617389189360003e-03,1.008968494772319313e-03,2.336499672902113498e-03,1.257975279987275487e-03,4.457560786011831311e-04,1.769198445194935208e-03,5.674485142837512597e-03,5.823035035113841365e-03,2.085207101636366370e-03,1.474701145335277977e-02,2.084373016156618186e-03
1.950133579785492260e-02,7.599209892609351882e-03,3.497797487622619772e-04,3.270751221065223979e-04,9.682784409453335656e-04,3.976225396613164952e-03,5.963649326293169253e-03,1.530521087107173869e-03,9.529767606473657504e-03,7.772448387449251012e-03,3.928296410345424698e-03,1.230998558266529000e-03,8.040546823023877326e-03,7.574434457682729938e-03,5.970306706942894726e-03,1.360013676699809229e-02,2.784317025654052796e-03,3.406515333640371991e-03,3.192893469742640652e-03,3.194286324195976662e-04,5.396841485928668275e-03,1.327141510053583308e-02,1.727919223848119147e-04,1.207040626953247067e-03,0.000000000000000000e+00,4.947930054461589441e-03,9.633191039990773863e-04,3.068042266067272372e-04,6.613309265942560883e-04,2.524343989156341110e-03,1.940673092586715602e-03,7.295341795543962629e-03,1.339691630672761469e-03,3.044125589738580842e-03,3.477990501081352874e-03
4.087368958360624742e-05,8.826100287949813000e-04,5.735017167639125694e-04,1.849238909068128998e-04,6.403739784028712051e-03,0.000000000000000000e+00,1.704498046172602671e-03,1.869016013018910964e-04,1.475003672702737169e-03,2.852371580950148477e-03,4.505549606134253760e-04,1.219784564283532026e-03,3.367674528397084956e-03,3.552535337992385710e-04,7.781180486688252153e-04,4.550202786463181814e-05,2.303715500301202826e-03,6.748920099501075397e-04,1.332972779966933464e-03,1.096152690506116672e-03,6.004500803195498247e-04,4.636518405271629903e-05,1.169060746906535123e-02,4.490566012745435194e-05,4.367749981359664302e-03,2.158269874442600347e-03,2.782654199584092165e-03,2.420113343337895869e-04,1.578489379412444799e-03,3.532191814205761470e-03,1.650165184567122315e-03,5.391934264002348764e-04,4.543382286558197633e-03,2.534043263442462652e-04,3.384946075174428753e-05
1.251242748021304946e-02,1.097461841553114183e-03,5.013932505237422670e-03,1.969076972999857927e-03,6.698115336796290654e-03,8.262519493401621062e-04,3.176859546551700358e-03,7.832204127262411275e-03,4.955697741585044468e-03,1.335292583631931271e-03,1.299393092303732615e-03,1.127268703231526460e-03,2.489012992787867622e-03,1.047684587461214512e-02,1.144553572375438418e-04,2.229880427288200365e-02,2.761774578789741655e-04,5.327363210403067255e-03,2.933377908055971595e-03,2.651105146536693758e-03,3.127657605502039400e-03,1.986746948595140977e-03,1.298556083841038251e-03,9.763842369198945728e-03,9.257845224270223492e-04,6.919356083969532487e-03,1.630687923397915878e-03,2.289465072049013533e-03,7.747150772757557119e-03,3.209857830820988384e-03,3.472939322926109872e-03,3.835066577290800055e-04,1.242199457819134854e-03,1.088662909430014418e-02,7.008738211390987648e-03
5.603343562924668897e-03,3.038635821223629498e-03,4.846458093676090859e-03,9.740571006516640477e-04,3.123919317680036098e-03,1.013190742890755173e-03,7.255099736757951619e-03,1.404657530447095664e-03,3.190735549159763335e-03,7.074191213262366607e-03,2.303298355548592802e-03,5.670204133483149750e-03,1.903194923237438302e-03,1.818870215090462143e-03,1.977658828479353457e-03,6.624872979081700662e-03,2.001844742773739236e-03,5.283232210251702886e-03,3.660242270387894115e-03,4.924403883603808985e-03,2.773479222957304230e-03,4.732895992324227981e-04,8.785184592267510778e-03,3.825012991165742718e-04,3.419045594095187005e-03,1.416565675930077720e-02,6.926278848794827081e-03,1.200633126701883355e-03,7.228290585499170043e-04,6.638185852389298473e-03,8.696052624079721183e-03,1.184162140017134060e-03,8.261379557716675912e-03,7.632803276145298755e-04,5.055032426100589159e-04
1.125250151904040596e-02,1.846979175841191329e-03,1.238609579078392767e-02,5.794294992494859915e-03,3.278966747832655956e-03,6.134764231469087403e-04,8.571745784815908847e-03,2.181733521247426668e-04,3.966094007675053171e-03,2.762960381673640678e-03,2.747528474499902860e-03,1.394863421122169780e-03,3.062405647627913785e-04,8.674772065646527142e-04,4.203590634962527106e-03,1.905656542959983935e-02,4.656308351431479031e-03,7.904092174759761932e-03,4.936040204695561762e-03,7.342993109148050757e-03,1.334908215349534313e-03,4.513626433829086987e-03,7.140600060159449890e-03,2.178878224298069245e-03,1.621967711153929358e-06,7.801685407794110155e-03,1.342600751618639940e-03,2.972423831524323868e-03,1.570564212248834815e-03,1.201384145597159114e-03,5.223345488603352987e-03,1.542207621512062601e-03,1.101456449380639260e-03,2.974129404069914082e-03,2.158743828118160710e-03
0.000000000000000000e+00,7.569812298137271363e-03,3.048976710435168276e-03,2.956385770044010070e-03,6.722526176637629372e-03,1.085745372655207500e-02,1.311660075615115597e-03,1.460884602790733441e-02,6.434406280954024088e-04,5.957403503108017924e-03,3.910120626446837548e-03,2.558750717874366983e-03,2.436959449793308329e-04,4.524372623605381338e-03,9.919189572323862045e-03,3.270319864477241358e-03,8.511057735519588201e-04,1.154769666443462676e-02,6.116163431085256882e-04,3.504893393367844619e-03,6.274087094313932772e-04,1.155692578780321243e-02,1.499406701748247405e-03,2.173016215100818938e-03,1.186338092932941613e-03,1.376228601834426218e-03,4.227832425335037100e-03,3.616505139927351717e-03,7.730430392079456516e-04,4.623496183974680485e-03,3.327900788166932716e-03,2.762162574454073150e-03,1.795857853977763600e-03,1.031353644950579358e-02,4.620058502355427893e-03
3.119922753776676726e-03,9.914606120638923617e-03,2.381655926531672449e-03,2.228907896591955651e-04,1.296220778840052185e-03,1.904021561409110054e-03,4.383792975730929284e-03,8.694034056438142144e-03,1.559198295508730341e-02,6.760528639545635224e-03,3.694707547609319201e-03,7.245959474658832805e-03,1.423105439393370676e-03,4.565984206935684228e-03,2.009131154507662678e-03,4.527461312642783176e-03,1.040240877522382451e-03,8.766977759993870370e-03,5.688709773509510043e-03,3.478168144970227027e-03,5.473141951041860659e-03,1.911237824697656004e-02,2.327585126285672094e-04,3.615225932082308594e-03,1.408853801731569646e-03,2.282428124373890935e-03,3.470345114135383116e-03,3.220979301631624742e-03,2.796539665187311278e-03,9.656578714132555905e-03,7.128937158702767195e-04,5.304866505489815032e-03,1.236367613143469091e-03,1.322547846319219525e-02,1.541597147026434883e-03
1.706470294198279532e-03,3.101194275924886064e-03,1.710764593685160963e-03,1.402142405837568081e-03,1.797086149586451121e-03,3.148273753306684436e-03,2.519182125277498463e-03,2.094663611917520207e-03,2.169593350764074946e-03,9.223824214848110048e-03,2.849472343893033437e-03,2.780170398965541370e-04,5.050910972257582204e-03,1.935010608642076437e-03,1.019203568857440963e-03,6.994976856407843051e-03,1.175681289634214650e-03,7.078076791516746229e-03,4.502901263154784547e-03,2.242582652821328154e-03,4.764106398328188732e-03,3.147303594274223856e-04,2.359659146971348348e-03,3.933412020965153938e-03,4.235894353265053525e-04,1.492140597410195405e-03,5.824293242601401126e-03,2.599868228139082683e-03,1.002892766784572488e-03,1.473662942933905368e-03,5.189248086199076127e-04,4.736205744381648611e-03,9.017007631960219675e-04,8.687889563895365153e-03,4.159522332980503112e-03
9.315007548869998211e-03,2.509218294627634264e-04,7.025344272926146300e-03,1.082507329213576452e-02,2.842720513034063552e-03,2.731164952125119099e-03,9.047151015637777335e-04,7.308388950234128226e-03,8.314387241048725591e-03,2.405979829152020411e-03,3.354648010008473222e-03,1.088386951772303546e-03,1.347604442394952778e-03,2.770481593218803926e-03,8.989735656205522646e-03,2.399213111195652731e-05,3.171754100811177701e-04,3.360506942440889301e-03,1.464202017944268202e-03,3.945157214943432328e-03,4.458912341794568981e-03,5.123006307144771683e-03,1.737634611989721974e-03,8.415344275414033326e-04,0.000000000000000000e+00,4.832160362789982358e-03,1.084528717278312668e-03,1.661225153035258625e-03,1.135188817645001918e-03,2.201336717770587242e-03,1.167071057937569233e-03,1.476052098461956737e-03,2.572905864942553675e-03,4.901750573323261986e-04,3.457458885442665428e-04
9.212699932136824733e-04,1.428495381976824523e-04,3.587635960355105188e-05,8.240432634295377840e-05,4.305460130011110921e-03,9.864856887845123348e-04,3.863705248836541914e-03,8.701133919678342434e-06,7.153037871614684184e-04,1.259828688444074047e-03,4.398313063450245134e-05,7.510240520772631673e-04,8.401199740400194967e-04,9.468519336846246970e-05,1.683047980361121617e-05,2.644172010198792629e-04,2.492235371181573955e-03,2.120536651037029314e-04,3.611778720740444707e-03,1.454753988646967713e-03,3.104371277939439342e-04,2.419976325043979586e-05,7.896507373268864260e-04,1.358317604910098139e-04,6.012134368004528467e-03,1.186673705818912933e-03,1.275911256676172303e-03,1.141773612788904519e-05,1.965095997960907091e-03,4.020209856952891743e-03,1.539479319635076934e-03,2.233315968712147430e-03,4.199475268098357139e-05,5.514337175535682575e-04,8.116137275435869499e-06
3.318748011033686822e-03,9.305776691790716704e-03,4.624896291541486133e-03,2.525852154147811141e-03,4.357883083245217039e-03,2.222056549237749062e-03,4.645500330964706485e-04,6.896277074489639419e-03,3.623764360703271310e-03,5.660287473210553165e-03,1.953100288068311541e-03,1.457920530250162924e-04,7.015453579854169508e-03,8.646707916572819383e-04,1.308951904525132784e-03,4.527464679789082805e-03,1.527741817656373159e-03,2.746050125632519025e-03,6.135376920349220990e-03,4.416402820630481799e-03,1.589530555729645050e-04,5.287437930774938760e-03,8.180182023873809431e-04,7.383306901226115507e-03,5.990786454742080044e-04,5.984605315594200559e-04,1.806321309668798038e-03,1.641950807045405858e-03,3.107923988804702897e-03,5.736742991544733009e-03,2.085918001743609571e-03,1.150004863949233291e-02,2.185646725230269358e-03,1.337829480814432988e-02,5.403930665745891940e-03
2.143057234935394351e-03,8.505398800576264087e-03,5.667307259382380058e-04,3.840132568432625196e-03,4.441389636835135421e-03,1.993752715883993689e-03,7.134402140898609174e-06,4.309021374319875995e-03,5.231747929806105507e-03,5.023482202573490221e-03,2.025224373346089235e-03,2.498166459750046642e-03,2.652541132213933825e-03,1.587994543379960075e-03,6.567757165582617518e-03,4.949136394621831553e-03,6.843827476659663372e-04,9.010209805055846566e-03,9.859134328085283200e-04,2.579157841965515861e-03,3.970133933037254051e-03,1.316235853480140355e-02,3.554936788309017749e-04,4.132354803034997415e-04,0.000000000000000000e+00,9.823887094400714139e-04,8.073566854943257584e-03,8.949764450971717245e-03,2.078593344580701753e-03,3.652035114285024676e-03,1.017107468255835099e-03,5.674929366586320759e-03,1.228911863914570590e-03,1.084313662443391751e-02,1.675261768739170348e-03
9.015796037816209820e-05,2.699984026144803010e-04,1.206951246285064444e-04,4.159380091879483362e-04,3.308279643669144801e-03,1.402321671855466382e-04,6.986933197187857048e-03,1.894565139085146847e-04,8.864962082327609676e-04,9.730847484238433628e-05,3.677525286176657523e-04,1.010892630088082835e-03,7.553626337254493780e-04,5.459198910105029709e-04,1.002424096931182912e-04,6.574280099967238751e-04,2.637459529937949410e-03,4.850660976656740418e-03,2.906516152469776435e-03,4.565101457162725439e-03,4.308548094161102461e-04,1.372721920895754162e-04,4.387922415922220973e-03,6.419116043667935905e-04,2.003085772397152249e-03,5.215482788741623030e-04,2.254189176120637798e-03,2.409492424024684183e-04,1.008597800405373890e-03,4.402276936398257651e-03,3.066090415562973404e-03,2.455843450485817141e-03,2.963753862415416385e-03,4.236882536554389110e-04,3.353060460066358429e-04
1.242923487903767332e-02,1.376370330502269673e-03,8.501572532440500318e-03,4.773311090554037059e-03,2.254926237436970671e-03,4.677277492491365048e-04,9.854309891918757933e-03,1.352065774016171799e-04,3.265380408064179254e-03,4.003424560648994462e-03,3.443396195555690174e-03,3.334132774357116691e-03,1.972547509303045760e-03,3.660205100963686772e-03,3.739527768220806282e-03,2.211350163781345551e-02,3.655013866842775436e-03,4.123067099847492478e-03,9.647009690146712141e-04,7.754677169041143681e-03,3.081759412120431418e-05,4.518000320755959434e-03,6.165744043334102711e-03,1.678669112293014768e-03,4.542607670808767819e-06,1.349354368364369221e-02,8.488219532273941909e-04,2.577664533103046860e-03,2.631144297047264581e-03,3.279012756876798634e-03,6.931063070781761856e-03,3.056740235931857883e-03,1.118779873823857324e-03,3.419505994522925585e-03,1.949756007565735553e-03
4.816021625953184442e-03,2.514522832440584284e-03,4.068922926446878405e-03,8.071489203641816134e-04,2.449399487883976816e-04,1.273932670526032023e-03,5.759541800015463564e-03,1.383789618143193385e-03,2.596517710769786786e-03,8.225711611026732817e-03,1.922342170510879782e-03,3.562453073490931370e-03,4.639089156633496858e-05,3.080659002688515558e-03,1.605390121935765246e-03,5.650271589981430143e-03,1.880626419455789372e-03,4.641595275506890834e-03,2.470808813863817604e-03,3.445851134265559817e-03,5.268287468258034748e-05,2.234515671061484987e-04,8.804137888457916686e-03,4.315302885551993307e-04,2.441554773218796576e-03,1.517027136468592288e-02,5.617991873957152438e-03,1.038812357680411616e-03,2.222214510960748238e-03,4.960187260218742837e-03,6.352557629262640254e-03,3.295371820017552189e-04,7.041234533762315978e-03,6.832043659099733008e-04,4.784353204139154886e-04
9.969784703626840584e-04,9.616824714984135644e-03,9.571631298717856590e-04,2.489013424333613375e-03,4.902109544641290381e-03,1.648977790226995640e-03,1.215095500986757091e-03,1.975861089271111100e-03,4.674894274345682207e-03,6.678440286339783379e-03,1.735965343818090742e-02,1.676247013342700709e-03,2.365552694418049037e-03,7.533099764719269377e-04,5.206539658215665611e-03,3.940048254048842541e-03,2.158270184179078566e-04,6.194488958740669918e-03,2.827022123557469593e-03,1.258896866803405762e-03,6.443981465436655898e-03,1.470586195732270958e-02,1.460759368232012649e-03,3.569766718223664828e-03,5.556921620645113250e-04,2.619653133947551834e-03,1.611628719322077963e-03,5.494936042114383773e-03,1.915909689808131767e-03,2.049638996736927697e-03,1.400235776148646763e-03,5.386330953000405958e-04,5.074973246215904420e-04,7.239948926529717055e-03,7.984962807511004207e-03
0.000000000000000000e+00,7.316089028567675581e-03,2.007987834873862024e-03,5.248545360267475868e-03,5.887187062927196762e-03,1.036524750751379245e-02,2.018425937343334801e-03,1.682081741032368308e-02,6.080885493259143015e-04,5.326273735269749024e-03,2.837032853174482200e-03,3.498368848731128744e-03,3.827690023905285649e-05,5.059386790866735734e-03,8.689255228214986734e-03,3.142281314611922258e-03,5.357560735954391756e-04,7.695690376407942832e-03,3.025076958919625369e-03,2.497351134464258389e-03,1.694494386849094807e-03,1.007775969981535708e-02,7.161687989762494100e-04,1.191484265964671760e-03,9.868465650523588432e-04,1.570333069930865931e-03,3.629204057451043079e-03,5.894047891045389731e-03,4.063407304953983723e-05,3.672109631093835400e-03,2.291584797911768931e-03,3.550109007663422925e-03,1.369951269287447921e-03,1.056959678297113119e-02,2.517490753972451145e-03
1.800170714358012005e-03,5.583211402492789348e-03,6.540210979130157672e-04,4.219911496022641165e-03,1.600944533002694910e-03,1.480054746668716184e-03,5.284519822735221639e-03,2.036219938932101042e-04,2.839736583635652650e-03,9.282953481485911075e-04,3.866929756840457779e-03,3.843362897684915458e-03,1.117678505038855342e-03,1.069729039011244054e-03,1.090043101037217830e-03,1.027017148420654967e-02,4.242845504660027606e-03,1.514268406330315569e-03,2.160553245736831877e-03,4.470846587807887976e-03,1.251065092832484528e-03,2.540203404207322119e-03,3.787684203775719752e-03,7.900828151597847487e-03,2.964360791333595958e-03,1.645274554172773815e-03,6.257931483876360418e-03,1.925671152049620184e-03,1.278596918364385479e-02,1.040582050286058963e-02,3.618858251253735669e-03,3.819845214880046580e-03,4.799251606976925356e-03,8.208368067687938328e-04,6.073721434465970603e-04
3.886443485682222147e-03,6.863776764869303887e-05,3.849710441444048527e-03,4.650974545519273411e-03,1.779398851154140619e-03,2.178885918484117952e-03,3.134103573481188815e-03,1.105886563568354679e-03,2.169294982839062736e-03,2.887606118346509269e-03,5.710239892883685157e-03,6.078919864013192058e-03,9.523083784441933181e-04,4.054768678755127018e-03,2.778568180570655573e-03,4.621365487115342528e-03,2.434001581542969903e-03,2.224777009376546072e-02,3.886499644667271679e-03,4.939047625851043094e-04,4.936121282664109045e-03,1.775250368103011315e-03,8.527268138557819038e-03,1.710374685251506112e-03,6.223139498093449226e-03,7.428821022705881828e-03,5.492437941840765288e-03,6.516907306748812717e-03,1.843884281535910965e-03,6.872086469455837392e-03,2.140281945826779698e-03,5.613972698147296110e-03,1.589318128197914678e-03,5.210564133139304914e-04,5.900169056541238952e-03
3.537008677190623361e-03,1.652651571003271782e-03,1.389868959809059754e-03,1.053155034908869478e-03,3.955268312438105401e-03,1.396506613217553391e-03,6.667840505981862710e-03,4.927713278763809143e-04,1.703294243811050721e-03,1.236720507959213284e-03,1.474000419108678584e-03,1.402688249229608330e-03,5.713651148754879221e-04,1.181121500582192271e-03,2.731957559005252271e-04,8.480676395555178382e-03,1.022058196174630527e-03,1.729673065241613475e-03,1.829283956644968661e-03,2.618324925402350668e-03,1.390563088174434159e-03,9.487943840382894335e-04,6.864748837717140825e-04,1.951116548335877056e-03,1.996435310762108284e-03,4.342146496393542443e-03,8.471161215998924965e-03,5.165041272552041906e-04,8.646737185480960278e-03,6.579290461400108016e-03,4.545496138643793926e-03,4.099014402059671797e-03,3.986417707344848405e-05,1.547338431515189782e-03,5.817510829323199002e-04
2.483412118801582233e-03,2.710701319235740096e-03,2.797690639384633159e-03,3.892762129133998765e-03,3.631558075560495369e-03,2.384217008818003292e-03,2.948802179326612954e-03,1.227763820356682313e-03,1.829869995979614347e-03,1.891042221883138929e-03,1.204733527480515362e-02,4.281372507928962214e-03,2.413516141216240189e-03,6.537802672674918915e-03,1.709199769889534074e-03,4.628757621578463016e-03,2.593286767751765143e-03,9.857388975876325843e-03,1.100641344563332846e-02,5.068323569975561119e-03,3.670052018480175759e-04,1.637600262780158217e-03,1.141421468162551146e-03,2.388443082228376094e-03,1.377806588343680715e-03,5.425701226238860767e-03,1.426872530938249478e-02,4.270332174826731164e-03,8.487105619133742535e-04,5.633104525230689559e-03,2.085767063353272804e-04,2.877319064417876125e-03,5.651021631930298883e-04,1.183462528578388450e-03,3.951929934454813734e-03
4.693892951455664979e-03,1.673164848505050151e-02,3.368962705524828315e-03,4.295790145022078399e-03,1.016215805865061834e-02,5.179640611626292260e-03,2.773708430610933359e-03,7.276841713596780663e-03,7.239813197854532562e-03,3.719330434996798856e-03,1.438681938891256396e-02,4.551384626194254768e-03,2.591102786045549906e-03,2.578150987084176522e-03,4.108535120032914996e-03,6.409361092591520093e-04,1.147115844266685409e-03,5.610499004125252785e-03,3.243162308174939081e-03,9.865507625375015584e-04,1.401719571439616167e-03,4.101711827338507671e-03,4.910752744885397286e-03,6.028760936601543913e-03,2.675649545992056684e-03,6.824562291848559371e-03,5.843808217070566198e-03,5.515996525937793757e-03,1.604146372579096569e-03,2.844960814273777856e-03,2.236924848739563817e-03,2.046023240465951951e-03,2.406652593020651258e-03,9.116090635869954217e-03,1.327310511641926691e-02
4.871486401353466479e-03,2.182832487376922675e-03,3.699371040232945790e-03,3.910287017546109668e-03,3.344703900843267255e-03,1.123038620314337037e-03,5.063779768973862040e-03,6.601679945555334389e-04,1.004876102378129965e-02,2.426183062998582204e-03,6.952706512129720046e-04,4.698608491006638944e-03,6.280778153988536214e-03,9.798006327185289008e-04,1.501516306287034846e-03,8.198942193938936820e-03,1.368842759720750174e-03,1.917554060381456912e-03,3.104860895075167715e-03,1.059645377743764424e-02,4.836546694733961926e-03,2.055131576751550570e-03,6.570218275592856760e-04,2.234864492078708111e-03,2.228479816267070653e-03,9.897011215398579878e-04,6.643417700062054752e-03,3.708462026735812392e-04,2.218347740991586520e-04,1.566699229559997270e-05,7.977983241150721910e-05,3.737495981114458306e-03,1.817771774014762800e-03,5.459623692933933794e-04,3.809883225873698671e-03
5.731706701514001009e-04,1.218717723912798000e-03,1.306869116865446356e-03,3.134946478089424386e-04,1.232330318299412232e-03,1.154032411961648773e-05,9.848915397321954604e-04,3.702699427506128205e-04,1.633067944375222970e-03,3.387972934100984008e-03,7.623988790968659005e-04,1.123439422886839210e-03,7.778673954970023036e-03,1.902646228290969703e-03,1.541732360367768047e-03,6.807432439012488451e-04,1.890842053012568511e-03,1.326080403159182134e-03,1.231218650575177783e-03,1.668254928031564881e-03,7.979974391925344964e-04,0.000000000000000000e+00,6.999966296550867023e-03,4.053585136595327183e-05,7.939830405172845079e-03,2.428537277359154017e-03,4.910314438106969798e-03,4.364527303459954204e-04,2.978758639324095153e-03,2.715416257230147349e-03,3.894824958019130028e-03,3.241947838169430361e-03,6.566445428342641485e-04,3.732165838030235012e-04,2.940724709599163217e-05
2.755726939823770465e-03,3.795827804562772190e-03,5.520764597454078451e-04,2.812124591598541903e-03,7.053634464060166628e-03,2.370915683474699061e-03,2.281135738401165406e-03,6.041195650441872310e-03,3.358492899317081556e-03,6.808031317951998909e-03,7.283639362557526274e-03,5.348510018561769205e-03,5.810402575950101949e-03,5.520626794119772376e-03,1.950128305823967904e-03,1.752436203914822799e-02,3.417742971184004400e-03,4.237045386807923412e-03,1.872208161664686617e-03,2.133698299385203539e-03,1.184420007507951123e-04,6.408232879769240782e-03,3.361454420679870110e-03,9.181238148849371616e-05,6.040346750862493098e-04,5.816878214900267872e-03,3.661342573901927439e-03,2.357158808017364212e-03,4.078193389601114313e-03,2.169437269564334584e-03,2.653427240126641530e-03,2.360645303120307258e-03,3.497598125746703181e-03,8.813568516398383179e-04,8.403926913530927051e-03
1.393172071932107306e-02,1.361646746162032328e-03,5.275586844140887910e-06,9.853294766563392478e-04,2.909375802789258315e-04,1.021016227721224974e-02,3.934723993820516547e-03,4.492233994828532910e-03,4.999889615715584837e-03,3.095129197378076839e-03,2.464427472375631169e-03,1.253217340169305097e-03,7.382983451462588748e-03,4.899491147937843141e-03,3.754505869562952888e-03,1.566773999756528729e-02,1.526607980013048498e-03,6.254531547120016632e-05,4.719243362416051732e-03,4.292067397645757572e-03,4.693194600173535361e-03,1.721730410870652263e-03,3.468309437467852023e-03,4.178105661182032401e-03,0.000000000000000000e+00,1.954640178570436412e-02,3.508882046519936401e-03,5.430187961867267640e-03,2.386652277160911367e-03,5.651822737174451612e-03,2.359684240383526366e-03,2.256161243705890121e-03,1.663424001357313503e-03,1.858381230572272091e-03,2.758702985159509555e-03
1.825881902831343008e-03,7.016373660629742111e-03,3.265572499599228747e-03,4.410570191898839643e-04,3.191491848246853693e-03,2.245579737271239003e-03,4.237007233297790067e-05,3.046245740700709477e-03,3.881148481544661414e-03,5.980429998911543539e-03,1.805002239598910152e-03,3.860400607427694891e-03,2.305651584720561174e-03,1.467008367398268823e-03,9.118345717621469115e-03,6.877155422476591284e-03,4.709788456979647174e-04,6.924098724936452939e-03,3.482142597655534574e-03,4.101398206380769268e-03,5.059129564101531862e-04,6.758667508719388983e-03,2.923870007321449941e-04,2.410904318005425984e-03,0.000000000000000000e+00,8.462134485638233032e-04,6.880054375483156751e-03,4.525288585349706780e-03,1.508121927402750152e-03,1.473658306883261944e-03,9.456007204680717034e-04,5.146860848904416010e-03,1.095698309427737974e-03,1.615178390084380522e-02,1.048974615159056767e-03
2.554921342580474333e-03,1.784691503311985330e-03,4.321416021497129396e-03,2.457606485352048509e-02,9.772922212635830243e-04,3.670659546620024579e-03,1.066300940941459358e-03,9.798412216494674018e-03,9.991063820031252651e-03,1.799306062859947581e-03,1.109071344847421120e-02,5.262425875901671768e-03,4.351397553319170768e-03,7.125624807459809192e-04,1.100768005538365658e-02,3.090313872082197603e-03,3.117447534616074253e-04,8.922750307964050220e-03,2.671572417848157646e-03,1.242267055273833798e-02,2.519110347877821787e-02,1.266523224392841589e-02,8.912167633374644751e-03,9.536692443188552956e-03,3.846256093014278725e-04,4.344008301022998092e-03,3.056920686055543401e-03,5.112381156533868376e-03,2.335979179664249804e-03,2.067640275019796969e-02,4.554523751413206388e-04,4.298055663178989433e-04,1.950879882271532723e-03,3.813876304548572890e-03,1.489258757858474835e-02
1.464097905987055918e-03,4.560352493610899706e-03,8.797582738967971855e-04,2.211496983299968220e-03,1.841921202845776470e-03,3.805544647676718795e-03,1.632100083440637906e-03,2.543005953738533553e-05,2.463844593321782087e-03,9.444752842295603759e-03,2.279900549504837101e-03,1.977721274706514040e-03,2.781714941956641395e-03,2.395008378364114031e-03,2.264048122710721200e-03,9.638858963331733976e-03,1.186902541157177108e-03,5.422156266661162793e-03,6.006979354931316073e-04,1.002330728553171846e-03,3.322792437845366060e-03,4.715928911251370675e-04,2.216889712704506622e-03,6.356371782155659234e-03,2.535276572596839345e-04,5.871275430533254465e-03,4.140264499756254012e-03,2.044745967019185803e-03,1.607450167173513599e-03,1.015427318459823135e-03,6.623870541676733434e-04,3.385931581266300727e-03,5.741161410616710823e-04,6.685572041018176571e-03,7.138367631779107825e-03
3.682373547343407647e-03,8.868385225954568754e-03,2.578728021165575986e-03,2.158185907025576573e-03,1.954174227665484483e-03,4.200885555248091985e-03,1.719402094638045530e-03,1.153525725571721144e-02,9.041976986709268291e-03,7.719220085447435530e-04,2.173075872587903416e-03,1.911087282312496846e-03,2.305071478724275182e-03,4.570155404630600084e-03,1.872022669216595429e-03,1.502643412395015827e-03,4.133299802666685506e-04,3.811470419335770063e-03,8.681407474714094132e-04,4.681804267072495651e-04,1.491824417917033329e-03,1.318391062444559372e-04,4.210850122020855582e-04,1.049720322878822804e-02,7.013728526222449619e-04,4.804015727414408243e-03,1.888568587679837277e-03,1.072879642827458688e-03,2.251269384116913160e-04,5.314162102825369842e-04,8.129113368349160079e-04,2.177453385274244133e-03,1.466366646871981524e-03,5.546467562275721012e-04,4.616954298504679678e-03
1.552558874189882265e-03,9.909597702773113165e-03,6.830790549134976852e-03,3.128247969598126413e-03,3.163277737422066915e-03,9.661849373080374235e-04,5.739564035450756430e-04,2.010623529694281070e-03,1.864186225586547804e-03,3.681092457088521504e-03,1.276367980001504032e-03,5.132206505423474174e-04,4.670848248936880671e-03,1.062688710818812665e-03,3.059692819181746883e-03,4.574189130596192053e-03,1.714230945628336666e-04,1.724665613714210753e-03,2.332102863527992995e-04,2.193284064803710780e-03,1.274294850505310744e-04,8.124340520503977453e-03,1.355628339016257556e-03,4.773278630861277870e-03,4.379664389879398857e-04,3.466139678423098974e-03,2.196521039069502731e-03,2.980427441585616066e-03,5.149813945341960575e-03,3.848025332423612652e-03,6.708969305194646855e-04,8.640298108934445914e-03,1.645227983156522314e-03,8.946744110905026012e-03,1.753457474564776297e-03
1.507626178899146123e-03,9.563382270839816332e-03,5.039513737589061682e-03,3.598925276723069153e-03,3.592085249978737432e-03,2.965296186464569449e-04,2.637942201969833110e-03,5.304197471638718610e-03,6.080507795297453513e-03,4.383808775350209706e-03,9.927340611474450710e-04,3.354644064059799508e-03,1.265941491998817149e-03,4.256225364917782389e-03,8.882253310508320121e-05,7.093565578330001536e-03,5.913025535256720595e-04,1.542144655780178057e-03,3.309437700721030821e-03,6.711979224254671118e-03,8.274611162540581114e-03,1.936045284363612645e-02,2.315319359883186601e-04,4.672216312831843632e-03,0.000000000000000000e+00,1.230577487975071868e-03,4.839982070647542121e-03,7.646852358129830468e-03,2.337859491018426730e-03,6.210143970459821444e-03,5.701055409668193043e-04,2.861129095930679215e-03,3.012339740218613563e-04,1.529319229406020386e-02,5.233363946050740775e-03
3.655685670127109066e-04,1.474056507864667659e-02,6.475853233230750849e-03,1.470559880634560862e-02,6.524935187233452637e-03,2.871661484215632613e-03,2.426435891981043071e-03,4.153640111746133290e-03,5.874942992100477476e-03,4.903909983627003331e-03,2.884359127467647083e-03,1.181941843284127144e-02,1.675200148769063861e-03,3.830519996669139258e-03,5.505590282241425854e-03,2.108947000926863959e-03,6.450708922872494880e-04,1.150496720939735498e-02,6.888840070684290259e-04,3.629622699903902946e-03,4.808863138634524026e-04,1.011402773983116100e-02,2.927593037754216672e-04,5.138704318443280440e-03,3.272899214651927538e-04,2.297437624519352729e-03,5.650661763359089013e-03,5.699769646389621011e-03,6.845247788215794334e-04,1.162538543314109787e-02,1.224710611179048725e-04,1.172479175246781639e-03,4.224095635290810386e-04,6.026751622505935151e-03,3.674569596468051091e-04
2.591664191936106365e-03,7.093807026929353483e-05,1.812703256499953583e-03,3.718091236323719357e-04,2.424708705171005601e-03,1.379900640644924356e-03,2.133518690383177756e-03,7.912941454340117337e-04,1.228615938850110461e-03,1.851595026679173995e-03,6.406694046901269647e-04,6.468575192232678189e-04,2.352991978767635106e-03,2.934873722849238101e-03,3.615675451314239179e-04,3.153924295413094818e-03,3.121177582653880591e-03,2.819381257050865112e-03,6.316744143161728137e-03,1.983972471625878187e-03,1.611655147347701347e-03,0.000000000000000000e+00,1.884590841213692244e-03,6.399580767308263784e-04,3.847749502632831758e-03,4.207191306486911253e-03,4.833647945872202555e-04,4.822422908462225080e-04,5.873730491803246315e-03,2.133558944966441710e-03,5.571664020960279996e-03,6.274791353469572237e-03,9.423080764781986349e-03,1.264834017221070381e-04,4.806240683707735861e-04
2.011415564188882583e-03,9.129110059312014677e-04,8.254953892603391144e-04,3.057333014603078047e-03,1.329260769930091114e-03,3.512197584251880488e-04,1.535610155521732832e-03,9.392256606258498350e-04,1.411249472056947405e-03,1.478428570916479621e-03,9.473830126523391515e-03,1.900076438240347332e-03,6.606252924947928970e-04,1.510880304330860027e-03,1.709728035563436513e-03,2.085268926564810919e-03,1.179212049297234492e-03,5.731587494285126511e-03,8.738346387962840807e-04,1.867269989965654117e-03,1.805733945889272107e-02,7.454471913676332349e-03,2.508039240790061603e-03,3.271138694132211169e-03,8.328263382539370652e-05,2.407823712391051873e-03,4.481573474698656231e-04,1.554923502131375090e-02,3.617986655130498146e-03,4.798925254578150987e-03,1.434417949265818192e-03,7.202101913968998390e-04,2.085510125246821649e-03,1.906930905892859247e-03,3.303724119003989892e-03
0.000000000000000000e+00,1.362175628053241333e-03,5.744119388112658986e-03,1.092398035506424170e-02,5.470212785799385101e-03,4.422217436146094055e-03,2.052332812031028005e-05,3.418456950841271963e-02,4.600864068686668848e-03,1.472576117354552905e-04,1.615024657225876429e-03,2.056373520346686974e-03,1.453101651853694332e-03,4.467342391648214742e-04,1.597088639521983267e-02,2.450651850626780039e-04,4.993540412513053535e-04,5.024735306301101462e-03,4.488890594565756267e-04,0.000000000000000000e+00,2.278317694280858688e-04,5.237152483058838933e-04,3.617242725004559106e-03,2.147989263680882138e-03,3.130210240682976611e-03,5.674681799053624479e-03,2.340437687188267127e-03,6.649457279560571851e-03,8.394105505028394551e-04,5.096937751125896459e-04,4.864605339923527838e-03,3.166517757958384194e-04,8.095728164903672266e-04,6.058120305327596494e-04,5.706799043593679260e-04
