3.351067413159547481e-04,7.554253962887971102e-03,9.629187855501937510e-03,1.824773995445223493e-02,9.748667301435171018e-03,5.148703786363642738e-03,1.171104674073795981e-02,1.903078662897787115e-03,9.964066517548190657e-03,6.268344188420531260e-03,2.409124724707407267e-03,3.480145466329027937e-03,1.144426207370647514e-02,8.504218351018610900e-03,6.849823808882073845e-03,6.386772203029723871e-03,1.087638119059375352e-02,3.710207732405650105e-03,4.197820748432376514e-03,1.757476548640314606e-02,6.825697932107896437e-04,5.045004196161867634e-03,1.144040642155731702e-02,4.129249230385306085e-03,7.051181916680339390e-03,1.175858865553545962e-02,9.135299288585529975e-03,9.914830804192727512e-03,1.732191706156796518e-02,1.975401143271854343e-02,5.052944146009749615e-03,1.852559425693775519e-03,7.065553280415005910e-03,9.667740240031523491e-03,1.269103589728235934e-02
2.530461366524191374e-02,1.069736924380929564e-02,9.917710606852932209e-03,1.727380858540041725e-02,1.862933447591954422e-02,8.018288256269262906e-03,1.636301242193460848e-02,3.601861591453251864e-03,1.136292593160359923e-03,9.985441538008874712e-03,4.631399551789329092e-03,2.369567804492956134e-03,2.208397670051121670e-02,1.853054294608608155e-02,1.066669201350894415e-03,2.859110614405961648e-03,8.141086334074155995e-03,7.523207898863344505e-03,3.358420573103780560e-03,2.517617694756627000e-03,1.977899858581335778e-03,3.568446024288331186e-03,1.282138751650136257e-02,1.715025238685548986e-03,1.045814164895136553e-02,2.270406074416726760e-02,4.037206407404354824e-03,4.720788617676389270e-04,5.157870883313542265e-03,1.116643013586086225e-02,5.145069906844837448e-03,1.292067229707032083e-03,1.128652862846511729e-02,1.662274503272635762e-02,2.196681089027689542e-03
7.129134294395697569e-03,1.647052182523198183e-02,5.445812718422753107e-03,1.126020959332284244e-02,6.868978706257883315e-03,5.079316821579336200e-03,1.080663683528502311e-02,4.298935873300109567e-03,7.599583238744295199e-03,1.104306735502152970e-02,1.084751485991888864e-02,2.966360810205750931e-03,1.013174074524032103e-02,7.159471137047134642e-03,6.926167225340340572e-03,4.219705633946940759e-03,2.770806847912135260e-03,3.577254487367058366e-03,2.665858743117331675e-03,9.648039433405551646e-03,1.068798576033382075e-02,9.179268708511545416e-04,1.167562925737247043e-02,2.151526429100672488e-03,1.118785381449176677e-03,6.424955095386895854e-03,7.567291381454052668e-03,6.851236948889255496e-03,2.102216989660270902e-03,1.520020268021150811e-03,4.152427416632402390e-03,1.781902339011886410e-03,8.665492692940920255e-03,1.512716775816128068e-02,6.324777821786892185e-04
1.956328366177570791e-02,2.091726842381431235e-04,1.279444341642795024e-03,5.680550284350768982e-03,2.942438193777451028e-03,5.670122923016416433e-04,8.916030011761319485e-03,1.737416491874500205e-03,3.832594280919804711e-03,5.422158479282623844e-03,2.487880445848590725e-03,3.154990828456494256e-03,9.118807939805767537e-03,2.331077446799403874e-03,3.497200794303258805e-03,1.140109122453124291e-02,1.191822975736972490e-02,1.827407898079558279e-03,1.631095836748343297e-03,5.705462361132760535e-03,1.373555402238860537e-04,3.778375426776652913e-04,1.758110818331695691e-02,9.612622917990209809e-04,5.774064941470230528e-03,9.503715589756222409e-03,1.400911382952948342e-03,2.236056238917810603e-03,1.868281663225224154e-03,5.225175632113610025e-03,1.100996676572754684e-02,1.071479364914189325e-03,2.355747319661621875e-03,1.257497024078260001e-04,1.356562172856206087e-03
7.711597900805430839e-03,6.879718470155227195e-03,8.600433972147446954e-03,1.868737624609995499e-02,1.149299065114070539e-02,2.172805256506695620e-02,2.191977881578768828e-02,8.031185117391403602e-03,7.458322709988965057e-03,1.124192660060598266e-02,4.243204056230924850e-03,1.713723136038788203e-03,7.123964705755055082e-03,2.433646131619416481e-02,5.880608684428849375e-05,1.862949436484065413e-02,1.052943502412557325e-02,1.636999011357487960e-03,4.034778921287923703e-03,3.212228053288475327e-03,1.584796735387902777e-04,4.849715212424960536e-04,1.353765309882989931e-02,6.317018517959283735e-03,2.415459999999999916e-03,1.113503451134999905e-02,2.659937396093332851e-03,8.907214020513306435e-03,7.307476363984294343e-03,1.720391245037744543e-02,1.210085124597174919e-02,4.069621140112895941e-03,6.839604219170087457e-03,2.754347137137557605e-02,1.021932009260146388e-03
7.278063862274728596e-03,9.111458435353769758e-03,2.233204375594995128e-03,5.292786478952676843e-03,1.105499337559481821e-02,8.512098385078513407e-03,4.709345783171741198e-03,2.029592230469606795e-02,8.715868438225249371e-03,4.972413281481839753e-03,4.394500609351162379e-03,1.937018984825622514e-03,5.776128838736045192e-03,7.132489758475395875e-04,9.152901377894484547e-03,6.906742389654304051e-03,3.630571352777607445e-04,4.431329338340898177e-03,5.867000892718479688e-03,1.549863648816119169e-03,7.669553625125988261e-03,7.169496299144761942e-05,3.264288128577435980e-04,1.112421725345689311e-02,0.000000000000000000e+00,5.837362555391467644e-05,4.569728059473733561e-03,6.327346576708761661e-03,5.237080785468393312e-03,5.808376700228701922e-03,2.674202036777840845e-03,5.562969732988993360e-04,1.305944866876950720e-03,1.360198218619781962e-03,2.585487437246583586e-03
1.407280406636485064e-02,1.167655675795416887e-03,4.698375976229926185e-04,4.902976008354316233e-03,4.272282468339138814e-03,1.756178783080805878e-03,5.250334926581771977e-03,1.808205755171899418e-03,7.106271503398584911e-03,5.151537317407139938e-03,2.839486576546172356e-03,6.631694933681205745e-04,1.580440738242197204e-02,6.861731719669011270e-03,2.746252238083874905e-03,8.975726226476186606e-03,1.375764211431827061e-02,3.502023108219384784e-03,8.771392100865608651e-03,1.303711932153168995e-02,2.814922080650794287e-04,1.836438802964516354e-04,1.966041294799799471e-02,1.374703931438836990e-03,1.230973018101579053e-02,1.910546277676441682e-02,3.364526638205602577e-04,2.706383262799589955e-03,4.826532377185888123e-03,1.480238618390205402e-02,1.057499270002194153e-02,3.819135551513757817e-03,1.227059402501422952e-02,1.018370687131617551e-04,2.212091332279922124e-03
8.008139846260666633e-03,0.000000000000000000e+00,0.000000000000000000e+00,1.917974362920937467e-03,9.343051005542538437e-03,0.000000000000000000e+00,1.023232110402369499e-02,0.000000000000000000e+00,3.733876475280540740e-03,3.001736844897758168e-03,2.689291138396484281e-03,1.739243775564991261e-03,1.230684316443892909e-03,1.013949652483843791e-02,0.000000000000000000e+00,1.120004373933882261e-02,1.309197600241063242e-05,1.351107740403155281e-03,8.283079182075145375e-03,3.772634662049544063e-03,1.111814600729325690e-03,0.000000000000000000e+00,7.403910401225129168e-03,6.799149098788275511e-04,1.309833997198708855e-03,9.947026243165239118e-03,1.155770818354799265e-02,0.000000000000000000e+00,6.407473080701817092e-03,9.931642405935081630e-04,3.846105943876694522e-03,4.502919053728550447e-03,1.935023708844488960e-02,0.000000000000000000e+00,0.000000000000000000e+00
1.815538495660159318e-02,7.731276584802063145e-03,3.561495638006666187e-03,3.422957393161413925e-03,1.683170146629660996e-03,2.250436268909863924e-02,4.211295464415128198e-04,3.167476196816176870e-04,4.665297961584422004e-03,8.670255207304907591e-03,1.144523160188530564e-03,1.558185179010565177e-03,1.190869539444166722e-02,2.877344633549055661e-03,1.916725528876386461e-03,1.364394075752135144e-03,1.687553560527351587e-03,5.055046503387214396e-03,2.093768107775402509e-03,3.491767660403904960e-04,7.015104332329723941e-03,5.517977833596548424e-04,6.733987408382982251e-03,3.976427458596915043e-03,5.217305502815720690e-03,4.198463094756271774e-03,1.274933696069168246e-03,7.408656654209687734e-03,8.046277009379921435e-04,6.450919915364292448e-03,4.044315696141647515e-03,4.863084436534402533e-03,6.074845730942224006e-03,4.791384324541399925e-03,1.601139307594937056e-04
7.456605104060404221e-03,1.357984828059755934e-02,9.238235330860128380e-03,9.331873450280928073e-03,9.407646366153668560e-03,3.410729152725699292e-02,3.957474246264109687e-04,2.414156028451718700e-02,3.219880682589687515e-03,5.051061767739714603e-03,7.171898534746623186e-03,9.847015030371372712e-04,8.162809822276052840e-03,3.047830822703864739e-03,8.615625753321129454e-03,9.496591996826371854e-03,6.741086488804559629e-04,5.489713026587766942e-03,4.057071639094888757e-03,9.936007666367364238e-03,2.125145912251900915e-03,7.691366610046351804e-03,8.503263328831417445e-03,1.513366212528433064e-02,0.000000000000000000e+00,7.855364575484261036e-03,4.119105985116028323e-04,1.315507897167682294e-02,5.416157858441609033e-03,1.724310534136208085e-03,2.838229166873398185e-03,5.058675573313936580e-03,5.986593150928400976e-03,1.294988317581647480e-02,6.681464655288779642e-03
7.846968807787541023e-03,2.343565453741361382e-02,2.137906726304934779e-03,2.162087136539592169e-03,1.355714820633620310e-02,4.677701285224062505e-03,8.415445249476781811e-03,4.566779197804460289e-03,1.395235966530733451e-02,1.602430151187897445e-03,5.202828284383426150e-03,1.201856392511510552e-03,5.834140091331470844e-03,3.856802659612928834e-03,1.198545041176571346e-03,7.446622222699521981e-03,2.142013856644376865e-04,4.009165760436857878e-03,9.821487431765293930e-04,1.340880877418530216e-03,1.483623353514713916e-03,2.608057305434979822e-03,1.109893468016836257e-03,6.625460657439172230e-04,0.000000000000000000e+00,1.635793893362585266e-03,3.461961853421482299e-03,5.380301155285795167e-03,1.247464868182002196e-03,1.465780255828344480e-03,1.215630297441790044e-03,9.463189633857060912e-05,1.255931708794250567e-03,4.695667144990547937e-03,1.058238424154367419e-03
2.563313508459390266e-02,3.991230253768816849e-03,3.837460318240584062e-03,4.994246499087976604e-03,4.360542767348134924e-03,1.667095485555728993e-02,7.845247286266300232e-03,2.008128939172471386e-02,1.289121841467046579e-02,7.324287479947903107e-03,1.535312827400783092e-02,2.946305326220630127e-03,7.235529512674507974e-03,8.148322241473245423e-03,4.005684035973164359e-03,1.377921018662495167e-02,4.888646951594091683e-03,1.053806769482066447e-02,2.845213237019240254e-03,1.726442392693608441e-04,6.365099287460519728e-03,1.417737667917644273e-02,4.615389742640411963e-03,9.784980504748408414e-03,8.138702442180931890e-03,6.160400017422105329e-03,2.698182409303152840e-02,1.993742801031643530e-03,4.303177294384293028e-03,4.339689214604036671e-03,3.518999344899098949e-03,2.744626906191923593e-03,5.620935492629125507e-03,3.840491124322142902e-02,8.726551943839533365e-04
1.094257479559107051e-02,1.817135992020778995e-02,9.307445653455617002e-03,6.075864721254084500e-03,7.708464594528299796e-03,2.762107868663358362e-02,9.851748671908541408e-03,1.104378166545692819e-02,2.343146242160358550e-03,1.556785615168964146e-03,3.700965500455542095e-03,2.234835646076762522e-03,1.813147156943238116e-03,4.148006862211232187e-04,1.688420326784849726e-02,7.236310302779668663e-03,3.153330922154838796e-03,1.241337356816651222e-03,1.947380721164389955e-02,1.321029426677233776e-02,6.729092703228377326e-03,7.396249848701588747e-04,3.252207197378259584e-04,7.524806310624521100e-03,4.880129917298544825e-03,1.875636709029507646e-02,6.281759900294628385e-04,6.736348505251305713e-03,1.000915209410935085e-02,1.410480541264954625e-02,1.868301043135473655e-03,2.040377440095943531e-02,8.777470170840712127e-03,3.150364328463748503e-03,8.537021493693813801e-03
5.994286015970757414e-03,0.000000000000000000e+00,0.000000000000000000e+00,1.435650116426946763e-03,2.986482286947150441e-03,0.000000000000000000e+00,4.654548709417380414e-03,0.000000000000000000e+00,2.637185020317508750e-03,1.597361998418377104e-03,3.078575478651895958e-03,4.294559834154883932e-04,6.472070789678743309e-03,8.764582905345878056e-03,0.000000000000000000e+00,8.383503142284439921e-03,3.898781353423145385e-03,2.904900897084436873e-03,3.652193117707192710e-03,2.788663778399147475e-03,1.749512229120681788e-03,0.000000000000000000e+00,1.551596870242585163e-03,5.089327252744896887e-04,7.675837211047115138e-03,6.988809283377776446e-03,8.983726014238968549e-03,0.000000000000000000e+00,3.652659304615633873e-03,1.724076086386985840e-03,3.333557331595123768e-03,6.826969090772455964e-03,1.470947237015889780e-03,0.000000000000000000e+00,0.000000000000000000e+00
7.822524988217631828e-03,1.016579633298872465e-02,2.665759246787632181e-03,6.983247185126592593e-04,7.547958995322482864e-03,1.253118106787418085e-02,8.389230588718285184e-03,5.328115857726786753e-03,9.040052670977447025e-03,8.530123284965456312e-03,5.006420245745529102e-03,1.620509049935020540e-03,7.310271242996576116e-03,1.836482777711738283e-03,2.651499925093847750e-03,7.423425508850436602e-03,1.643361095858165456e-03,5.177547936370818782e-04,5.327631640183478484e-03,6.076604464685689440e-03,5.072857337461537941e-03,1.051904542505358031e-02,9.590864883739264491e-05,1.283561110357142598e-02,0.000000000000000000e+00,2.061478552923143304e-03,6.672261047228900122e-05,7.762294371290239317e-03,2.816567746204926698e-05,2.260013434374975178e-03,2.175946529150988434e-03,7.702978217746587336e-03,9.407269257737675607e-04,6.267961120169848743e-03,1.696859630047536927e-03
2.694653647764531923e-02,8.431892496581522289e-03,1.057667516723410223e-02,1.959821268254861859e-02,1.592859859099831146e-02,1.067905501634651942e-02,1.629519633674050838e-02,4.173408787069397483e-03,8.843286527024929455e-04,8.756905289471116072e-03,6.561428393613375626e-04,3.733417719094606936e-03,1.796550330898304820e-02,2.844249050137324930e-02,1.886573705508313124e-03,2.736574631096444499e-03,9.015043225854488251e-03,5.588233321842431787e-03,8.818179480646944762e-03,2.034617412118931712e-03,2.826285586350920937e-03,3.579399283636496704e-03,1.024394846094401311e-02,3.629834041471140943e-04,0.000000000000000000e+00,1.794643930578813940e-02,1.302964779027620396e-03,7.328123498616698032e-04,4.588658440058610011e-04,6.372382370819086594e-03,9.085442493965546415e-03,3.159714503955114717e-03,3.735643092586777084e-03,1.948561824691256994e-02,1.282984923928331446e-03
3.415504004064401355e-04,1.077996898375017248e-02,5.074509454811054754e-03,2.001505195119112485e-02,3.439339457843467590e-03,3.314490504877290813e-03,6.626775986827322662e-04,2.750880288145039071e-02,5.209860364029997304e-03,1.448975517335984731e-03,2.493825861190851131e-03,3.030279933013003968e-03,1.720673269043106884e-02,5.336841105915819672e-03,1.249209029872865029e-02,8.523216060717904788e-03,1.126710594357389211e-03,4.174765373305022731e-03,2.398635371658668341e-03,5.272650574914875508e-03,2.037858353603899664e-03,9.579134225095462668e-03,8.513823132262959489e-03,4.572580361425933153e-03,0.000000000000000000e+00,2.385608272996438822e-03,3.662861009165303827e-03,5.343941692564406487e-03,4.449662574138219667e-03,6.384673874302297658e-03,5.357401022474065494e-03,2.403603957535568880e-04,2.904136188282592512e-04,1.053810036173190127e-02,8.940955746167891793e-04
1.647770782424040625e-02,2.387845677838071334e-02,5.492040173447444024e-03,1.438603215364754606e-02,1.721348030433795390e-02,4.787305131196998090e-03,5.897221009311948148e-04,7.390981856381990955e-03,2.433377404432947658e-02,1.078208057239073668e-02,1.764129283100129841e-03,1.092345014117324098e-02,5.583766597608618397e-03,1.626410827100577272e-03,1.679146625466169246e-02,6.270155097565767444e-03,4.322579344483813875e-03,8.032225703666628913e-04,3.774702925793677402e-03,8.516699356438613838e-03,1.220015565050362738e-02,2.509783446716196131e-02,4.975969180246978159e-03,1.850195775610391155e-02,2.415459999999999916e-03,5.621243638888190342e-03,1.446571792802415699e-02,1.311042074647160438e-02,1.798219863797740140e-03,2.814941051093935651e-02,2.124097191618321175e-03,3.037012827002931806e-03,1.498380958656620344e-03,1.000045292014431486e-03,7.501054936354091540e-03
5.003144758418805356e-03,8.843893582365550230e-05,1.714931325752231447e-03,8.781850460162581549e-04,9.233282090002917220e-03,1.195426380165435193e-05,3.876228735041627183e-03,1.551289698586716002e-04,3.375478411310210616e-03,1.515293253855467051e-03,2.791698103287434062e-04,1.076269594203419465e-03,4.472757620665176320e-03,4.162956188611867218e-03,3.705265017465616531e-04,1.950923582827385335e-03,3.902201897737350711e-03,2.817358264238557525e-03,3.154667037014516340e-04,4.994792822458685860e-03,1.671699501020232912e-03,1.697380771653724061e-04,1.877212877717540640e-03,1.240911632752441025e-04,1.740417181512918243e-02,9.594229286875635351e-03,2.706062079386372006e-03,1.483556609745085230e-04,7.796467467524777206e-04,7.248285195654261166e-03,5.948692688868252587e-03,2.695909294769059661e-03,1.187109294425992001e-02,8.645464407173355094e-05,6.730939199011236871e-05
1.083753204082765764e-02,7.866696179462336763e-03,6.061553253498587479e-03,9.938853361290963390e-03,4.363795052685364925e-03,5.361652997682094662e-03,4.817621474779616025e-03,1.981789561243577948e-03,8.722662180665342879e-03,9.373187490870269617e-03,5.757390234968030526e-03,5.181715282931050048e-04,1.577370418447486891e-02,2.294213145963740902e-03,7.046689067243232761e-03,1.253772445141659864e-02,4.930450450970267490e-03,8.854300989260745214e-03,3.156943094187795312e-03,6.169282094761040919e-03,8.472410460689146217e-04,7.942780969501711530e-03,8.978620438519111305e-03,8.904231408327557828e-03,1.509727613511546024e-03,1.369268343782477707e-02,7.905791745733983800e-03,8.886940641082896261e-03,3.982906440181885332e-05,1.646114735001182050e-03,9.156251178810095870e-03,6.827770932828006178e-04,8.631286289389465682e-03,1.588362296255201381e-02,6.455366704546966483e-03
8.549528907109287673e-03,1.403598049375156392e-02,3.129788996677596025e-03,1.485192005723808342e-03,7.465868506644561878e-03,1.838680020090407985e-02,9.168902564668547639e-03,2.432805400749693536e-05,9.996841140773871093e-03,3.415270612472669567e-03,7.547677251051460035e-04,3.023362960972008490e-04,8.084180314997123709e-03,4.644605459183652474e-03,4.370965387099644099e-03,8.113338221774122824e-03,1.199205650140639737e-03,2.044198128408489246e-03,7.162433267309125523e-03,6.587294804482917397e-03,4.648120880298848082e-03,7.538096344205298151e-03,6.874484814139296439e-05,1.007617036860726512e-02,0.000000000000000000e+00,8.565563481488291941e-03,1.315965159140018541e-03,3.937903191201025041e-03,5.555716148944856922e-03,3.376510976216000933e-03,1.154891570512249326e-03,1.076510301124048580e-02,9.916221538467597137e-04,2.115086159128164167e-04,3.333116753777100316e-03
5.337285229936806347e-03,0.000000000000000000e+00,2.701281951885575391e-03,2.436141805424190624e-03,2.695701707580940021e-03,1.003218315456530990e-04,5.843339853640480697e-03,1.115263406599388942e-03,2.203841190669291340e-03,7.602882096352549246e-03,7.541900716706426882e-04,2.682485577568702578e-03,8.801205605440540897e-03,2.333242533775625391e-03,2.369242359489424909e-03,2.386731651304594467e-03,6.426067172578740078e-03,2.414670088673200998e-03,1.289402658144495756e-04,3.381025439156569792e-03,2.020732626703428212e-03,1.371685931947691961e-04,2.443288429885156349e-02,1.566759669586965985e-04,1.027686765565618415e-02,4.810341320697497300e-03,3.653064584555072887e-03,1.279763874942664061e-03,1.478401940777763698e-03,1.622711489836740385e-03,6.198361027901291842e-05,5.307356011335135140e-03,1.071427796565015828e-02,0.000000000000000000e+00,5.666817570247105820e-04
1.142143282245890699e-02,1.618152247390572960e-03,3.674931112392009966e-04,7.150859337272159715e-03,1.649020122334821266e-03,3.278969682732121773e-03,1.815707935373894397e-02,1.473251730677899119e-03,2.105507897935818620e-02,4.192611236405714183e-03,3.007602821513788265e-03,8.682328373264025165e-03,9.201695315287141200e-03,4.194690521825856014e-03,1.988559537558948296e-03,5.190058032398170082e-03,9.590425296492968710e-03,3.773029887757173989e-03,3.721388833386010328e-03,8.207056162697363294e-03,5.505189553547847059e-03,9.395926163819200041e-05,1.132124639351239637e-02,2.495169605547992164e-03,1.325233481960689033e-02,6.156880519290849896e-03,1.914429075577398637e-02,3.170475155483064647e-03,1.218480342445246722e-04,4.407345169437630605e-03,4.268744261673850654e-03,3.044949694847431249e-03,4.528874309827674374e-03,2.570464264265036780e-04,8.123311644672278481e-03
5.116441576917314486e-03,0.000000000000000000e+00,0.000000000000000000e+00,1.225403647076964402e-03,9.897837697617137276e-04,0.000000000000000000e+00,7.224476587734278421e-03,0.000000000000000000e+00,1.995264449724298665e-03,3.103195854808151778e-04,3.248265596258200980e-03,3.745175229189290703e-04,2.097926292756104039e-03,7.420187144729450610e-03,0.000000000000000000e+00,7.155765327700091584e-03,2.321397285173614974e-03,2.268961574730881271e-03,4.221383671361711443e-03,3.227726695013314467e-03,2.106699316097089547e-03,0.000000000000000000e+00,4.100249513203419252e-03,4.344011194178125021e-04,2.193622587312697280e-03,5.224698727967584493e-03,4.554792340251435749e-03,0.000000000000000000e+00,2.928507303171616616e-04,7.609974574494235422e-03,3.522431490063508350e-03,4.126972131477321670e-04,1.251376945304179950e-02,0.000000000000000000e+00,0.000000000000000000e+00
2.266261659065154331e-03,0.000000000000000000e+00,0.000000000000000000e+00,5.427767053527742577e-04,8.643568814335471362e-03,0.000000000000000000e+00,3.948648921351419552e-03,0.000000000000000000e+00,1.436742846130645117e-03,2.414755872430806184e-03,4.380755750621245564e-04,1.762056740254377236e-03,4.925540096941162516e-03,2.457679343035366545e-03,0.000000000000000000e+00,3.169553753256234164e-03,2.558312396941136296e-03,3.945151960218441257e-03,3.252292825937608614e-03,4.840650662582761388e-03,8.155571001801971030e-04,0.000000000000000000e+00,2.581165216706458182e-03,1.924123605814177654e-04,5.197164168516246741e-03,3.915767881203130116e-03,5.581344081516400636e-03,0.000000000000000000e+00,2.398750614469745759e-03,2.381692596256087396e-03,5.055046602296005276e-04,5.650263371210165891e-04,4.317886457481004414e-03,0.000000000000000000e+00,0.000000000000000000e+00
3.065573705934962132e-02,2.577015096307938829e-03,9.249063622744850555e-03,1.517516622295519285e-02,9.393053427093206453e-05,1.344845444448358046e-02,2.046636828478251395e-03,3.594200815100984797e-02,9.357132964758971272e-04,5.591434056257768570e-03,2.806330727153205813e-03,7.283846520602307861e-04,7.969164296699179917e-03,4.841471357871385273e-03,1.436923787689489695e-03,3.665120048612462589e-03,4.810698051803622560e-04,3.299104427404303541e-04,1.357096828129826342e-03,3.854902662289700407e-03,3.488401472678230239e-03,6.925216335408509657e-03,4.938077740361868952e-03,5.641490164593447251e-03,3.975321294613406997e-03,4.262417768635964888e-03,1.542494139843381823e-03,2.110204304040519396e-04,2.043427846829927799e-03,1.609451761160417488e-03,6.136180036837132062e-03,2.522114766807262431e-03,4.327554898554044488e-04,2.358480677955422308e-03,4.797339459245986149e-03
1.385386224226455021e-02,6.380165275144542708e-03,2.113909475310187663e-03,8.009685437670766711e-03,5.282717732858324515e-03,4.348487788621317393e-03,4.807450382898079133e-03,1.607300530342129245e-03,7.440140032386579130e-03,1.021392399593133368e-02,4.302516318375611618e-03,2.562733434713463342e-03,1.477089518630753801e-02,5.380665537331880133e-04,6.782325807147820441e-03,1.257494116531175654e-02,3.790853924180491094e-03,1.935627863005169591e-03,6.695421748761504199e-04,8.484931930002600348e-03,2.189275123596559278e-03,8.332580181687525289e-03,8.815569181831454937e-03,8.764676223156499246e-03,8.540659679940332261e-04,9.387967112891713872e-03,5.033601292265491717e-03,7.049559170994625958e-03,1.635373235216241311e-03,3.356033208822870040e-03,3.865563086046732919e-03,4.040208910827144603e-03,6.281974822589271937e-03,1.677247104280578036e-02,4.566889703095431893e-03
2.619530148623122959e-02,2.893390588995689485e-03,3.494796479029081693e-03,3.639015252385899291e-03,1.864758912647361544e-03,2.826470989593936507e-03,2.199317144126932723e-03,8.052532715722263840e-03,3.486643051510349145e-03,1.376484111224920287e-02,1.875703266492421278e-03,3.863214668611940350e-04,4.395286924414310709e-03,7.150303822511510504e-03,3.126502277906312299e-03,3.158267949670228933e-03,7.189817909938915272e-04,3.539721693905458280e-03,9.914147638968306975e-04,5.691491860496299127e-03,1.876513105986299390e-03,6.651317259185815511e-03,2.961286669302932561e-03,1.382508511553232674e-03,5.537531622567971185e-04,2.056925752168771090e-03,7.350197519972387350e-04,5.248102622098758940e-03,1.597400409290268032e-03,2.852794847033688491e-03,1.320830954004805977e-03,2.824211565857191047e-03,8.243976574747575135e-04,2.828471998248727540e-03,1.861239244192815917e-03
1.684836776174256784e-02,2.538607321940651237e-02,2.590813764268862576e-03,8.287250863435052101e-03,1.511730761293495796e-02,4.991176652741517034e-03,4.227711499751756787e-03,1.054041427125810074e-02,8.221057180698328193e-04,7.792482124858307602e-05,2.565728784464475776e-03,1.579825320440143149e-03,5.681069076499538004e-03,6.329698293605372575e-03,8.030666776061391038e-03,9.014058272251209564e-03,1.352370670324768223e-03,6.301807525692422300e-03,3.482505542587072817e-03,1.914037487134867543e-04,7.534745124219040247e-04,1.438802100646293519e-02,1.028280401634065755e-04,4.084975683263779994e-03,3.288559776786047738e-03,2.178694491294595834e-03,4.900549239323426232e-03,8.287990564808226518e-03,2.656537083621254066e-03,2.457430716087678768e-03,2.641553275098653536e-03,6.683345497143125535e-03,6.845172605484412670e-04,2.315419516419619378e-02,9.124744200678866490e-04
1.684296253957274364e-02,1.534278657994713781e-02,8.203478406957499108e-04,3.580997704713249387e-03,8.327502653975022220e-03,1.045708335272108741e-02,7.046917335541511007e-03,3.865177145636945668e-03,8.375670427222862979e-03,3.355397116435601592e-03,6.433173424985882786e-03,4.935697035201765288e-03,2.227081347319085497e-02,5.264342731768938827e-03,1.746012415707221595e-03,9.600557925284594618e-03,5.601751277568920405e-03,1.055316781241798924e-02,1.666486637814532795e-02,4.796191246424242119e-03,4.606476841426700858e-03,2.696979882359026078e-03,2.548988211524340006e-03,5.653616037384754343e-03,4.951166218249465276e-03,2.092485671322645568e-02,6.240690531850717239e-03,4.992490048615468891e-03,8.324848710229423160e-03,3.686837415913032413e-03,5.354058495822693747e-03,1.251416963381369978e-02,6.938310802816755399e-03,5.583559419026059602e-03,3.288549859868297211e-03
3.893246863246854587e-03,4.034134177356454810e-04,1.175324707976957493e-04,1.110058618204693088e-03,3.418458805876878337e-03,0.000000000000000000e+00,3.605008251662683572e-04,1.014253676022855243e-04,1.658387489816937977e-03,2.626389408970636460e-04,3.175317997623830317e-03,6.522586881706734022e-04,1.283819060524577383e-03,4.594349765583325210e-03,1.284513768014561329e-04,5.445027155328019397e-03,1.537574754342000208e-03,1.745279475272511639e-03,2.265529944285155778e-03,1.474161862422627978e-03,2.255139793065641558e-03,5.224283880868282100e-04,2.535862878587228850e-03,4.863335307252554442e-04,3.351793959540817075e-04,3.909831874097528630e-03,4.114885349973253052e-03,2.579677682128088010e-04,2.936596995795705961e-03,2.411764070390384762e-03,3.320525200980214628e-03,2.689309810028885084e-03,3.699789365174949510e-03,3.943620885900343863e-04,2.657904772287876982e-04
2.205434007065842916e-02,1.187606521394988937e-03,6.899089822921533610e-03,1.437166586493412307e-02,5.089561205224960548e-03,2.141749586519769034e-03,2.341061887584050278e-03,2.410810842080728100e-02,3.525422406116624982e-03,1.279886876647012145e-02,3.513523706036129901e-03,3.998287334732160067e-03,1.455296028708454037e-03,3.498753899716275720e-03,6.190316186841446355e-04,2.666108464489429491e-03,1.016542600560867149e-03,1.723541488180078268e-04,7.876188502968492272e-04,5.405751482919479017e-03,3.893921442252171357e-03,3.763404718949777891e-03,3.142360994795256011e-03,7.282269940620341884e-04,0.000000000000000000e+00,5.917045410292545715e-04,4.281614248736048678e-04,6.806251203171241257e-03,1.123059091086071231e-03,2.299669466815383069e-03,1.649176487082655920e-03,6.207070502913050042e-03,1.582782588999994203e-03,1.160960363761074157e-03,3.450145613137403644e-03
1.256026924936892849e-03,1.539974363742701094e-02,5.798723108554222454e-03,1.656043112246224219e-02,2.645686816631909188e-04,2.580950132860869266e-03,5.830909904780734281e-03,5.804883427177794271e-03,6.520041045609466582e-03,6.987894069702727667e-03,4.982427732080459831e-03,3.868329343591107167e-03,2.988493011717410948e-03,2.638707474964498405e-03,3.139856799883501345e-03,1.830091335795331481e-03,5.085770046940460073e-03,8.308093620696357928e-03,8.068052489889274148e-04,2.893704985002867880e-03,1.008872339209423291e-02,1.025214360575772699e-02,1.198855692373656211e-03,6.316036118025905588e-03,1.504133775354089689e-03,3.959783376675301766e-04,2.288673592812885335e-03,5.796391409739663769e-03,4.081643250385125210e-05,3.114965698916918185e-03,2.661506126402229944e-04,3.806118188530355217e-03,3.387284377009739354e-04,7.645589084609448298e-03,8.127368889882750219e-03
4.039060022540604498e-03,1.998664920506150293e-03,9.500771261074190130e-04,2.434672376627478908e-03,1.352523268276512557e-03,1.333288688524297654e-03,1.301627103489532561e-03,1.097762565160385244e-03,2.788839523705512972e-03,6.772624687561448840e-04,3.029667991524840308e-03,3.889340214622558686e-03,1.572797240569327607e-03,9.307994450235789613e-03,7.905653416763201756e-04,5.659803547518315117e-03,1.175565239884316694e-02,1.833195970418805346e-03,4.429177762075971192e-03,2.679281184464650523e-05,3.698225280285604485e-03,2.364354754777869480e-03,2.871967039567399280e-03,1.014302047858987692e-02,5.958493935463592042e-04,4.397527664981726835e-03,1.000474526597409583e-02,2.124829545436088176e-03,1.868920157212351427e-02,1.744461407145915174e-02,1.484008607100573141e-03,5.731980169073129863e-03,9.370028453510833785e-03,1.928333875088864176e-03,2.487334441196737897e-03
1.636441392645071255e-02,2.085310064963226059e-02,9.609351070191639310e-04,4.844933949046677235e-03,1.226681889159036282e-02,5.127017872823139491e-03,2.994965599267762190e-03,9.528862759991148929e-03,1.019347141545993984e-03,1.480881021120206142e-03,3.733049907155373826e-03,1.016311336353263595e-03,6.730524139532340425e-03,7.861115875731159580e-03,9.916191796439249168e-03,8.059396955675663526e-03,2.263781221736085956e-03,2.656515571327435800e-03,4.055687347645061704e-03,3.287531906509474910e-04,1.228555306527144911e-03,6.723436842259337964e-03,1.302026177566649717e-03,6.076022037487076310e-03,2.224561592839629717e-03,1.477388654929112080e-03,7.214162343191860005e-03,5.129623234304546073e-03,4.141831716662284536e-03,5.919056925589359294e-03,9.247216247998003152e-04,3.441483938414740401e-04,1.746032217847681527e-03,2.790161680051970322e-02,1.277893729782691307e-03
6.999869068455800633e-03,7.520313178392765011e-04,2.347713060907572792e-03,2.067623553782021745e-03,1.899833681708754628e-03,1.394484968264101364e-03,8.565293212678898663e-03,1.143617256221091854e-03,1.011478574742372995e-02,3.755913149100496319e-03,1.114621162334610699e-03,1.915975967337049104e-03,1.042639220925071879e-02,7.059930329382041458e-03,1.248232703678190097e-03,2.554440824611994842e-03,6.941208684277097585e-03,2.615746573180949275e-03,2.130754788760947944e-03,3.127291261309159132e-04,2.339725466018924803e-03,4.235592435255304718e-04,9.834970140965619556e-03,9.789292664105985701e-04,1.090145291221567350e-02,3.321052573628640800e-03,1.075997052490835701e-02,1.200071490419038749e-03,1.319086831413246105e-03,7.373206319668430819e-03,1.691393571490401246e-03,2.862243955976599523e-03,3.287539302443787809e-03,3.626331004600133099e-04,1.193183422784974135e-03
0.000000000000000000e+00,0.000000000000000000e+00,0.000000000000000000e+00,0.000000000000000000e+00,6.501278432718837416e-03,0.000000000000000000e+00,0.000000000000000000e+00,0.000000000000000000e+00,1.681171687332096588e-03,6.923639033308490176e-03,0.000000000000000000e+00,2.390735134042879829e-03,1.228731004547893232e-02,2.421309999999999869e-03,0.000000000000000000e+00,0.000000000000000000e+00,1.322091576323266779e-02,1.384089576697112179e-03,9.439062122671248826e-04,0.000000000000000000e+00,8.126609460937051031e-04,0.000000000000000000e+00,2.523395953213720261e-02,0.000000000000000000e+00,2.760007151772295164e-02,4.869174417799407469e-03,2.109515177145890145e-03,0.000000000000000000e+00,1.488768457050981819e-03,6.705660548573196857e-03,7.554094145344556616e-03,8.468787537424242451e-03,2.336465258690108293e-02,0.000000000000000000e+00,0.000000000000000000e+00
1.559753144785034967e-03,0.000000000000000000e+00,0.000000000000000000e+00,3.735657220796278805e-04,5.515144346509808296e-03,0.000000000000000000e+00,5.412718165193855513e-03,0.000000000000000000e+00,9.298666587470056245e-04,1.419092752471822535e-03,3.015052357804624090e-04,1.128874284604295839e-03,4.948818944514019741e-03,4.269574561800550463e-03,0.000000000000000000e+00,2.181443353829643026e-03,4.007756789023281946e-03,9.564717659348656326e-04,3.108529964454611293e-03,2.400977266363678395e-03,5.328008352857515305e-04,0.000000000000000000e+00,6.425122657851087965e-04,1.324276847344175881e-04,5.492696196935285824e-03,2.524228050727515826e-03,3.767360758109706935e-03,0.000000000000000000e+00,3.772428767257806313e-03,8.148570245334043824e-04,1.649234104329469833e-03,3.378101167877622067e-03,7.614840531921691913e-04,0.000000000000000000e+00,0.000000000000000000e+00
2.808024302098847784e-03,1.100387050464416046e-02,1.509990002312857488e-03,1.131180711086152840e-02,1.646259293911942270e-03,4.360602527862522670e-03,2.367714975581017376e-03,1.943695791404414716e-03,9.764613961334373329e-03,1.918466220360166494e-03,2.150782198224075042e-02,3.535035331356132376e-03,7.357110658086528018e-04,1.683860557273776735e-03,4.766725417663127476e-03,4.956220998157235581e-03,1.762043766094636976e-03,1.053503267989885916e-02,2.015024553495386051e-03,2.246594362191604161e-03,1.128277386421562209e-02,1.672613503505303301e-02,2.151047786217171343e-03,3.779517522710216723e-03,1.049433587083248342e-03,2.805099947915996698e-03,1.011439325667520123e-03,8.265177771162798837e-04,3.946805390180677976e-03,4.708693411219600812e-03,7.733619192360641909e-04,2.440602062668529269e-03,1.728334975789200733e-03,7.960554109064736303e-03,2.067151458983979007e-03
1.262634906811168842e-02,1.469136843609587968e-02,3.514181498555471114e-03,2.517515185520976737e-03,7.106516082612734583e-03,1.001310052129523835e-02,7.364615104943690593e-03,3.701070937892523942e-03,7.885334790689327300e-03,2.692086517636212324e-03,3.503243597023639362e-03,3.037629559335257388e-03,2.419620027876292351e-02,1.862023673084139616e-03,3.076141195148426183e-03,3.660650730796743968e-03,4.293234110890802556e-03,2.469561080384704427e-03,1.110439820933682882e-02,6.354887323837751789e-05,5.312660398322825543e-03,1.031907635734590281e-03,5.571399475630666245e-03,3.912787965505218346e-03,3.904759872876471024e-03,2.234009892885341353e-02,2.785004455669679718e-03,6.772207770513663863e-03,9.376800698929800559e-03,1.109348705760231958e-03,4.141781742826369621e-03,5.286270962370475009e-03,8.464044412680848256e-03,2.057040570852248715e-03,2.041657361887389086e-03
4.473861106409803695e-02,1.095165403118476127e-02,8.125337283335781757e-03,2.343211771939961597e-03,1.072522275811576241e-02,7.464247674796082969e-03,2.390446070649700216e-02,2.758956637224103687e-03,7.263779482073227413e-03,7.337307558048514027e-03,3.625503101102167409e-03,1.778606401652136314e-03,1.400341739689527944e-02,1.196995092369291039e-02,2.115176732305653912e-03,1.907806130921518850e-02,4.497008152380402822e-03,5.644368269511227873e-03,2.716702606256218497e-03,8.431663995672654399e-03,2.029692211009526299e-03,2.961303737182137581e-03,7.083084230449533496e-03,4.650555407563713474e-03,6.876680300359872856e-03,9.333961722911269035e-03,6.841124733350566547e-03,1.035962857739830415e-03,1.334866698467218615e-03,6.457712248794343635e-04,8.347142866545677331e-03,8.949741402778719004e-03,5.171178357363874836e-03,1.586098648335283398e-02,2.180938972321968378e-04
2.573941214775702507e-02,7.906662158597938667e-03,4.928476927869643309e-04,6.059522495453446844e-03,9.237611895925989386e-04,1.220731561354996631e-03,1.563935837263068576e-03,3.510384266995361657e-03,9.451712830510635224e-03,1.037706552450499628e-02,4.068003952487142701e-03,9.964564277470042142e-05,1.793549118940882328e-02,8.229959806982876588e-03,1.266330140337479371e-02,5.460289838836011184e-03,9.296744095139515204e-04,3.830912993241809665e-03,1.444514382586354999e-03,3.187268624977451781e-04,6.509742484851034974e-03,1.551866524235902441e-02,5.055010386848105171e-03,3.200662075368100167e-03,0.000000000000000000e+00,6.411837990440392987e-04,6.626886668623446774e-04,2.081068907343247565e-03,2.947603822555452165e-03,3.594749459746993028e-03,6.728275991157167332e-03,6.398239493611039205e-03,1.889276499717743810e-03,7.729261510790247196e-03,3.357248214628033404e-03
2.598712430456354139e-03,5.566793665331267810e-05,9.053671538859087023e-04,3.559476063754285057e-04,7.109384459248064767e-03,0.000000000000000000e+00,2.457172072976689017e-03,1.399591756371095073e-05,8.076529650489627917e-04,2.565745824925112079e-03,1.139944332518452410e-04,7.970976024691095148e-04,3.481935880075581226e-03,3.119247871587326089e-04,6.556105895313778633e-05,7.812874023870614720e-04,2.805128967683884894e-03,6.785282557119730459e-04,7.601961552680326813e-04,1.444880639396170941e-03,4.162784434802889650e-04,9.706200875424743552e-05,1.270136478527924065e-02,5.281537896457231683e-05,4.374246413076359613e-03,2.375303766377152327e-03,1.608230694836084709e-03,3.559227657464185835e-05,1.769688052866143918e-03,3.278166578379133542e-03,1.519082877277226282e-03,4.600820203833726196e-04,4.909250143949389286e-03,5.441892312189775617e-05,3.667194231817620903e-05
4.753265255118254567e-02,1.777447176017983577e-02,7.822801796025102491e-03,1.843456508817234267e-03,1.116120024322988548e-02,9.783312441062012171e-03,1.352499454868895563e-02,7.357143995858953477e-03,1.174080646822024156e-02,6.337832985872501532e-03,4.122935986150937267e-03,1.706795366288129485e-03,1.139241989457123218e-02,1.042049897965295971e-02,2.087260144548022493e-03,1.894325113542380881e-02,3.439760079246044228e-03,7.869377399679560597e-03,5.306930387897687562e-05,5.846062094653589614e-03,5.153776649187360656e-03,2.993635213164343948e-03,7.746552947562910379e-03,9.551425278291553536e-03,9.420622328900118969e-03,1.322126998847685843e-02,5.065724879034661648e-04,1.427388277449060392e-03,1.286217891366948918e-02,4.655299221304974241e-03,6.189372558671397614e-03,5.955161896214899650e-03,4.254824053060841244e-03,1.501796540381977220e-02,2.326612129118928261e-03
8.110272329282328801e-03,2.004329275530638242e-03,3.900067719192758849e-03,3.054422360324671789e-03,1.582717540851903172e-03,1.472905811825102199e-03,3.789003471238401588e-03,1.692526560750483343e-03,2.842342928424538510e-03,8.677574709586138510e-03,1.137790626073486525e-03,5.607417697063220470e-03,6.789036261385530437e-03,2.594766164766637920e-04,2.660559494996351474e-03,2.934697947373514706e-03,1.229680779129395038e-03,3.281324497195014286e-03,2.406021748072794623e-03,3.093774454548234212e-03,3.892177001232783543e-03,1.704725778594866239e-04,1.155048522409697805e-02,5.525458603860343258e-04,4.173540384185542643e-03,1.769828021936683052e-02,4.706116866377577958e-03,1.745886668706674982e-03,1.223510469080692394e-03,6.423391167253020111e-03,1.017332014725703948e-02,1.455490138226218921e-05,1.013648306120218043e-02,0.000000000000000000e+00,9.726136136682295066e-04
2.170538375878017928e-02,5.388512011676225774e-03,1.079231101429885611e-02,6.722643205562347027e-03,4.934816083891643487e-03,3.672613117546944320e-03,6.157194113972145472e-03,1.357481795630430255e-03,5.711438812276327902e-03,2.857771522945425080e-04,4.992430504636911209e-03,4.777773365516778219e-03,6.749477429330782985e-05,8.776717137913281341e-04,7.146769407889631658e-03,1.038589853530985652e-02,4.755656953658912722e-03,8.746360618061823841e-03,5.880486590607884520e-03,1.092623511604466982e-02,9.539072488610675360e-05,9.215821269143612687e-03,4.585705461734759618e-03,9.377982615406061165e-03,0.000000000000000000e+00,1.269273576868144848e-03,5.335311680541328719e-03,7.141521176414085230e-03,3.374417816245956457e-03,7.008988055852018173e-03,3.144574786509081628e-03,4.436528398392829489e-03,2.616838229278577264e-03,1.885785816089662753e-02,4.378726324389002958e-03
5.780927967060310027e-04,9.112309676971477868e-03,3.231256453667746657e-03,6.030939140691736824e-03,5.094179199324213279e-03,2.236500157063595756e-02,7.637763384235130362e-04,2.093631135044173031e-02,3.606605592473381694e-04,6.086303293606085997e-03,6.064789194317695732e-03,2.900311205045492773e-03,7.559920519054140302e-04,4.586715807713278963e-03,8.981987654517286160e-03,1.047414009859628072e-03,5.675057898756070279e-04,9.257940089510330664e-03,2.303951196114399289e-03,6.111193544169817721e-03,3.591679067082603760e-03,8.453298463842875282e-03,3.630991338961697332e-05,3.860034517849435243e-03,6.294839027057085945e-05,4.057222391551182188e-03,5.615952018286063212e-03,6.742813811102985402e-03,2.256248162254459629e-04,6.164036312641669839e-03,2.566993106026256403e-03,5.662432498200148032e-03,9.252241111280207295e-04,1.302146684477962710e-02,7.136978952388699574e-03
4.199868781037006601e-03,1.519091875514846923e-02,1.748341094022861156e-03,2.021892796123947109e-03,1.038522091193885832e-03,2.198483106755651402e-03,5.162121244765937970e-03,6.750593390253799807e-03,1.631348243113351151e-02,8.149440602242388754e-03,5.360254692890647696e-03,7.392368489973676071e-03,2.617548824452409911e-03,2.636545465940248311e-03,2.126008655993712887e-03,8.890584727951489005e-03,8.931342833685424615e-04,9.267373868922443303e-03,5.300705452741305557e-03,1.850040252877979685e-03,6.358941571896439826e-03,2.067821847474099126e-02,4.077077202886709301e-04,3.734487898088065597e-03,7.351256125456786963e-05,4.859290368443942507e-03,3.715089638962313159e-03,5.405820597423564161e-03,3.485441378995414625e-03,9.925164434680871367e-03,3.563182355749488703e-04,5.158167274619698470e-03,1.676990424863754586e-03,1.671398566379398223e-02,1.572185660704595450e-03
4.160741349865181016e-03,4.711067864913176008e-03,5.719825402249233484e-04,1.444093996793003199e-03,1.709816223248551009e-03,8.590171833180396815e-03,4.378789888732014315e-03,5.874631105387235347e-03,1.938633553222560146e-03,1.186229661239376898e-02,4.672359117873618045e-03,8.814657045597400903e-05,1.984150596932062870e-03,6.235497176770785077e-04,2.123153279295117001e-03,5.459923514484746679e-03,2.663973568115646576e-03,8.523551800844525114e-03,1.187810084762287374e-02,4.153625288711848031e-03,7.007433695956019788e-03,1.800768130121699123e-03,6.836806669357495606e-04,1.046729017790258565e-03,3.469178640730490211e-03,3.032691160583407368e-03,4.058461384795320794e-03,3.074835922662583643e-03,2.404641572576442753e-03,3.216738870190001889e-03,8.746699581105867559e-04,1.204298435144601429e-02,3.465112566571706444e-03,7.639660543387502903e-03,6.166003954433611767e-03
1.667169443184630256e-02,1.346349831712665042e-03,9.326119651012466927e-03,1.390008133489195954e-02,3.510588984989382409e-03,1.000867801984228278e-03,2.525309372316640513e-03,1.146500023667248493e-02,8.364797431415776571e-03,5.226824647228421605e-03,4.061321165074240416e-03,1.582661034819571669e-03,1.773289610663550050e-03,4.316542468314468403e-03,5.985454203412607366e-03,2.024892911758389633e-03,2.890773022548925528e-04,2.460293223377828936e-03,7.244161558463493595e-04,4.944306051298813162e-03,5.978853794223668722e-03,2.854806184733944818e-03,2.609642649937755649e-03,7.856179006790432393e-04,0.000000000000000000e+00,1.295956404850570620e-03,3.412805933309184803e-06,1.903119980769292161e-03,9.542731456550232558e-04,2.321483760502735926e-03,7.075041195233906094e-04,1.329671341662085060e-03,8.251521738813467162e-04,1.316141973133317907e-03,2.893248667775816588e-04
3.035874595275339367e-04,0.000000000000000000e+00,0.000000000000000000e+00,7.271013936526036679e-05,3.540998943161208484e-03,0.000000000000000000e+00,1.959453709902639167e-03,0.000000000000000000e+00,5.164351731200008495e-04,1.657697545243620946e-03,5.868441994868092812e-05,6.967503050509167052e-04,2.044962046419073875e-03,1.119008637184683817e-03,0.000000000000000000e+00,4.245920888870123914e-04,1.818695315644604585e-03,4.623361361218251151e-04,4.026651158116601424e-03,1.936739748538367180e-03,2.658552796934997059e-04,0.000000000000000000e+00,9.611219035417627871e-04,2.577547896861323820e-05,4.364231652469685585e-03,1.462867471917842551e-03,1.154188021661945026e-03,0.000000000000000000e+00,9.906231766402509749e-04,2.886869551391967915e-03,9.133610525626310178e-04,2.494339660520150659e-03,5.350468942088432156e-04,0.000000000000000000e+00,0.000000000000000000e+00
4.901562199604736318e-03,3.916831232589508376e-03,5.765445609152145511e-03,1.305760643510908182e-03,4.310243077713839764e-03,2.685429883137831989e-03,1.665793015790868227e-03,7.472241316989105230e-03,4.046647002292892877e-03,5.293565936753884607e-03,5.063784444798636285e-03,6.246658278170023892e-04,3.552825094439149983e-03,2.954621521239565122e-03,3.608645827226138886e-03,3.804648977277920799e-03,1.465672180972773988e-03,7.494033823606579409e-04,7.046265773546057411e-03,4.550925410431193308e-03,2.638692999282592211e-03,6.731308850929973268e-03,3.086078843650584200e-04,4.979939089515893029e-03,3.021827613855073910e-04,6.221556848226942292e-03,2.592017587431478740e-04,1.723926145960940140e-03,2.460194517220861375e-03,5.556949722949012550e-03,1.910125820963184951e-03,1.228308143427182982e-02,3.159973199423403087e-03,8.240192990973288154e-03,7.716691351136027721e-03
1.469499373007092380e-02,2.495332416043393939e-02,1.897775652343683395e-04,4.378796066109703553e-03,1.319787480087254196e-02,3.139116596735898063e-03,2.689433358311748082e-03,8.328552370411936717e-03,1.148977984742993036e-02,2.784602841996244166e-03,2.290658182555322525e-03,2.545275391484951716e-03,4.157149923806302029e-03,6.648251641718994770e-03,1.198163694263982941e-02,4.312885931513753962e-03,1.002623866743651039e-05,6.067704613858387018e-03,3.125118524035329533e-03,7.256225885740232723e-04,6.564975676363708768e-04,1.573434376647205035e-02,3.953046399213133895e-04,6.305252456107295067e-03,0.000000000000000000e+00,7.238002886586557098e-04,1.078849051427924893e-02,1.273057098847006283e-02,3.941206643744155254e-03,1.551557996864474064e-03,3.512340461401167570e-04,6.877215115734107084e-03,3.678091583276316601e-05,2.559460384881551143e-02,4.605812107659468940e-03
1.875710277052891747e-03,1.020518880959849500e-07,1.050460027530336715e-07,4.492513063470242036e-04,4.456253325489570490e-03,7.867901994943512452e-07,6.469396502896780296e-03,3.769293811492149706e-07,8.226996722699856431e-04,4.882437071451757702e-04,3.626367458491721392e-04,9.368965040467581041e-04,1.987485765879236106e-03,3.203628200944315906e-03,0.000000000000000000e+00,2.623335449758566838e-03,4.731088143722535222e-05,4.498574071987309318e-03,3.311588080176617373e-03,6.477091739797923367e-03,4.977914963620944707e-04,0.000000000000000000e+00,3.648880111570591053e-03,1.597174670328852409e-04,2.410104452979706414e-03,2.178845144104176942e-03,4.159321628204227031e-03,4.455391162736090598e-08,5.070247487064128561e-04,5.895956184697877592e-03,1.701568518067086283e-03,1.383992101895104455e-03,4.403838778835740889e-03,8.472180045078213166e-08,2.565210768192794452e-07
2.385710271801121107e-02,3.949735318622124569e-03,6.212838415772499803e-03,5.869887839330658642e-03,3.253714743572044214e-03,2.691995435952954704e-03,6.022984332079681785e-03,9.950230751958938271e-04,4.749354280466475467e-03,7.942448207183781805e-04,4.239620505380070625e-03,6.447406577025421512e-03,1.371140449335585959e-03,5.692084933846574754e-03,6.958110851071164053e-03,1.125857873496308864e-02,3.077667165407015851e-03,5.228869026083051222e-03,2.020674679469439128e-03,1.065410519353708271e-02,2.044776450160521591e-03,9.255127779282400907e-03,3.539221449466513000e-03,9.056805321653947638e-03,0.000000000000000000e+00,6.761864678467212342e-03,3.795672505904885627e-03,6.352455694880195826e-03,2.422420865739833770e-03,9.324179439624411675e-03,4.513921155757769262e-03,5.957848387478113794e-03,1.671750499248872337e-03,1.897645101592817032e-02,3.602640335414791263e-03
6.965347758373774574e-03,2.199350414029681289e-03,3.432110195303882810e-03,2.519107085615065848e-03,1.351363807342585970e-03,1.605981631507931700e-03,2.883399243177584004e-03,1.743396686631773712e-03,2.700174087408978556e-03,9.055329158674288101e-03,6.506555848261850756e-04,3.658285197564967693e-03,4.187594960301693411e-03,1.374075960607395487e-03,2.527441890791661851e-03,2.392789664979106268e-03,1.495410099319513519e-03,2.338160136856245238e-03,1.275784533079822331e-03,1.332010621742432937e-03,1.754553776387058868e-03,1.611075869202017443e-04,1.116944357395816857e-02,5.199234648447153889e-04,3.000034460469648903e-03,1.832970183043425641e-02,3.610257340337940084e-03,1.248600066965311652e-03,2.616257825406849511e-03,4.617635851728974818e-03,7.365128724669833121e-03,7.816997218803110187e-04,8.668858165113835570e-03,0.000000000000000000e+00,4.923867264605113602e-04
2.222594568214433883e-03,1.156817944960445918e-02,2.018505690642158346e-03,2.544901233584117781e-03,3.690101350422666897e-03,1.352091288375820762e-03,1.287468381805965912e-03,4.698457633908823504e-03,6.316104205941077895e-03,7.780150187489395103e-03,1.995138691050990856e-02,2.859108421928945737e-03,2.192979260694814109e-03,5.795039233322193690e-04,4.481462751699659408e-03,4.628062973453378297e-03,1.474756514567022482e-03,5.641039018614402156e-03,3.800145208786817261e-03,1.091996557166744625e-04,7.811806849971951461e-03,1.675850657256956755e-02,1.584368256355922879e-03,5.328129262669224937e-03,7.580170699493558135e-04,3.370500680465711354e-03,3.125113246709408654e-04,4.988478498599981797e-03,2.958941234113764487e-03,2.455471947152219371e-03,1.896484742834696029e-03,2.997813971754486120e-04,7.893342334990573715e-04,7.883842383520620056e-03,7.912171323286594504e-03
9.873958789326999115e-04,7.644731797620419461e-03,3.003358463307815966e-03,6.758171796232044157e-03,4.446503916660949490e-03,2.087316639049359088e-02,1.414156081953192893e-03,2.131664527856572816e-02,4.049361747661840011e-04,6.701462140539501088e-03,4.187862098828691419e-03,3.686654220477375218e-03,8.901608772063441047e-04,4.617748879015287286e-03,9.761138724392279600e-03,2.044539058271562654e-03,5.425188178312695831e-04,6.105590796516933288e-03,1.839093685283622361e-04,4.597315318608685697e-03,3.568892348584416264e-03,7.127734356539852482e-03,3.595158948567716119e-04,2.573579505669758988e-03,0.000000000000000000e+00,4.638421239282913139e-03,5.089389507780302767e-03,8.350919178627895512e-03,6.787873559848654238e-04,4.541029206971323139e-03,1.489808578695368552e-03,5.756501211891928288e-03,6.866918706602552795e-04,1.388028058342490045e-02,5.096877706395304755e-03
2.784642407541166112e-03,2.003254554051669013e-03,7.922825565002290923e-04,1.734626547757405586e-03,1.255430668543407353e-03,1.253826131506836222e-03,3.698828398746811102e-03,1.063439491392296436e-03,2.264396357229307884e-03,5.592783356679404587e-04,2.317342666909643408e-03,4.953102411834254225e-03,7.086235463790101999e-04,5.003848939350350952e-03,6.632908064336997395e-04,3.898555604823266286e-03,3.238784626645844350e-03,2.135258808225606788e-03,3.241507222386954580e-03,4.917774186311356724e-03,2.181736777337272767e-03,2.383645956349830699e-03,4.330442953222420586e-03,1.033529831489976396e-02,0.000000000000000000e+00,2.947711746947404964e-03,8.678519022451930062e-03,1.573446470646363941e-03,1.202244711569844596e-02,8.885062859477259323e-03,6.070103652812545644e-03,3.686760267493653827e-03,5.639570563481268589e-03,1.934339546262942846e-03,1.935083929765384677e-03
2.810730232251098561e-03,2.686746536715578504e-04,2.756404676406675521e-03,5.575636068008479190e-03,2.629840635178062533e-03,2.278395736529579250e-04,4.847105855145567195e-03,8.958404131361187551e-05,7.211962974486327933e-04,1.173203635069287789e-03,6.236622879991875201e-03,7.046696671351006767e-03,1.689453710687950812e-03,3.607374588944358990e-03,1.732377842049056789e-03,1.408248817648541287e-03,2.255801230409803203e-03,2.084655071924467612e-02,5.305882128863632918e-03,1.611623343634753860e-03,9.517009522227934393e-04,2.259679702999285933e-05,9.108350843474749547e-03,7.113132419326625815e-04,6.798135416275243731e-03,3.603173116542825617e-03,5.487414963072650628e-03,7.121703168532909911e-03,1.607625926222894502e-03,6.705926943088348809e-03,2.901293436519751870e-03,5.939072691429497959e-03,2.721438721003077623e-03,5.282535522974146052e-06,6.875813545803350149e-03
4.571828149954932155e-03,1.037558622346307358e-03,6.478437713386885023e-04,3.313436913440180056e-04,3.467021360840099372e-03,7.071620882343771647e-04,7.298414204288911772e-03,2.613832795923124244e-04,9.953580241835837446e-04,1.116166332032055312e-03,2.030064133844990040e-03,1.248052359438501461e-03,2.343288920201745326e-05,1.349984086156072113e-03,1.030319139977508994e-03,5.212504107426981989e-03,1.836306224831979646e-03,1.377901436920895900e-03,2.565720700015687843e-03,2.646994926565953473e-03,3.227917008544830169e-04,1.631508480501751715e-03,1.263424349701655625e-04,1.742700468141231748e-03,3.578121283368991545e-04,5.513172227648517436e-03,8.691885345246390393e-03,6.100716828702424559e-04,1.053204039096563779e-02,4.944689669929789103e-03,4.372779627912586758e-03,2.687475474073989200e-03,1.654055967709813953e-03,3.461599883201936165e-03,1.284340552502613402e-04
2.868656269787244872e-03,1.950953215110305498e-03,4.008169871506493502e-03,3.216744522374164871e-03,3.295811700655695408e-03,1.124757796194439689e-03,3.914587683820452274e-03,4.913355703837676402e-04,1.338857589774993103e-03,3.404722904313843752e-04,1.251376621913637480e-02,4.473458792705899655e-03,4.165346698483838803e-03,6.051270624068827084e-03,1.385964646160136411e-03,4.938275514323710140e-03,3.706879681950869636e-03,9.187900822875396875e-03,1.212392995479419713e-02,6.440644454982760378e-03,1.973098519084069517e-03,1.007834798741811611e-03,1.685799479098983337e-03,1.386882689095615727e-03,1.472830897048925218e-03,3.551090047463820436e-03,1.409205233314071368e-02,4.215340689048725775e-03,4.968925417529398980e-05,7.485699704849387362e-03,1.319285139351079189e-04,4.001229230528204409e-03,1.253552378361832108e-04,1.606084746734899853e-03,3.900594299359044347e-03
8.431485372829396543e-03,3.297659287363785552e-02,1.019160183495989962e-03,1.929965552886834038e-03,8.180420969539201406e-03,1.039694115075863803e-02,9.370598607109847586e-04,7.953991268811196058e-03,9.769265435184817936e-03,8.229580397518716089e-03,1.015528753809225374e-02,5.458860059764735970e-03,3.443510111981835584e-04,9.908562467978118161e-04,6.312148889610583180e-03,2.655579096635468650e-03,2.285760041551209050e-03,5.848203481084324022e-03,3.295161745635131773e-03,5.200952774860604505e-03,9.581169880906433359e-04,6.386240672307551269e-03,2.274544675509428213e-04,1.053878415384735742e-02,5.084314561670341573e-05,4.000647136694870237e-03,1.104177109646706234e-04,9.955268646145669711e-03,2.304654128337238570e-03,4.500653763181025613e-03,2.762117978434420855e-04,4.701886902250411275e-03,1.221186400135112625e-04,2.259391873194337153e-02,1.589930253591412962e-02
2.730866161087595282e-03,1.341301050738164576e-03,1.931039370374805541e-03,3.838519788634157416e-03,3.079139243728654714e-03,2.096491138290983939e-03,8.460592298427252814e-03,9.425518253731832337e-04,1.073644998191087760e-02,4.208066910486885103e-04,2.530381419709225657e-04,4.943918664629707443e-03,2.775866613295749786e-03,1.344616472149871150e-03,1.206116732291620704e-03,2.633818788421339509e-03,8.065817492967607139e-04,2.927613584948476726e-03,3.658073426427898601e-03,1.106170117239926864e-02,2.848153692169935053e-03,2.100196368641403999e-04,2.135333074031754794e-03,1.598975388247617091e-03,1.361317376683446225e-04,4.125014060451875041e-03,7.647174634461225383e-03,2.011511714497963080e-04,1.576903375511747724e-04,8.566169163213314605e-04,3.081464134179097425e-05,4.397085643134774832e-03,2.675156685484285802e-03,4.309916483235490150e-04,4.957210355525976803e-03
3.584391301012940408e-03,0.000000000000000000e+00,1.369024914100565142e-03,7.172595707164832260e-04,1.159554761756790599e-03,0.000000000000000000e+00,2.739694452511196466e-03,0.000000000000000000e+00,6.502968503107311917e-04,1.885209079327835420e-03,3.998540662643162969e-04,7.765379567733097718e-04,9.597076496263342443e-03,2.499418232108155391e-03,1.572692596039660111e-04,9.528004677530790660e-04,3.797691637429025970e-03,1.137367674368867411e-03,1.819957682874951332e-03,9.212343323958399610e-04,1.144189996298425804e-03,3.557514291590848862e-05,9.617308826526780804e-03,6.475359299045305476e-05,8.854258632124972425e-03,2.126364653935897998e-03,6.959571387609123083e-03,3.756000591471700943e-04,3.194095519507040778e-03,2.670050553566043466e-03,2.539459338289174438e-03,2.930852064200962104e-03,1.765714469249957293e-03,0.000000000000000000e+00,3.619294184650551798e-04
1.029772999740307185e-02,2.020373933594045435e-02,2.421861108228780517e-03,1.477721128625189475e-03,2.961562613521597290e-03,4.145958054911061744e-03,3.271505336319967174e-03,2.487325100090502592e-03,3.093799917653467912e-03,2.485869450766688225e-03,3.273926724946266999e-03,3.877754209249914021e-03,4.058696540567151463e-03,4.432258994460343618e-03,3.812148931370909228e-03,6.243169023065920503e-03,5.702060771642787976e-03,3.067749121205447845e-03,3.403603820086023666e-03,6.775330349619762375e-03,2.020180813038221709e-03,8.052737909467118718e-03,1.054372690921001219e-03,4.744096833046542068e-03,1.817701696438036706e-03,2.445621534231374235e-03,8.621551262902945809e-03,3.569047671372510208e-03,4.902261923011878506e-03,2.187116600926208767e-03,1.925917895174978928e-03,1.659453240360510111e-03,3.337020117741310628e-03,8.857375189290979389e-03,2.988589994186412711e-03
1.398420408728100195e-02,1.368703047418863908e-02,1.804269067854933316e-03,1.786191394675596799e-03,4.062999290851958267e-03,9.328580422730312072e-03,3.731123872816786979e-03,3.448056655471812369e-03,6.907290186111750101e-03,2.495689639583878201e-03,4.493326069652958492e-03,2.483251619058848142e-03,1.210487504426151564e-02,6.226749473716090832e-03,2.235936757093696329e-03,1.216294972540480843e-02,1.455296370039046083e-03,3.794225291796232170e-03,7.332472344309367077e-03,3.682503263809983572e-03,3.457191666293815344e-03,2.646892497452267394e-03,1.983349995527571540e-03,5.046617831335667610e-03,3.054805811523890794e-04,2.479765909231959609e-02,4.215094142633300095e-03,6.874641626016522386e-03,4.454194166444635714e-04,3.675260721922267697e-03,2.376176982364489911e-04,3.666377222935021316e-03,1.872374043012563563e-03,5.502268270938513207e-03,1.485691761955708953e-03
1.480452145908396980e-02,1.972909505244330869e-02,4.018027194708590800e-03,1.762492877798225652e-03,1.038933456672524493e-02,3.694476561817072388e-03,2.709478792388050547e-03,7.223393611474226983e-03,9.531845747932638294e-03,4.434029493720220011e-03,2.309799985732989558e-03,3.961473789055199729e-03,4.049963866276076220e-03,6.681759116811189850e-03,1.379527394793340217e-02,4.553755822738928677e-03,2.054180682980096266e-04,5.171775770072006145e-03,5.716237777886320343e-03,3.203616541968285630e-04,2.127466554040962146e-03,8.844829307823223741e-03,2.305565421666396332e-04,8.000089382083720724e-03,0.000000000000000000e+00,6.864925136696282352e-04,9.785590846114598784e-03,1.913200513323087479e-03,3.109702025112225012e-03,3.317524370503206754e-04,2.934478884172233171e-04,6.636346329070758054e-03,3.454927843399137555e-05,3.059835607527617435e-02,3.695026220571344736e-03
0.000000000000000000e+00,3.458861472703539646e-03,5.486895332358908937e-03,1.842160202512345413e-02,1.460645083491482173e-03,5.314483589121591842e-03,0.000000000000000000e+00,8.805856709766668108e-03,9.215798175190028155e-03,8.415307263377549713e-04,6.507793924383414863e-03,5.039536786328527307e-04,1.229881875787450923e-02,2.421309999999999869e-03,4.758803789654889038e-03,4.233326005220870323e-04,1.286054505631253030e-03,2.940477708400709989e-04,4.720553875442916672e-03,6.786231327126128476e-03,1.744184691187866676e-02,3.586606498146376575e-03,3.729951530201161200e-03,6.967384759460169309e-03,2.415459999999999916e-03,8.488616142907542614e-03,2.964642071422163294e-04,9.370927718554092345e-03,2.130917779898403638e-03,2.055362375902146724e-02,3.081295538938697877e-03,1.799965946851566495e-03,0.000000000000000000e+00,3.279663266562154230e-03,1.781244465170804536e-02
3.398612069368339705e-03,4.078588851221640228e-03,1.660024756281169162e-05,1.474445226790485923e-03,1.044007183831434241e-03,3.729049672764061379e-03,2.306545974216732148e-03,3.706496432674143138e-03,5.530847988611045651e-05,1.177824909793484011e-02,4.027068895068847132e-03,2.303365749714003478e-03,1.604591434993653124e-03,2.085589430288138126e-03,2.308307482394936824e-03,6.906643185189054700e-03,1.913124717288753772e-03,7.316019135649061422e-03,4.523372276204804150e-03,2.815581256173842282e-03,4.110547889353355702e-03,1.592137519265448328e-03,9.368613269813579926e-04,4.148848746637685825e-03,2.320635668039754736e-03,3.933597995647769574e-03,3.122786048887768624e-03,2.831492653882008992e-03,4.260164162782980116e-03,1.767494600760911383e-03,1.040757209654994547e-03,4.285426445436229734e-04,2.098920027902666501e-03,6.642324697534518659e-03,7.761911760456076392e-03
8.881157325587767451e-04,7.375348885911875429e-03,7.359888481015072585e-03,5.104846142247088797e-03,4.615593143576638725e-04,2.428611312222163365e-02,9.524555921682859244e-04,4.174360939527024805e-02,1.463719665830657234e-02,5.540460652292404642e-03,2.313973202762162080e-03,2.282100979802606251e-03,4.509571336593115772e-04,2.061062072742210049e-03,7.687105477843159639e-03,8.428047201918117352e-04,5.599806063058543337e-05,7.534723534169505618e-03,3.423944331137531837e-03,6.735818337613513288e-04,2.584643276636919285e-03,3.293256508699901695e-04,1.441596305599495212e-03,1.744003144672070377e-02,2.302797166248343307e-03,9.247780421942911749e-03,1.062350830416761149e-02,4.346054207176303259e-03,1.061036686536762563e-03,4.937030597464013614e-04,2.741604921020626435e-03,3.285291787917229804e-03,7.892529216099689049e-03,3.057745272597710198e-03,9.528124988947424615e-03
2.598412152607595428e-03,3.836676881614740648e-03,7.287282796032747492e-03,2.870699211607960315e-03,3.461225887368557606e-03,2.869918896512805998e-04,2.058455695206044909e-03,1.837904967295692343e-03,2.422176000699465936e-03,3.149196075540386386e-03,2.852609249847518416e-03,1.791596782959295822e-03,2.815875992264373767e-03,2.135904763671416136e-03,3.498667126263947658e-03,9.294029574394506010e-04,4.695479435061584647e-04,3.795139191185674388e-05,1.164409180600588017e-03,1.631451763676879888e-03,1.826394454827972441e-03,8.632502461724065462e-03,1.312689431348977934e-04,1.903281136817134385e-03,2.963299810298525294e-04,5.985437049367055284e-03,8.618792420891636767e-04,3.203754127559109606e-03,4.072687514030722683e-03,4.344014477681032091e-03,2.838719267111767565e-04,1.047392334389612469e-02,2.074360414158759290e-03,3.841620090790033928e-03,3.592809064453203818e-03
2.985130093892867775e-03,1.516996048601603267e-02,4.449779417601665114e-03,6.434524068934811478e-03,2.501084560799496023e-03,9.109507177079475952e-05,2.022989021424963143e-03,4.826690950070284397e-03,6.797273699051527979e-03,6.390242048749832267e-03,2.206845450474221107e-03,3.171454809575247752e-03,1.804483524997840295e-03,2.560374580028762243e-03,4.679762959219867235e-04,7.779640536283441259e-03,9.276888954204605148e-04,1.911720365707064023e-04,3.485693272955231545e-03,4.927173388723891587e-03,7.053899261070644897e-03,2.001806412568419430e-02,1.125686802011699548e-03,4.801172670847553975e-03,0.000000000000000000e+00,7.865430712590255977e-04,4.786395890360720627e-03,1.005151176061718291e-02,3.018951697051356926e-03,7.186366144516037613e-03,1.290299547565171116e-03,3.317781515332564064e-03,5.315895980237410508e-04,1.769025514010197017e-02,6.104139308232600647e-03
2.719271693899880799e-04,1.516520206200383004e-02,8.878310122439237936e-03,1.605280705506749103e-02,6.662018849402600792e-03,2.313330813744768344e-03,1.042658886452654896e-03,5.099468933336240989e-03,6.671884504980228961e-03,7.869357773988092802e-03,5.386238127711578949e-03,1.366491501362233560e-02,1.578714371737109570e-03,2.002894890262202788e-03,4.622731570693266664e-03,4.430347023500719010e-04,1.315660557924229132e-03,1.192498612882758602e-02,2.629386254746303095e-04,2.745356637976660227e-03,1.161696725175562217e-03,1.206739099417613453e-02,2.337817891057299407e-03,6.686681404859823492e-03,0.000000000000000000e+00,3.110066928338610717e-03,6.229146594340139245e-03,4.672877047299536443e-03,7.026259618184123659e-04,1.224482385273260691e-02,1.867675377369415295e-03,2.713530785757624353e-04,5.001992432766245392e-04,9.045565350345400463e-03,1.844785241849652979e-03
1.868379220116016216e-03,4.589150259373289513e-04,5.698789794640003650e-04,9.058065987967240046e-04,3.246176572011102469e-03,5.072281509418334437e-04,2.021406159402060893e-03,4.174923610427885411e-04,9.566028906919654684e-04,9.388037842842047358e-04,7.519943923509606097e-04,1.166948882686034408e-03,4.498244074322208311e-03,2.189757076401733539e-03,6.023230659078010127e-04,2.169891182828342056e-03,3.581019386211314621e-03,3.885288258168796000e-03,7.737298082553796356e-03,1.555881829801562376e-03,1.356557157850245667e-03,1.266416943032751469e-04,2.330981822803803154e-03,4.172846463216670554e-04,4.319640901878566211e-03,2.059211166629847101e-03,8.509125824668626117e-04,6.535958107285641224e-04,6.532306184564493773e-03,1.788426873704306030e-03,6.091529502097030660e-03,7.092607479339377990e-03,9.519691950714614936e-03,2.405016826345110991e-04,5.235483259553544867e-04
1.392484189370570696e-03,3.208332012679825443e-03,7.752776765781541762e-04,5.553475165850096235e-03,2.568745834333526629e-03,0.000000000000000000e+00,2.006438824803330814e-03,8.066322027728605121e-04,1.539253726200698509e-03,1.432899358687180500e-03,8.520540231246799545e-03,5.904451478529210845e-04,1.633776170390812982e-03,1.565791494477185731e-03,4.050781321690210754e-04,7.034004448611811712e-04,1.174628720644428290e-03,8.149773918066181150e-03,2.307335940569528281e-04,5.319189849671245029e-04,1.609820811202085714e-02,9.531599206926453377e-03,1.690730105744759834e-03,2.226150456213877096e-03,1.339136862265815709e-03,3.484785204505300941e-03,7.934101451679215558e-04,1.402912732103940574e-02,3.917835277229020710e-03,5.077618778898366700e-03,1.919958933933153290e-03,1.368252927880070011e-03,1.336383585652668087e-03,3.136347126261903543e-03,4.526422347752755843e-03
3.372932353482212178e-03,9.895599960616679232e-04,1.159196894787731594e-02,1.930453531796152283e-02,1.672881663290344718e-03,9.684359550450851589e-03,1.154551765067373249e-04,4.578749987545163713e-02,3.602681225623774811e-03,5.788541084334863224e-03,1.674009437154421777e-03,2.342841306236308034e-03,5.679193673757097771e-04,1.438043878657304861e-03,7.116262864844333236e-03,4.014301958499406323e-04,3.321739867144452366e-04,5.797992378532236882e-03,6.419310004595718240e-04,2.573035106701025720e-04,8.229184229117075637e-04,1.936221379964449566e-03,2.316851631531603468e-03,4.500027317544117930e-03,3.180252305193602760e-03,2.180834811813726470e-03,5.088684926918378426e-04,7.041530275478222536e-03,6.697221393153433150e-04,2.950026159840761302e-04,5.308548305608805362e-03,1.982502812366768175e-05,1.233591063168016852e-04,8.215164470211482875e-04,5.023558474337086119e-04
