1.333333333333333419e-02,6.666666666666666574e-02,9.523809523809524669e-03,4.952380952380952550e-02,2.476190476190476275e-02,0.000000000000000000e+00,1.333333333333333419e-02,1.142857142857142856e-02,0.000000000000000000e+00,7.619047619047619041e-03,3.809523809523809521e-03,2.095238095238095150e-02,2.666666666666666838e-02,1.142857142857142856e-02,8.190476190476191076e-02,2.857142857142857054e-02,5.142857142857142766e-02,0.000000000000000000e+00,0.000000000000000000e+00,9.523809523809524669e-03,0.000000000000000000e+00,9.333333333333333759e-02,1.714285714285714302e-01,6.285714285714286143e-02,1.047619047619047644e-01,4.000000000000000083e-02,6.285714285714286143e-02,2.285714285714285712e-02,1.904761904761904760e-03,9.523809523809524669e-03
0.000000000000000000e+00,0.000000000000000000e+00,0.000000000000000000e+00,0.000000000000000000e+00,8.333333333333332871e-02,8.333333333333332871e-02,8.333333333333332871e-02,1.666666666666666574e-01,1.666666666666666574e-01,0.000000000000000000e+00,1.666666666666666574e-01,0.000000000000000000e+00,0.000000000000000000e+00,0.000000000000000000e+00,0.000000000000000000e+00,0.000000000000000000e+00,0.000000000000000000e+00,8.333333333333332871e-02,1.666666666666666574e-01,0.000000000000000000e+00,0.000000000000000000e+00,0.000000000000000000e+00,0.000000000000000000e+00,0.000000000000000000e+00,0.000000000000000000e+00,0.000000000000000000e+00,0.000000000000000000e+00,0.000000000000000000e+00,0.000000000000000000e+00,0.000000000000000000e+00
1.726618705035971174e-02,5.467625899280575269e-02,3.021582733812949728e-02,1.870503597122302047e-02,1.007194244604316460e-02,2.877697841726618768e-03,5.755395683453237536e-03,1.438848920863309427e-02,4.316546762589927935e-03,1.007194244604316460e-02,1.870503597122302047e-02,1.726618705035971174e-02,3.165467625899280601e-02,3.884892086330934968e-02,3.309352517985611475e-02,1.582733812949640301e-02,1.438848920863309427e-02,4.316546762589927935e-03,4.316546762589927935e-03,1.726618705035971174e-02,1.007194244604316460e-02,8.489208633093525691e-02,1.856115107913668960e-01,5.611510791366906142e-02,1.151079136690647542e-01,3.453237410071942348e-02,7.482014388489208190e-02,2.302158273381295014e-02,5.755395683453237536e-03,4.604316546762590029e-02
0.000000000000000000e+00,9.523809523809523281e-02,9.523809523809523281e-02,0.000000000000000000e+00,2.380952380952380820e-02,0.000000000000000000e+00,4.761904761904761640e-02,9.523809523809523281e-02,0.000000000000000000e+00,9.523809523809523281e-02,7.142857142857142461e-02,0.000000000000000000e+00,0.000000000000000000e+00,1.666666666666666574e-01,0.000000000000000000e+00,0.000000000000000000e+00,0.000000000000000000e+00,0.000000000000000000e+00,0.000000000000000000e+00,9.523809523809523281e-02,4.761904761904761640e-02,9.523809523809523281e-02,0.000000000000000000e+00,0.000000000000000000e+00,0.000000000000000000e+00,0.000000000000000000e+00,0.000000000000000000e+00,0.000000000000000000e+00,7.142857142857142461e-02,0.000000000000000000e+00
0.000000000000000000e+00,0.000000000000000000e+00,0.000000000000000000e+00,0.000000000000000000e+00,1.714285714285714302e-01,1.428571428571428492e-01,2.857142857142857054e-02,1.428571428571428492e-01,1.428571428571428492e-01,0.000000000000000000e+00,2.857142857142857054e-02,0.000000000000000000e+00,0.000000000000000000e+00,2.857142857142857054e-02,0.000000000000000000e+00,0.000000000000000000e+00,0.000000000000000000e+00,1.428571428571428492e-01,1.714285714285714302e-01,0.000000000000000000e+00,0.000000000000000000e+00,0.000000000000000000e+00,0.000000000000000000e+00,0.000000000000000000e+00,0.000000000000000000e+00,0.000000000000000000e+00,0.000000000000000000e+00,0.000000000000000000e+00,0.000000000000000000e+00,0.000000000000000000e+00
9.848484848484848064e-02,0.000000000000000000e+00,0.000000000000000000e+00,0.000000000000000000e+00,1.060606060606060635e-01,1.060606060606060635e-01,8.333333333333332871e-02,4.545454545454545581e-02,4.545454545454545581e-02,0.000000000000000000e+00,3.030303030303030387e-02,1.287878787878787845e-01,6.818181818181817677e-02,0.000000000000000000e+00,0.000000000000000000e+00,0.000000000000000000e+00,0.000000000000000000e+00,1.515151515151515194e-01,8.333333333333332871e-02,0.000000000000000000e+00,2.272727272727272790e-02,0.000000000000000000e+00,0.000000000000000000e+00,0.000000000000000000e+00,0.000000000000000000e+00,0.000000000000000000e+00,0.000000000000000000e+00,0.000000000000000000e+00,3.030303030303030387e-02,0.000000000000000000e+00
0.000000000000000000e+00,9.462915601023018375e-02,6.138107416879795553e-02,2.557544757033248031e-02,2.813299232736572730e-02,1.278772378516624016e-02,5.370843989769821109e-02,6.649616368286445645e-02,4.092071611253197266e-02,2.046035805626598633e-02,3.836317135549872220e-02,0.000000000000000000e+00,0.000000000000000000e+00,7.416879795396419395e-02,3.580562659846547174e-02,1.278772378516624016e-02,1.790281329923273587e-02,2.301790281329923332e-02,5.626598465473145461e-02,2.813299232736572730e-02,2.046035805626598633e-02,9.462915601023018375e-02,5.626598465473145461e-02,3.324808184143222822e-02,2.046035805626598633e-02,1.278772378516624016e-02,5.115089514066496583e-03,5.115089514066496583e-03,3.836317135549872220e-02,2.301790281329923332e-02
0.000000000000000000e+00,2.739726027397260122e-02,2.739726027397260122e-02,0.000000000000000000e+00,2.739726027397260122e-02,2.739726027397260122e-02,5.479452054794520244e-02,1.369863013698630061e-01,6.849315068493150305e-02,4.109589041095890183e-02,5.479452054794520244e-02,0.000000000000000000e+00,0.000000000000000000e+00,2.739726027397260122e-02,1.369863013698630061e-02,0.000000000000000000e+00,1.369863013698630061e-02,2.739726027397260122e-02,8.219178082191780366e-02,5.479452054794520244e-02,4.109589041095890183e-02,9.589041095890410427e-02,4.109589041095890183e-02,2.739726027397260122e-02,1.369863013698630061e-02,1.369863013698630061e-02,0.000000000000000000e+00,0.000000000000000000e+00,6.849315068493150305e-02,1.369863013698630061e-02
3.690036900369003583e-03,1.291512915129151284e-01,2.583025830258302638e-02,9.225092250922509174e-02,2.583025830258302638e-02,0.000000000000000000e+00,1.845018450184501835e-02,2.952029520295202866e-02,0.000000000000000000e+00,1.476014760147601433e-02,1.476014760147601433e-02,1.107011070110701031e-02,0.000000000000000000e+00,4.797047970479705048e-02,1.217712177121771239e-01,9.225092250922509174e-02,2.583025830258302638e-02,3.690036900369003583e-03,0.000000000000000000e+00,2.214022140221402063e-02,3.690036900369003583e-03,1.512915129151291560e-01,7.011070110701106417e-02,5.904059040590405733e-02,1.107011070110701031e-02,1.107011070110701031e-02,0.000000000000000000e+00,0.000000000000000000e+00,0.000000000000000000e+00,1.476014760147601433e-02
3.984063745019920250e-03,6.772908366533864077e-02,1.195219123505976075e-02,3.585657370517928572e-02,1.992031872509960125e-02,0.000000000000000000e+00,0.000000000000000000e+00,3.984063745019920250e-03,0.000000000000000000e+00,3.984063745019920250e-03,1.992031872509960125e-02,1.195219123505976075e-02,7.968127490039840499e-03,3.187250996015936200e-02,7.968127490039840499e-02,3.187250996015936200e-02,3.984063745019920250e-02,0.000000000000000000e+00,0.000000000000000000e+00,3.984063745019920250e-03,7.968127490039840499e-03,7.569721115537848821e-02,1.912350597609561720e-01,4.382470119521912622e-02,1.394422310756971983e-01,2.390438247011952150e-02,1.115537848605577670e-01,1.593625498007968100e-02,0.000000000000000000e+00,1.593625498007968100e-02
0.000000000000000000e+00,3.888888888888888951e-02,0.000000000000000000e+00,3.611111111111110772e-02,5.555555555555555768e-03,0.000000000000000000e+00,2.777777777777777884e-03,8.333333333333333218e-03,0.000000000000000000e+00,8.333333333333333218e-03,5.555555555555555768e-03,0.000000000000000000e+00,0.000000000000000000e+00,2.777777777777777884e-03,5.277777777777777762e-02,2.777777777777777884e-03,4.722222222222222099e-02,0.000000000000000000e+00,0.000000000000000000e+00,8.333333333333333218e-03,5.555555555555555768e-03,5.277777777777777762e-02,2.583333333333333592e-01,5.000000000000000278e-02,1.944444444444444475e-01,3.611111111111110772e-02,1.499999999999999944e-01,2.500000000000000139e-02,2.777777777777777884e-03,5.555555555555555768e-03
1.616628175519630589e-02,6.928406466512701534e-02,3.464203233256350767e-02,3.002309468822170896e-02,2.078521939953810460e-02,2.309468822170900656e-03,9.237875288683602623e-03,3.002309468822170896e-02,0.000000000000000000e+00,2.540415704387990678e-02,9.237875288683602623e-03,2.540415704387990678e-02,2.309468822170900743e-02,4.618937644341801485e-02,4.157043879907620920e-02,2.540415704387990678e-02,1.616628175519630589e-02,4.618937644341801312e-03,0.000000000000000000e+00,3.002309468822170896e-02,9.237875288683602623e-03,1.108545034642032384e-01,1.362586605080831348e-01,4.849884526558891767e-02,8.545034642032332817e-02,3.233256351039261178e-02,5.311778290993071638e-02,2.540415704387990678e-02,9.237875288683602623e-03,3.002309468822170896e-02
8.675799086757990386e-02,5.936073059360730264e-02,5.022831050228310223e-02,9.132420091324200406e-03,1.826484018264840081e-02,1.826484018264840081e-02,1.826484018264840081e-02,8.675799086757990386e-02,5.479452054794520244e-02,2.283105022831050102e-02,9.132420091324200406e-03,9.589041095890410427e-02,5.936073059360730264e-02,5.022831050228310223e-02,9.132420091324200406e-03,9.132420091324200406e-03,0.000000000000000000e+00,1.826484018264840081e-02,6.392694063926940284e-02,3.196347031963470142e-02,4.566210045662100203e-03,1.050228310502283047e-01,2.283105022831050102e-02,1.369863013698630061e-02,9.132420091324200406e-03,9.132420091324200406e-03,0.000000000000000000e+00,0.000000000000000000e+00,3.652968036529680163e-02,2.739726027397260122e-02
2.027027027027027140e-02,1.351351351351351426e-02,1.351351351351351426e-02,0.000000000000000000e+00,7.432432432432432845e-02,6.081081081081081419e-02,5.405405405405405705e-02,9.459459459459459985e-02,4.729729729729729992e-02,4.729729729729729992e-02,4.729729729729729992e-02,3.378378378378378566e-02,1.351351351351351426e-02,2.702702702702702853e-02,1.351351351351351426e-02,1.351351351351351426e-02,0.000000000000000000e+00,6.756756756756757132e-02,6.756756756756757132e-02,5.405405405405405705e-02,2.027027027027027140e-02,8.108108108108108558e-02,4.729729729729729992e-02,3.378378378378378566e-02,6.756756756756757132e-03,0.000000000000000000e+00,0.000000000000000000e+00,0.000000000000000000e+00,1.351351351351351426e-02,3.378378378378378566e-02
0.000000000000000000e+00,5.988023952095808747e-03,0.000000000000000000e+00,5.988023952095808747e-03,5.389221556886227699e-02,5.389221556886227699e-02,1.137724550898203540e-01,1.616766467065868240e-01,1.556886227544910239e-01,0.000000000000000000e+00,7.185628742514969802e-02,0.000000000000000000e+00,0.000000000000000000e+00,0.000000000000000000e+00,5.988023952095808747e-03,5.988023952095808747e-03,0.000000000000000000e+00,1.017964071856287400e-01,1.916167664670658799e-01,0.000000000000000000e+00,1.796407185628742451e-02,5.988023952095808747e-03,0.000000000000000000e+00,0.000000000000000000e+00,0.000000000000000000e+00,0.000000000000000000e+00,0.000000000000000000e+00,0.000000000000000000e+00,4.790419161676646997e-02,0.000000000000000000e+00
0.000000000000000000e+00,3.147699757869249632e-02,1.210653753026634440e-03,2.905569007263922657e-02,2.421307506053268881e-03,0.000000000000000000e+00,1.089588377723970866e-02,3.389830508474576259e-02,0.000000000000000000e+00,2.784503631961258996e-02,1.089588377723970866e-02,2.421307506053268881e-03,1.210653753026634440e-03,2.421307506053268881e-03,4.237288135593220151e-02,8.474576271186440649e-03,3.026634382566585971e-02,0.000000000000000000e+00,1.210653753026634440e-03,3.147699757869249632e-02,8.474576271186440649e-03,1.004842615012106477e-01,2.167070217917675679e-01,8.353510895883776988e-02,1.234866828087167051e-01,6.900726392251815833e-02,5.084745762711864736e-02,3.874092009685230209e-02,2.421307506053268881e-03,3.874092009685230209e-02
4.615384615384615641e-02,1.538461538461538547e-02,1.538461538461538547e-02,0.000000000000000000e+00,1.076923076923076983e-01,1.076923076923076983e-01,4.615384615384615641e-02,9.230769230769231282e-02,9.230769230769231282e-02,0.000000000000000000e+00,1.538461538461538547e-02,6.153846153846154188e-02,4.615384615384615641e-02,1.538461538461538547e-02,0.000000000000000000e+00,0.000000000000000000e+00,0.000000000000000000e+00,1.230769230769230838e-01,1.076923076923076983e-01,0.000000000000000000e+00,1.538461538461538547e-02,3.076923076923077094e-02,1.538461538461538547e-02,1.538461538461538547e-02,0.000000000000000000e+00,0.000000000000000000e+00,0.000000000000000000e+00,0.000000000000000000e+00,0.000000000000000000e+00,3.076923076923077094e-02
0.000000000000000000e+00,1.153846153846153910e-01,1.153846153846153910e-01,0.000000000000000000e+00,1.153846153846153910e-01,1.153846153846153910e-01,0.000000000000000000e+00,7.692307692307692735e-02,7.692307692307692735e-02,0.000000000000000000e+00,0.000000000000000000e+00,7.692307692307692735e-02,0.000000000000000000e+00,1.153846153846153910e-01,0.000000000000000000e+00,0.000000000000000000e+00,0.000000000000000000e+00,1.153846153846153910e-01,7.692307692307692735e-02,0.000000000000000000e+00,0.000000000000000000e+00,0.000000000000000000e+00,0.000000000000000000e+00,0.000000000000000000e+00,0.000000000000000000e+00,0.000000000000000000e+00,0.000000000000000000e+00,0.000000000000000000e+00,0.000000000000000000e+00,0.000000000000000000e+00
1.040462427745664775e-01,5.780346820809248269e-03,0.000000000000000000e+00,5.780346820809248269e-03,4.046242774566474049e-02,3.468208092485548788e-02,5.780346820809248269e-03,4.624277456647398615e-02,2.890173410404624221e-02,1.734104046242774394e-02,2.312138728323699308e-02,1.098265895953757232e-01,9.826589595375723185e-02,5.780346820809248269e-03,1.156069364161849654e-02,5.780346820809248269e-03,5.780346820809248269e-03,3.468208092485548788e-02,2.890173410404624221e-02,1.734104046242774394e-02,1.156069364161849654e-02,4.624277456647398615e-02,1.098265895953757232e-01,3.468208092485548788e-02,6.936416184971097576e-02,2.312138728323699308e-02,4.046242774566474049e-02,1.734104046242774394e-02,0.000000000000000000e+00,1.734104046242774394e-02
0.000000000000000000e+00,9.433962264150944077e-02,6.289308176100628922e-02,2.515723270440251708e-02,1.320754716981132060e-01,7.547169811320754429e-02,5.660377358490566169e-02,7.547169811320754429e-02,4.402515723270439968e-02,6.289308176100629269e-03,1.886792452830188607e-02,0.000000000000000000e+00,0.000000000000000000e+00,1.069182389937106958e-01,2.515723270440251708e-02,1.257861635220125854e-02,6.289308176100629269e-03,1.006289308176100683e-01,6.289308176100628922e-02,6.289308176100629269e-03,1.257861635220125854e-02,3.144654088050314461e-02,6.289308176100629269e-03,6.289308176100629269e-03,0.000000000000000000e+00,0.000000000000000000e+00,0.000000000000000000e+00,0.000000000000000000e+00,3.144654088050314461e-02,0.000000000000000000e+00
5.208333333333333565e-02,5.902777777777777624e-02,4.513888888888888812e-02,6.944444444444444059e-03,2.083333333333333218e-02,6.944444444444444059e-03,2.777777777777777624e-02,7.986111111111110494e-02,2.777777777777777624e-02,2.430555555555555594e-02,9.027777777777777624e-02,5.902777777777777624e-02,4.861111111111111188e-02,6.597222222222222376e-02,1.041666666666666609e-02,1.041666666666666609e-02,0.000000000000000000e+00,1.041666666666666609e-02,3.125000000000000000e-02,2.430555555555555594e-02,3.472222222222222376e-02,1.006944444444444475e-01,3.819444444444444753e-02,2.430555555555555594e-02,1.388888888888888812e-02,1.388888888888888812e-02,0.000000000000000000e+00,0.000000000000000000e+00,2.430555555555555594e-02,4.861111111111111188e-02
2.739726027397260122e-02,2.739726027397260122e-02,2.054794520547945091e-02,6.849315068493150305e-03,2.739726027397260122e-02,2.739726027397260122e-02,2.739726027397260122e-02,1.506849315068493067e-01,1.095890410958904049e-01,1.369863013698630061e-02,1.164383561643835552e-01,2.054794520547945091e-02,1.369863013698630061e-02,2.054794520547945091e-02,6.849315068493150305e-03,6.849315068493150305e-03,0.000000000000000000e+00,4.109589041095890183e-02,1.301369863013698558e-01,1.369863013698630061e-02,5.479452054794520244e-02,2.739726027397260122e-02,0.000000000000000000e+00,0.000000000000000000e+00,0.000000000000000000e+00,0.000000000000000000e+00,0.000000000000000000e+00,0.000000000000000000e+00,1.027397260273972546e-01,6.849315068493150305e-03
0.000000000000000000e+00,1.363636363636363535e-01,1.363636363636363535e-01,0.000000000000000000e+00,9.090909090909091161e-02,9.090909090909091161e-02,4.545454545454545581e-02,6.818181818181817677e-02,4.545454545454545581e-02,2.272727272727272790e-02,4.545454545454545581e-02,0.000000000000000000e+00,0.000000000000000000e+00,1.363636363636363535e-01,0.000000000000000000e+00,0.000000000000000000e+00,0.000000000000000000e+00,9.090909090909091161e-02,4.545454545454545581e-02,2.272727272727272790e-02,0.000000000000000000e+00,2.272727272727272790e-02,0.000000000000000000e+00,0.000000000000000000e+00,0.000000000000000000e+00,0.000000000000000000e+00,0.000000000000000000e+00,0.000000000000000000e+00,0.000000000000000000e+00,0.000000000000000000e+00
5.426356589147286746e-02,7.751937984496123923e-03,7.751937984496123923e-03,0.000000000000000000e+00,3.875968992248061962e-02,1.550387596899224785e-02,4.651162790697674354e-02,1.085271317829457349e-01,1.007751937984496110e-01,0.000000000000000000e+00,7.751937984496123923e-02,1.085271317829457349e-01,6.976744186046511531e-02,2.325581395348837177e-02,0.000000000000000000e+00,0.000000000000000000e+00,0.000000000000000000e+00,1.550387596899224785e-02,1.395348837209302306e-01,0.000000000000000000e+00,5.426356589147286746e-02,7.751937984496123923e-03,0.000000000000000000e+00,0.000000000000000000e+00,0.000000000000000000e+00,0.000000000000000000e+00,0.000000000000000000e+00,0.000000000000000000e+00,1.162790697674418589e-01,7.751937984496123923e-03
4.635761589403973593e-02,6.622516556291390723e-03,0.000000000000000000e+00,6.622516556291390723e-03,2.649006622516556289e-02,1.986754966887417304e-02,5.298013245033112578e-02,1.192052980132450313e-01,7.284768211920529535e-02,2.649006622516556289e-02,6.622516556291391243e-02,5.960264900662251564e-02,2.649006622516556289e-02,6.622516556291390723e-03,6.622516556291390723e-03,6.622516556291390723e-03,0.000000000000000000e+00,4.635761589403973593e-02,1.059602649006622516e-01,3.311258278145695622e-02,3.311258278145695622e-02,6.622516556291391243e-02,1.324503311258278145e-02,1.324503311258278145e-02,0.000000000000000000e+00,0.000000000000000000e+00,0.000000000000000000e+00,0.000000000000000000e+00,9.271523178807947185e-02,4.635761589403973593e-02
1.092436974789915971e-01,0.000000000000000000e+00,0.000000000000000000e+00,0.000000000000000000e+00,5.042016806722689204e-02,4.201680672268907901e-02,5.042016806722689204e-02,9.243697478991597105e-02,5.882352941176470507e-02,3.361344537815125905e-02,4.201680672268907901e-02,1.428571428571428492e-01,8.403361344537815802e-02,8.403361344537814762e-03,0.000000000000000000e+00,0.000000000000000000e+00,0.000000000000000000e+00,4.201680672268907901e-02,6.722689075630251809e-02,4.201680672268907901e-02,2.521008403361344602e-02,5.042016806722689204e-02,8.403361344537814762e-03,8.403361344537814762e-03,0.000000000000000000e+00,0.000000000000000000e+00,0.000000000000000000e+00,0.000000000000000000e+00,3.361344537815125905e-02,8.403361344537814762e-03
5.952380952380952051e-02,1.785714285714285615e-02,1.190476190476190410e-02,5.952380952380952051e-03,2.380952380952380820e-02,1.190476190476190410e-02,1.785714285714285615e-02,1.547619047619047672e-01,1.309523809523809590e-01,1.785714285714285615e-02,6.547619047619047949e-02,6.547619047619047949e-02,2.380952380952380820e-02,1.785714285714285615e-02,1.190476190476190410e-02,0.000000000000000000e+00,1.190476190476190410e-02,1.190476190476190410e-02,1.428571428571428492e-01,1.785714285714285615e-02,2.380952380952380820e-02,3.571428571428571230e-02,2.976190476190476025e-02,2.380952380952380820e-02,5.952380952380952051e-03,5.952380952380952051e-03,0.000000000000000000e+00,0.000000000000000000e+00,4.166666666666666435e-02,1.190476190476190410e-02
5.263157894736841813e-02,0.000000000000000000e+00,0.000000000000000000e+00,0.000000000000000000e+00,2.631578947368420907e-02,2.631578947368420907e-02,3.947368421052631360e-02,1.710526315789473728e-01,1.710526315789473728e-01,0.000000000000000000e+00,7.894736842105262720e-02,7.894736842105262720e-02,2.631578947368420907e-02,0.000000000000000000e+00,0.000000000000000000e+00,0.000000000000000000e+00,0.000000000000000000e+00,2.631578947368420907e-02,2.105263157894736725e-01,0.000000000000000000e+00,2.631578947368420907e-02,1.315789473684210453e-02,0.000000000000000000e+00,0.000000000000000000e+00,0.000000000000000000e+00,0.000000000000000000e+00,0.000000000000000000e+00,0.000000000000000000e+00,2.631578947368420907e-02,2.631578947368420907e-02
