0.000000000000000000e+00,1.270928089073802558e-01,0.000000000000000000e+00,3.377436100723912177e-02,2.239047388735017907e-01,7.870367644314754663e-02,0.000000000000000000e+00,0.000000000000000000e+00,8.657528562746884954e-03,1.025289701707361584e-01,0.000000000000000000e+00,0.000000000000000000e+00,0.000000000000000000e+00,0.000000000000000000e+00,2.558979703320416084e-03,3.946389549978458300e-04,2.110360321713556503e-02,0.000000000000000000e+00,5.958278367301877293e-02,0.000000000000000000e+00,1.631712170353447899e-01,0.000000000000000000e+00,8.450496199359068539e-02,1.601228627154995532e-01,2.826766327850752276e-03,0.000000000000000000e+00,1.886034414759391953e-03,5.815839748157558206e-03,0.000000000000000000e+00
0.000000000000000000e+00,6.672852213723221015e-02,1.367383556928250810e-01,0.000000000000000000e+00,1.555368707321884703e-01,1.222844360325894553e-01,0.000000000000000000e+00,0.000000000000000000e+00,1.732231821705512969e-03,1.351903108004053611e-01,6.910759364976865396e-03,7.583107661576918290e-02,0.000000000000000000e+00,2.607725772572913616e-05,0.000000000000000000e+00,0.000000000000000000e+00,0.000000000000000000e+00,1.156237695285867485e-02,0.000000000000000000e+00,5.653466178110833074e-02,0.000000000000000000e+00,0.000000000000000000e+00,1.494287733114916805e-01,1.437776771196594972e-01,6.369271880034945224e-04,0.000000000000000000e+00,3.961434092633004528e-02,0.000000000000000000e+00,0.000000000000000000e+00
7.586725831063272085e-02,7.887083357655071819e-03,0.000000000000000000e+00,6.778539932229171727e-02,1.506540188748477227e-02,9.113493232541815953e-03,0.000000000000000000e+00,3.634154023900355857e-02,3.548520889994399158e-02,1.121340575136270806e-01,3.757521704567745070e-03,8.781781361144609666e-03,1.619817424915500625e-01,5.497828112524941191e-02,2.625707745860604223e-02,8.167986611285274479e-02,6.865816939424743137e-03,0.000000000000000000e+00,1.003390063886410444e-01,1.021910413398375260e-02,7.626793097058169602e-02,2.337728848884202404e-01,1.416089274461425351e-02,1.136504682235357604e-02,1.931666403006426225e-01,0.000000000000000000e+00,0.000000000000000000e+00,0.000000000000000000e+00,0.000000000000000000e+00
0.000000000000000000e+00,4.261337059162478846e-01,0.000000000000000000e+00,5.482858720480851544e-02,8.920988890737545363e-02,0.000000000000000000e+00,0.000000000000000000e+00,0.000000000000000000e+00,1.629311901143442112e-02,1.693966613330307857e-03,0.000000000000000000e+00,0.000000000000000000e+00,0.000000000000000000e+00,0.000000000000000000e+00,1.866465211741099098e-02,0.000000000000000000e+00,2.380317463671405287e-02,0.000000000000000000e+00,0.000000000000000000e+00,0.000000000000000000e+00,4.541025294058928519e-02,0.000000000000000000e+00,6.369991725150590811e-02,2.730105878191247532e-02,0.000000000000000000e+00,0.000000000000000000e+00,7.520328580539962626e-04,0.000000000000000000e+00,0.000000000000000000e+00
4.440099792698113182e-03,1.460189359352067479e-02,6.938588414613459932e-02,1.145632473049294428e-02,2.397709644783201088e-02,8.642095121988623008e-02,0.000000000000000000e+00,0.000000000000000000e+00,7.815074991053198861e-02,2.119458907646160351e-01,8.241939718068459070e-03,5.094829555482303235e-02,0.000000000000000000e+00,0.000000000000000000e+00,0.000000000000000000e+00,0.000000000000000000e+00,2.260185337050142195e-03,5.261441961487148744e-04,8.515676068383760261e-03,7.159432207713692375e-02,0.000000000000000000e+00,8.572445682526241839e-03,1.307618674227506994e-01,1.247682189189336099e-01,0.000000000000000000e+00,0.000000000000000000e+00,8.763362049563552802e-02,0.000000000000000000e+00,0.000000000000000000e+00
1.173561562254946816e-01,0.000000000000000000e+00,1.228947559068437509e-05,2.056757782000778051e-02,0.000000000000000000e+00,0.000000000000000000e+00,0.000000000000000000e+00,6.486430043435911785e-02,4.764329107577556545e-03,7.756379095461105044e-03,4.119892638422993636e-02,8.740833867072873506e-03,1.530811435916180907e-01,7.071771310247648712e-02,1.087741783355989852e-02,1.930924325797928331e-01,0.000000000000000000e+00,2.590618636565597543e-02,1.792718947055566003e-02,1.455154341073113498e-03,1.211197694926757946e-02,2.417490173758586602e-01,2.060186798693416227e-02,0.000000000000000000e+00,2.381037635170064892e-01,0.000000000000000000e+00,0.000000000000000000e+00,7.731151848874112838e-03,0.000000000000000000e+00
0.000000000000000000e+00,1.204200078582180200e-01,0.000000000000000000e+00,2.785080037142654077e-02,9.469895464592376078e-02,0.000000000000000000e+00,0.000000000000000000e+00,0.000000000000000000e+00,2.692828783656811553e-02,0.000000000000000000e+00,0.000000000000000000e+00,0.000000000000000000e+00,0.000000000000000000e+00,0.000000000000000000e+00,4.490394417422639514e-04,0.000000000000000000e+00,2.166116166186644876e-02,0.000000000000000000e+00,0.000000000000000000e+00,0.000000000000000000e+00,5.390776080267310061e-02,0.000000000000000000e+00,4.751105600904815401e-02,3.776907217243750253e-02,0.000000000000000000e+00,0.000000000000000000e+00,0.000000000000000000e+00,9.378859902853146219e-03,0.000000000000000000e+00
0.000000000000000000e+00,8.327475281704313503e-02,8.414004221088927649e-02,1.725109685077736354e-03,1.780210309323104756e-01,1.009631100992456898e-01,0.000000000000000000e+00,0.000000000000000000e+00,0.000000000000000000e+00,0.000000000000000000e+00,0.000000000000000000e+00,0.000000000000000000e+00,0.000000000000000000e+00,0.000000000000000000e+00,0.000000000000000000e+00,0.000000000000000000e+00,0.000000000000000000e+00,1.025642480805038581e-03,0.000000000000000000e+00,0.000000000000000000e+00,4.248260425754148747e-04,0.000000000000000000e+00,0.000000000000000000e+00,5.724823756403893404e-02,0.000000000000000000e+00,0.000000000000000000e+00,5.885879029218459360e-03,9.754918395672196622e-04,0.000000000000000000e+00
3.052469349048150468e-02,0.000000000000000000e+00,0.000000000000000000e+00,9.589527416699827889e-02,0.000000000000000000e+00,7.154724833702486020e-02,1.093952567972023143e-01,7.118157080565959416e-02,1.272459581935151962e-01,1.519597781425786713e-02,2.623197090532986553e-01,2.877601037675029880e-02,1.956289132579662124e-02,1.732817480301102608e-01,9.648383634753754726e-03,1.074989708873481248e-01,7.558143267096972817e-02,1.585300146654726764e-03,5.376086710630220873e-03,9.132627754325790825e-02,9.615596534639192852e-03,5.353444174333674144e-02,2.670867240057700335e-04,2.088062649044062150e-02,0.000000000000000000e+00,0.000000000000000000e+00,2.049684487706709968e-01,2.959071269443554197e-02,0.000000000000000000e+00
1.225146608549610855e-01,1.143392368183531642e-03,1.904221133734426002e-02,0.000000000000000000e+00,5.920658312147764751e-03,0.000000000000000000e+00,0.000000000000000000e+00,0.000000000000000000e+00,3.495055697429513830e-03,0.000000000000000000e+00,3.404317382234435529e-02,9.162992801385039243e-02,4.375171810828300516e-04,0.000000000000000000e+00,0.000000000000000000e+00,0.000000000000000000e+00,7.721908678055085240e-02,1.875738134190415851e-01,2.352621133931175057e-01,2.363781677157277342e-02,1.530814236991122346e-02,0.000000000000000000e+00,3.773684846957997465e-03,0.000000000000000000e+00,9.136548866302952529e-03,0.000000000000000000e+00,1.567430576554139365e-02,0.000000000000000000e+00,0.000000000000000000e+00
8.830071060459927790e-02,0.000000000000000000e+00,0.000000000000000000e+00,2.122123867259827212e-02,0.000000000000000000e+00,0.000000000000000000e+00,0.000000000000000000e+00,3.037349814346209514e-02,1.100773306830799686e-02,3.254886798478010945e-03,1.510370395248554660e-02,1.397805063542260223e-02,1.546214194226251393e-01,5.843002333763284289e-02,8.647803827244653768e-03,8.037628818118686125e-02,0.000000000000000000e+00,1.581929981014525838e-02,2.513983369948033161e-02,8.968080915194721892e-03,8.556916329860757980e-03,2.547919387205752062e-01,1.463857823076140756e-02,0.000000000000000000e+00,1.950945933067372018e-01,0.000000000000000000e+00,0.000000000000000000e+00,0.000000000000000000e+00,0.000000000000000000e+00
1.848925328501088011e-02,2.484012259303957845e-02,0.000000000000000000e+00,0.000000000000000000e+00,3.072349769214084616e-03,0.000000000000000000e+00,3.936164224261946842e-02,5.962386781717490293e-03,0.000000000000000000e+00,1.662841209698527264e-02,3.178800280098534499e-03,0.000000000000000000e+00,6.436516621704782559e-02,7.932551313134326987e-03,4.436530226998306597e-02,3.227297991762609277e-05,3.026988223013078391e-02,9.139438782266945394e-03,0.000000000000000000e+00,0.000000000000000000e+00,8.941966356817694639e-02,1.588806435634939479e-02,0.000000000000000000e+00,1.108436208306328927e-02,1.813295312397370240e-01,0.000000000000000000e+00,0.000000000000000000e+00,2.731204694021829860e-01,0.000000000000000000e+00
6.335749501080134571e-02,0.000000000000000000e+00,0.000000000000000000e+00,7.981645408045259793e-02,0.000000000000000000e+00,2.930784418187442827e-02,1.381036978245936409e-01,8.456903278814251190e-02,0.000000000000000000e+00,0.000000000000000000e+00,0.000000000000000000e+00,0.000000000000000000e+00,0.000000000000000000e+00,0.000000000000000000e+00,7.293746340161786149e-03,1.603047602185306009e-01,4.356572237360573703e-05,1.258907962815824719e-02,0.000000000000000000e+00,0.000000000000000000e+00,3.239147607363857678e-02,0.000000000000000000e+00,0.000000000000000000e+00,3.375478895400451512e-02,3.480062577602457963e-02,0.000000000000000000e+00,6.775573830202832881e-02,2.862273891307298701e-01,0.000000000000000000e+00
0.000000000000000000e+00,4.805771047874260460e-02,7.159276620267408797e-02,0.000000000000000000e+00,1.445133143037425349e-01,7.904444070085557550e-02,0.000000000000000000e+00,0.000000000000000000e+00,0.000000000000000000e+00,0.000000000000000000e+00,0.000000000000000000e+00,0.000000000000000000e+00,0.000000000000000000e+00,0.000000000000000000e+00,0.000000000000000000e+00,0.000000000000000000e+00,0.000000000000000000e+00,4.796685808415197816e-03,0.000000000000000000e+00,0.000000000000000000e+00,0.000000000000000000e+00,0.000000000000000000e+00,0.000000000000000000e+00,3.318926720458437868e-02,0.000000000000000000e+00,0.000000000000000000e+00,0.000000000000000000e+00,0.000000000000000000e+00,0.000000000000000000e+00
2.483545063450865245e-02,0.000000000000000000e+00,0.000000000000000000e+00,1.434060439293675070e-02,0.000000000000000000e+00,0.000000000000000000e+00,1.530042606865700816e-01,1.376587819652971278e-01,1.978916883123364376e-02,0.000000000000000000e+00,2.420736026581532807e-01,4.873701349839813790e-02,1.368809641175054151e-03,1.781133115159531100e-01,2.381047131791903804e-02,1.858189964836546582e-01,6.383669778884941415e-02,4.939600341618133675e-03,4.017006486879189792e-03,8.107677678726397941e-02,1.847220154447883197e-03,2.961630568609041267e-02,0.000000000000000000e+00,0.000000000000000000e+00,6.192990474078047432e-03,0.000000000000000000e+00,6.483933851545635452e-02,9.931944433719015752e-02,0.000000000000000000e+00
8.002286471521705526e-04,8.453310027712069089e-03,4.615158895132524114e-02,0.000000000000000000e+00,5.971772902167798124e-03,2.367014215147909481e-02,0.000000000000000000e+00,0.000000000000000000e+00,5.091972162715218200e-04,1.613541680737150819e-01,0.000000000000000000e+00,7.488153395668802059e-02,0.000000000000000000e+00,0.000000000000000000e+00,0.000000000000000000e+00,0.000000000000000000e+00,0.000000000000000000e+00,0.000000000000000000e+00,4.169691696799988044e-03,6.151417313050531327e-02,0.000000000000000000e+00,3.775921138399331283e-03,1.333561164366897922e-01,6.926307472191445269e-02,0.000000000000000000e+00,0.000000000000000000e+00,5.752434195304697434e-02,0.000000000000000000e+00,0.000000000000000000e+00
8.623543959622659294e-02,1.071733224323053141e-04,5.129386221486339353e-03,1.747424273501304963e-03,0.000000000000000000e+00,6.220885747678842233e-03,1.968230044155365628e-03,0.000000000000000000e+00,1.242927341250160732e-03,3.417155920595073542e-03,1.124664391367680670e-02,1.553502832261322020e-02,0.000000000000000000e+00,3.034306619585962900e-03,0.000000000000000000e+00,0.000000000000000000e+00,7.099287397814268985e-02,1.576411993674614875e-01,2.293893856359958960e-01,0.000000000000000000e+00,5.598451938221448397e-03,0.000000000000000000e+00,0.000000000000000000e+00,0.000000000000000000e+00,6.445981303149748293e-03,0.000000000000000000e+00,0.000000000000000000e+00,0.000000000000000000e+00,0.000000000000000000e+00
7.828491045889353350e-02,0.000000000000000000e+00,0.000000000000000000e+00,0.000000000000000000e+00,0.000000000000000000e+00,0.000000000000000000e+00,4.045682757629103649e-02,9.333198165630790348e-04,0.000000000000000000e+00,2.282022009377376870e-02,0.000000000000000000e+00,0.000000000000000000e+00,0.000000000000000000e+00,0.000000000000000000e+00,0.000000000000000000e+00,0.000000000000000000e+00,0.000000000000000000e+00,3.087441893169692864e-02,0.000000000000000000e+00,0.000000000000000000e+00,8.784975038953654614e-02,0.000000000000000000e+00,0.000000000000000000e+00,0.000000000000000000e+00,1.772976958133186398e-01,0.000000000000000000e+00,8.299070320850306798e-03,1.395441519123892873e-02,0.000000000000000000e+00
0.000000000000000000e+00,2.775864638399997975e-01,3.235786136922441745e-03,9.249780916010046442e-03,0.000000000000000000e+00,0.000000000000000000e+00,0.000000000000000000e+00,0.000000000000000000e+00,0.000000000000000000e+00,3.025415781707994391e-03,0.000000000000000000e+00,0.000000000000000000e+00,0.000000000000000000e+00,0.000000000000000000e+00,1.929685704437090685e-02,0.000000000000000000e+00,0.000000000000000000e+00,6.913186319062779653e-03,0.000000000000000000e+00,0.000000000000000000e+00,0.000000000000000000e+00,0.000000000000000000e+00,0.000000000000000000e+00,0.000000000000000000e+00,0.000000000000000000e+00,0.000000000000000000e+00,7.015998066331368202e-03,0.000000000000000000e+00,0.000000000000000000e+00
0.000000000000000000e+00,2.030397586537262961e-02,0.000000000000000000e+00,2.939691207355678293e-02,1.836014497734815348e-03,0.000000000000000000e+00,0.000000000000000000e+00,0.000000000000000000e+00,2.215758976119967458e-02,1.041424053633606267e-01,0.000000000000000000e+00,0.000000000000000000e+00,0.000000000000000000e+00,0.000000000000000000e+00,1.182066266761923595e-03,0.000000000000000000e+00,0.000000000000000000e+00,0.000000000000000000e+00,6.092756769388801147e-02,0.000000000000000000e+00,5.269908223461849950e-02,0.000000000000000000e+00,0.000000000000000000e+00,5.753833763753247316e-02,0.000000000000000000e+00,0.000000000000000000e+00,0.000000000000000000e+00,0.000000000000000000e+00,0.000000000000000000e+00
5.171712207397054575e-03,0.000000000000000000e+00,0.000000000000000000e+00,1.901190487695825432e-03,0.000000000000000000e+00,0.000000000000000000e+00,9.585774642510383470e-02,8.380562151479463429e-02,4.399714798574417413e-02,0.000000000000000000e+00,2.425869827152226932e-01,5.047918429699765203e-02,2.881805007500580842e-02,1.846253050844960109e-01,2.076975434136130866e-02,1.172455378552574312e-01,6.461212105163764707e-02,7.635028797874364101e-03,2.445913995075176851e-03,7.099021752761659754e-02,0.000000000000000000e+00,4.520817259174531033e-02,0.000000000000000000e+00,0.000000000000000000e+00,0.000000000000000000e+00,0.000000000000000000e+00,4.572230915503346788e-02,2.340203748406241568e-02,0.000000000000000000e+00
0.000000000000000000e+00,8.672240006229713083e-02,5.570029470195563253e-04,0.000000000000000000e+00,2.189100168197156276e-02,0.000000000000000000e+00,0.000000000000000000e+00,0.000000000000000000e+00,0.000000000000000000e+00,3.357625587884418162e-03,0.000000000000000000e+00,0.000000000000000000e+00,0.000000000000000000e+00,0.000000000000000000e+00,0.000000000000000000e+00,0.000000000000000000e+00,2.845224343429345656e-03,1.748896683178271551e-03,1.148859006992648552e-03,0.000000000000000000e+00,1.016344430480910395e-02,0.000000000000000000e+00,1.672453452079013941e-02,1.501480726191575105e-03,0.000000000000000000e+00,0.000000000000000000e+00,1.910815504835764594e-02,0.000000000000000000e+00,0.000000000000000000e+00
0.000000000000000000e+00,5.104114697600965755e-02,0.000000000000000000e+00,3.609450507254215873e-02,1.738306053183345107e-02,0.000000000000000000e+00,6.236620545132648939e-05,0.000000000000000000e+00,2.887960628968048397e-03,0.000000000000000000e+00,0.000000000000000000e+00,0.000000000000000000e+00,0.000000000000000000e+00,0.000000000000000000e+00,7.394896355437019855e-03,1.297047615672515598e-05,3.698228556659993727e-02,0.000000000000000000e+00,4.733297392754986545e-03,0.000000000000000000e+00,9.851359897024675183e-02,9.344334227649837496e-03,3.093312688966317128e-02,1.491845014003155036e-02,4.014509365710526405e-03,0.000000000000000000e+00,0.000000000000000000e+00,7.055597463921229814e-03,0.000000000000000000e+00
6.099931177929118981e-04,1.236469122805725074e-02,5.197690706270872291e-02,4.585174496944372825e-03,1.095331444548002658e-01,8.480386209028346889e-02,0.000000000000000000e+00,2.055182996585199959e-04,0.000000000000000000e+00,0.000000000000000000e+00,0.000000000000000000e+00,0.000000000000000000e+00,0.000000000000000000e+00,0.000000000000000000e+00,7.384453732381099150e-04,0.000000000000000000e+00,0.000000000000000000e+00,8.397460193122633157e-03,4.608218084600704668e-04,0.000000000000000000e+00,3.518080649476867938e-03,5.875733842164228580e-05,0.000000000000000000e+00,2.693820840912058978e-02,0.000000000000000000e+00,0.000000000000000000e+00,0.000000000000000000e+00,0.000000000000000000e+00,0.000000000000000000e+00
0.000000000000000000e+00,6.217640360965787094e-02,1.599423151970127618e-02,0.000000000000000000e+00,5.392234283155575986e-02,2.015863058648842464e-04,0.000000000000000000e+00,0.000000000000000000e+00,0.000000000000000000e+00,0.000000000000000000e+00,0.000000000000000000e+00,0.000000000000000000e+00,0.000000000000000000e+00,0.000000000000000000e+00,0.000000000000000000e+00,0.000000000000000000e+00,0.000000000000000000e+00,0.000000000000000000e+00,0.000000000000000000e+00,0.000000000000000000e+00,0.000000000000000000e+00,0.000000000000000000e+00,1.434754825981148126e-02,2.062273898189820320e-02,0.000000000000000000e+00,0.000000000000000000e+00,1.680636176618783770e-02,4.902216558597151646e-04,0.000000000000000000e+00
7.692401188127463707e-02,1.829667993286792499e-02,0.000000000000000000e+00,7.938213173925423929e-03,0.000000000000000000e+00,0.000000000000000000e+00,0.000000000000000000e+00,0.000000000000000000e+00,0.000000000000000000e+00,0.000000000000000000e+00,0.000000000000000000e+00,7.828386882620287299e-03,0.000000000000000000e+00,0.000000000000000000e+00,4.142908035926822982e-04,2.907953919162428041e-03,1.519022628236217365e-01,2.222790876897399182e-01,2.275546334605833138e-02,0.000000000000000000e+00,0.000000000000000000e+00,0.000000000000000000e+00,0.000000000000000000e+00,0.000000000000000000e+00,0.000000000000000000e+00,0.000000000000000000e+00,0.000000000000000000e+00,0.000000000000000000e+00,0.000000000000000000e+00
0.000000000000000000e+00,1.644369419614813421e-02,0.000000000000000000e+00,1.567946335262936086e-02,0.000000000000000000e+00,0.000000000000000000e+00,0.000000000000000000e+00,0.000000000000000000e+00,1.920765912024056249e-02,1.002977484612802284e-01,0.000000000000000000e+00,0.000000000000000000e+00,0.000000000000000000e+00,0.000000000000000000e+00,8.917785517427420693e-04,0.000000000000000000e+00,0.000000000000000000e+00,0.000000000000000000e+00,6.109091610088250579e-02,0.000000000000000000e+00,3.181598205280192215e-02,0.000000000000000000e+00,0.000000000000000000e+00,4.023893842186665459e-02,0.000000000000000000e+00,0.000000000000000000e+00,0.000000000000000000e+00,0.000000000000000000e+00,0.000000000000000000e+00
5.240128778896391976e-02,0.000000000000000000e+00,6.830679012987850469e-03,1.977304539887210594e-05,1.847579977824183621e-03,2.814131471083855182e-03,0.000000000000000000e+00,0.000000000000000000e+00,2.104142845436537165e-04,0.000000000000000000e+00,6.301826062906508083e-03,6.214529305174054316e-03,0.000000000000000000e+00,1.149834857037571089e-03,5.297016495307141967e-04,0.000000000000000000e+00,7.895649943908913948e-02,1.553710856196684198e-01,3.439409590395724886e-02,1.285883366045015297e-03,1.241077943672231829e-02,0.000000000000000000e+00,0.000000000000000000e+00,0.000000000000000000e+00,1.095795912221380350e-05,0.000000000000000000e+00,0.000000000000000000e+00,0.000000000000000000e+00,0.000000000000000000e+00
1.219938104017555605e-02,1.530349792859517916e-02,0.000000000000000000e+00,7.153274943890075739e-04,0.000000000000000000e+00,0.000000000000000000e+00,4.766668387548955721e-02,0.000000000000000000e+00,0.000000000000000000e+00,1.152484923348897315e-02,0.000000000000000000e+00,0.000000000000000000e+00,0.000000000000000000e+00,0.000000000000000000e+00,2.498730353547101105e-03,0.000000000000000000e+00,2.006449793514494817e-02,1.054188842461908915e-02,0.000000000000000000e+00,0.000000000000000000e+00,4.520620065257152653e-02,0.000000000000000000e+00,3.617718535256774903e-03,1.272135621211008261e-02,1.128908856168857749e-01,0.000000000000000000e+00,5.447154503120850162e-04,2.876436029573050876e-02,0.000000000000000000e+00
6.530779979337470072e-03,7.553220541967534249e-04,0.000000000000000000e+00,9.154921936734602972e-02,5.592590426132652316e-03,5.600814161940945168e-02,0.000000000000000000e+00,0.000000000000000000e+00,8.767624409440703814e-02,2.635091347948462226e-02,0.000000000000000000e+00,0.000000000000000000e+00,0.000000000000000000e+00,0.000000000000000000e+00,0.000000000000000000e+00,0.000000000000000000e+00,0.000000000000000000e+00,0.000000000000000000e+00,1.095763645680453320e-02,0.000000000000000000e+00,5.293197726922052419e-03,3.525345432153847037e-03,0.000000000000000000e+00,3.760877360274445663e-02,0.000000000000000000e+00,0.000000000000000000e+00,1.552685941278639757e-02,0.000000000000000000e+00,0.000000000000000000e+00
0.000000000000000000e+00,3.229869883355566441e-03,4.337321572772773193e-02,0.000000000000000000e+00,9.236769615399759159e-02,6.692803619332073073e-02,0.000000000000000000e+00,0.000000000000000000e+00,0.000000000000000000e+00,0.000000000000000000e+00,0.000000000000000000e+00,0.000000000000000000e+00,0.000000000000000000e+00,0.000000000000000000e+00,1.187520803608786273e-04,0.000000000000000000e+00,0.000000000000000000e+00,1.290956521787220770e-02,0.000000000000000000e+00,0.000000000000000000e+00,0.000000000000000000e+00,0.000000000000000000e+00,0.000000000000000000e+00,1.742195310578810788e-02,0.000000000000000000e+00,0.000000000000000000e+00,0.000000000000000000e+00,0.000000000000000000e+00,0.000000000000000000e+00
3.482590042033040928e-02,1.545662692581666444e-03,6.946348213722727642e-03,0.000000000000000000e+00,0.000000000000000000e+00,5.410690707575072436e-03,3.606385922555390843e-04,0.000000000000000000e+00,0.000000000000000000e+00,0.000000000000000000e+00,3.066206953331667654e-04,0.000000000000000000e+00,0.000000000000000000e+00,0.000000000000000000e+00,1.706234344971729183e-03,0.000000000000000000e+00,4.978506098381801914e-02,1.321737403625632690e-01,3.468814836855054623e-02,0.000000000000000000e+00,1.033757150500208034e-02,0.000000000000000000e+00,0.000000000000000000e+00,4.515412664120570935e-05,0.000000000000000000e+00,0.000000000000000000e+00,0.000000000000000000e+00,0.000000000000000000e+00,0.000000000000000000e+00
5.141592759366141185e-02,3.506016572776459329e-03,9.411991555708853693e-03,1.641896102223726990e-03,0.000000000000000000e+00,2.802792258064248920e-03,0.000000000000000000e+00,2.047391090009727504e-03,0.000000000000000000e+00,0.000000000000000000e+00,0.000000000000000000e+00,0.000000000000000000e+00,6.224683763149844486e-03,0.000000000000000000e+00,0.000000000000000000e+00,2.436173616145463020e-03,0.000000000000000000e+00,4.560170251715825809e-03,0.000000000000000000e+00,0.000000000000000000e+00,1.171984486601217595e-01,4.371395185614454504e-03,2.508540726427820316e-03,3.808900712909113191e-04,0.000000000000000000e+00,0.000000000000000000e+00,2.937259318211969152e-03,0.000000000000000000e+00,0.000000000000000000e+00
3.274087490618082796e-03,3.829816463062246309e-03,0.000000000000000000e+00,0.000000000000000000e+00,2.775756132583047028e-02,0.000000000000000000e+00,0.000000000000000000e+00,0.000000000000000000e+00,0.000000000000000000e+00,1.600524043318075906e-02,0.000000000000000000e+00,0.000000000000000000e+00,0.000000000000000000e+00,0.000000000000000000e+00,0.000000000000000000e+00,0.000000000000000000e+00,0.000000000000000000e+00,3.112910409040830703e-03,8.045719318245233773e-04,0.000000000000000000e+00,2.879160851817863173e-02,0.000000000000000000e+00,6.971642889358352357e-02,0.000000000000000000e+00,3.913173401310070937e-04,0.000000000000000000e+00,1.382787102884669439e-02,0.000000000000000000e+00,0.000000000000000000e+00
7.537804485757496889e-04,1.094104994635074560e-02,0.000000000000000000e+00,0.000000000000000000e+00,7.770618448214606242e-04,0.000000000000000000e+00,4.694522632430213338e-02,0.000000000000000000e+00,0.000000000000000000e+00,1.319943876948269194e-02,0.000000000000000000e+00,0.000000000000000000e+00,0.000000000000000000e+00,0.000000000000000000e+00,4.042734116788988287e-03,0.000000000000000000e+00,1.578488266353762076e-02,1.043233640097813823e-02,0.000000000000000000e+00,0.000000000000000000e+00,3.247770760706997911e-02,0.000000000000000000e+00,3.014275582080605791e-03,5.366162691427950326e-03,9.381316252536718581e-02,0.000000000000000000e+00,4.378629357600309809e-03,2.145830931420726964e-02,0.000000000000000000e+00
0.000000000000000000e+00,4.679373441434835773e-02,0.000000000000000000e+00,1.195098272803904633e-02,1.241950524946037505e-02,0.000000000000000000e+00,0.000000000000000000e+00,0.000000000000000000e+00,8.412785437100002775e-03,0.000000000000000000e+00,0.000000000000000000e+00,0.000000000000000000e+00,0.000000000000000000e+00,0.000000000000000000e+00,2.873850365564405845e-03,0.000000000000000000e+00,3.064250956324112568e-02,0.000000000000000000e+00,0.000000000000000000e+00,0.000000000000000000e+00,3.068019646073688947e-02,0.000000000000000000e+00,1.050823019509264204e-02,1.438811526764748484e-03,0.000000000000000000e+00,0.000000000000000000e+00,0.000000000000000000e+00,4.968546936077120231e-03,0.000000000000000000e+00
0.000000000000000000e+00,1.635232379071521747e-01,0.000000000000000000e+00,1.534297666582680117e-03,0.000000000000000000e+00,0.000000000000000000e+00,0.000000000000000000e+00,0.000000000000000000e+00,0.000000000000000000e+00,0.000000000000000000e+00,0.000000000000000000e+00,1.240597322952980691e-05,0.000000000000000000e+00,0.000000000000000000e+00,2.252720956921914347e-02,0.000000000000000000e+00,0.000000000000000000e+00,1.179333782309966014e-03,0.000000000000000000e+00,0.000000000000000000e+00,0.000000000000000000e+00,0.000000000000000000e+00,0.000000000000000000e+00,0.000000000000000000e+00,0.000000000000000000e+00,0.000000000000000000e+00,0.000000000000000000e+00,0.000000000000000000e+00,0.000000000000000000e+00
0.000000000000000000e+00,4.094819900550026454e-02,1.086986223164728912e-02,0.000000000000000000e+00,3.585645641163657388e-02,0.000000000000000000e+00,0.000000000000000000e+00,0.000000000000000000e+00,0.000000000000000000e+00,0.000000000000000000e+00,0.000000000000000000e+00,0.000000000000000000e+00,0.000000000000000000e+00,0.000000000000000000e+00,0.000000000000000000e+00,0.000000000000000000e+00,0.000000000000000000e+00,0.000000000000000000e+00,0.000000000000000000e+00,0.000000000000000000e+00,0.000000000000000000e+00,0.000000000000000000e+00,1.684816463831267930e-02,1.153721076614882407e-02,0.000000000000000000e+00,0.000000000000000000e+00,0.000000000000000000e+00,2.645879386978710213e-03,0.000000000000000000e+00
3.832016917867859390e-02,2.106739227257199872e-03,1.082551429283913711e-03,5.031368958481479987e-04,0.000000000000000000e+00,1.922266146044950821e-03,0.000000000000000000e+00,0.000000000000000000e+00,0.000000000000000000e+00,0.000000000000000000e+00,0.000000000000000000e+00,0.000000000000000000e+00,4.925707819249656311e-02,0.000000000000000000e+00,1.587165408827876170e-02,0.000000000000000000e+00,0.000000000000000000e+00,4.529220413798763951e-03,0.000000000000000000e+00,0.000000000000000000e+00,7.979881254909418353e-02,0.000000000000000000e+00,0.000000000000000000e+00,1.860040258401691408e-03,2.085181343010224925e-02,0.000000000000000000e+00,0.000000000000000000e+00,7.832560079313809209e-02,0.000000000000000000e+00
2.701629348072470248e-04,0.000000000000000000e+00,0.000000000000000000e+00,8.257807434656490309e-02,8.532381251927274521e-03,3.982540805609507267e-02,0.000000000000000000e+00,0.000000000000000000e+00,8.099351438127684599e-02,2.022475287355147283e-02,0.000000000000000000e+00,0.000000000000000000e+00,0.000000000000000000e+00,0.000000000000000000e+00,0.000000000000000000e+00,0.000000000000000000e+00,0.000000000000000000e+00,0.000000000000000000e+00,1.338531231565083350e-02,0.000000000000000000e+00,0.000000000000000000e+00,6.961367603260211305e-03,0.000000000000000000e+00,1.519757114400492604e-02,0.000000000000000000e+00,0.000000000000000000e+00,2.139752155099054753e-02,0.000000000000000000e+00,0.000000000000000000e+00
0.000000000000000000e+00,0.000000000000000000e+00,4.025182747368347136e-02,0.000000000000000000e+00,2.753109209729215009e-02,9.229948903476831515e-03,0.000000000000000000e+00,0.000000000000000000e+00,0.000000000000000000e+00,2.161227025030962312e-02,0.000000000000000000e+00,0.000000000000000000e+00,0.000000000000000000e+00,0.000000000000000000e+00,0.000000000000000000e+00,0.000000000000000000e+00,0.000000000000000000e+00,0.000000000000000000e+00,3.093629053024008965e-02,0.000000000000000000e+00,0.000000000000000000e+00,0.000000000000000000e+00,0.000000000000000000e+00,6.543940885642336724e-02,0.000000000000000000e+00,0.000000000000000000e+00,2.598620927354320931e-01,0.000000000000000000e+00,0.000000000000000000e+00
4.346575219832237574e-02,0.000000000000000000e+00,0.000000000000000000e+00,0.000000000000000000e+00,0.000000000000000000e+00,0.000000000000000000e+00,2.119071940784091350e-04,0.000000000000000000e+00,2.296567828256363894e-03,2.065107078917486488e-02,3.225298212392575456e-03,8.787547410102087425e-03,0.000000000000000000e+00,7.450860377621546784e-04,0.000000000000000000e+00,0.000000000000000000e+00,3.258686985366751523e-03,2.812938337914134418e-02,1.756140953541186489e-01,0.000000000000000000e+00,0.000000000000000000e+00,0.000000000000000000e+00,0.000000000000000000e+00,0.000000000000000000e+00,2.485770316886523092e-03,0.000000000000000000e+00,0.000000000000000000e+00,0.000000000000000000e+00,0.000000000000000000e+00
0.000000000000000000e+00,5.660598726593583235e-02,2.531700248413080914e-04,4.773988314870910438e-03,8.268379339953433856e-05,1.164798140176367784e-04,0.000000000000000000e+00,0.000000000000000000e+00,0.000000000000000000e+00,4.180573187110430159e-04,0.000000000000000000e+00,0.000000000000000000e+00,0.000000000000000000e+00,0.000000000000000000e+00,3.876352721852105660e-04,0.000000000000000000e+00,2.455646455369834853e-03,2.096781954016101179e-03,0.000000000000000000e+00,0.000000000000000000e+00,0.000000000000000000e+00,0.000000000000000000e+00,4.406028056240579235e-03,0.000000000000000000e+00,0.000000000000000000e+00,0.000000000000000000e+00,0.000000000000000000e+00,0.000000000000000000e+00,0.000000000000000000e+00
0.000000000000000000e+00,0.000000000000000000e+00,0.000000000000000000e+00,0.000000000000000000e+00,0.000000000000000000e+00,0.000000000000000000e+00,4.024495602635452807e-02,2.682214194784547472e-03,0.000000000000000000e+00,2.087007880715098171e-02,9.046042208879291916e-04,0.000000000000000000e+00,0.000000000000000000e+00,0.000000000000000000e+00,0.000000000000000000e+00,1.775568615927697672e-03,0.000000000000000000e+00,0.000000000000000000e+00,2.543174151721775897e-02,2.544163240729499596e-03,0.000000000000000000e+00,0.000000000000000000e+00,0.000000000000000000e+00,6.245620067069876380e-02,0.000000000000000000e+00,0.000000000000000000e+00,3.953931136687791614e-01,1.378660651407128020e-02,0.000000000000000000e+00
0.000000000000000000e+00,2.652015474883743021e-02,0.000000000000000000e+00,2.938518121195452318e-02,1.796146092133154779e-02,0.000000000000000000e+00,0.000000000000000000e+00,0.000000000000000000e+00,1.122100716390610556e-02,2.526866125919285857e-03,0.000000000000000000e+00,0.000000000000000000e+00,0.000000000000000000e+00,0.000000000000000000e+00,1.881051987969028323e-03,0.000000000000000000e+00,1.123663022097214038e-03,0.000000000000000000e+00,5.771140554668012165e-03,0.000000000000000000e+00,2.263768819460340240e-02,0.000000000000000000e+00,2.811092444225891159e-03,1.072930571089568234e-02,0.000000000000000000e+00,0.000000000000000000e+00,0.000000000000000000e+00,0.000000000000000000e+00,0.000000000000000000e+00
0.000000000000000000e+00,0.000000000000000000e+00,0.000000000000000000e+00,0.000000000000000000e+00,0.000000000000000000e+00,0.000000000000000000e+00,0.000000000000000000e+00,0.000000000000000000e+00,2.170691793857709370e-03,1.074218164463424940e-01,0.000000000000000000e+00,0.000000000000000000e+00,0.000000000000000000e+00,0.000000000000000000e+00,0.000000000000000000e+00,0.000000000000000000e+00,0.000000000000000000e+00,0.000000000000000000e+00,4.952839350651688788e-02,0.000000000000000000e+00,1.749194092412594687e-02,0.000000000000000000e+00,0.000000000000000000e+00,2.093603351093620279e-02,0.000000000000000000e+00,0.000000000000000000e+00,0.000000000000000000e+00,0.000000000000000000e+00,0.000000000000000000e+00
2.733205689481491008e-02,0.000000000000000000e+00,9.075681425616742527e-04,1.359094053559582391e-02,3.690765688748079334e-03,5.952324840434790277e-04,2.097082667332165334e-02,2.806111705092532646e-02,0.000000000000000000e+00,4.642024613227112989e-03,8.062215678568414312e-03,0.000000000000000000e+00,0.000000000000000000e+00,9.342555933434373849e-03,8.009702245606894686e-03,1.005242873247242513e-01,0.000000000000000000e+00,1.184905995331023663e-02,0.000000000000000000e+00,0.000000000000000000e+00,6.890295563212456981e-03,0.000000000000000000e+00,2.444380658922131063e-04,9.342008544282574475e-03,1.765248756028425098e-02,0.000000000000000000e+00,0.000000000000000000e+00,1.305019195352095061e-02,0.000000000000000000e+00
2.887249580793504675e-02,0.000000000000000000e+00,0.000000000000000000e+00,0.000000000000000000e+00,7.698690425573872587e-04,0.000000000000000000e+00,0.000000000000000000e+00,0.000000000000000000e+00,0.000000000000000000e+00,1.124486970675470446e-02,0.000000000000000000e+00,0.000000000000000000e+00,0.000000000000000000e+00,0.000000000000000000e+00,0.000000000000000000e+00,7.672903194457876899e-03,0.000000000000000000e+00,9.335745795345736647e-03,2.912330339259043901e-03,0.000000000000000000e+00,3.598390801252638466e-02,2.417094879301430552e-03,1.171538894135741582e-02,0.000000000000000000e+00,5.456817706324771505e-02,0.000000000000000000e+00,0.000000000000000000e+00,0.000000000000000000e+00,0.000000000000000000e+00
2.376091370661573797e-03,0.000000000000000000e+00,0.000000000000000000e+00,2.737782074945378785e-02,0.000000000000000000e+00,1.812674765848012320e-02,9.637212287018809276e-02,4.385760332447828647e-02,0.000000000000000000e+00,0.000000000000000000e+00,0.000000000000000000e+00,0.000000000000000000e+00,0.000000000000000000e+00,0.000000000000000000e+00,0.000000000000000000e+00,3.941638025033174231e-02,6.636658801646366616e-03,9.662915129562842011e-04,0.000000000000000000e+00,0.000000000000000000e+00,1.092514025514786796e-02,0.000000000000000000e+00,0.000000000000000000e+00,1.270847858051137383e-02,0.000000000000000000e+00,0.000000000000000000e+00,5.792234378274558476e-02,9.520029704814629568e-02,0.000000000000000000e+00
2.694570131410419997e-02,0.000000000000000000e+00,1.455658367886801356e-02,0.000000000000000000e+00,1.179376462253409587e-04,7.303963090899630826e-03,5.844434647848106021e-04,0.000000000000000000e+00,1.329840242583810834e-04,0.000000000000000000e+00,3.934212835081870273e-03,1.650777761433094067e-03,0.000000000000000000e+00,0.000000000000000000e+00,3.130899560213534690e-05,0.000000000000000000e+00,2.812189658643726720e-02,9.248125391798689421e-02,2.547221827378868403e-02,0.000000000000000000e+00,9.938638369806726547e-03,0.000000000000000000e+00,0.000000000000000000e+00,0.000000000000000000e+00,0.000000000000000000e+00,0.000000000000000000e+00,0.000000000000000000e+00,0.000000000000000000e+00,0.000000000000000000e+00
0.000000000000000000e+00,3.649285654930178174e-02,4.440638651637573986e-03,0.000000000000000000e+00,1.181063419612189171e-02,1.155353686480141851e-03,0.000000000000000000e+00,0.000000000000000000e+00,0.000000000000000000e+00,0.000000000000000000e+00,0.000000000000000000e+00,0.000000000000000000e+00,0.000000000000000000e+00,0.000000000000000000e+00,0.000000000000000000e+00,0.000000000000000000e+00,0.000000000000000000e+00,0.000000000000000000e+00,0.000000000000000000e+00,0.000000000000000000e+00,0.000000000000000000e+00,0.000000000000000000e+00,0.000000000000000000e+00,3.513227761917277810e-03,0.000000000000000000e+00,0.000000000000000000e+00,2.621603814934024557e-02,0.000000000000000000e+00,0.000000000000000000e+00
1.546037170500526477e-02,1.461737113901023875e-03,0.000000000000000000e+00,2.745373421299406383e-02,0.000000000000000000e+00,8.291703610976374622e-03,0.000000000000000000e+00,0.000000000000000000e+00,0.000000000000000000e+00,4.921444362747114977e-03,0.000000000000000000e+00,0.000000000000000000e+00,2.697818017270273497e-02,0.000000000000000000e+00,8.857759716477054540e-03,0.000000000000000000e+00,0.000000000000000000e+00,0.000000000000000000e+00,0.000000000000000000e+00,0.000000000000000000e+00,3.273375140162994995e-02,6.177674470393696403e-03,0.000000000000000000e+00,9.996728725358458925e-03,2.216311503574266289e-02,0.000000000000000000e+00,0.000000000000000000e+00,9.152519770048901659e-02,0.000000000000000000e+00
1.031644693883485876e-02,0.000000000000000000e+00,0.000000000000000000e+00,0.000000000000000000e+00,0.000000000000000000e+00,0.000000000000000000e+00,4.280075360864331324e-02,6.714580752982946118e-04,0.000000000000000000e+00,2.804686156301855384e-03,0.000000000000000000e+00,0.000000000000000000e+00,0.000000000000000000e+00,0.000000000000000000e+00,0.000000000000000000e+00,0.000000000000000000e+00,0.000000000000000000e+00,1.030917748535259068e-02,0.000000000000000000e+00,0.000000000000000000e+00,3.804299356060610385e-03,0.000000000000000000e+00,0.000000000000000000e+00,0.000000000000000000e+00,1.051367627017199546e-01,0.000000000000000000e+00,1.295786893777604691e-02,2.115122223362831191e-02,0.000000000000000000e+00
0.000000000000000000e+00,1.812132006268590140e-02,1.271219371171888185e-02,0.000000000000000000e+00,4.058926916039980876e-02,0.000000000000000000e+00,0.000000000000000000e+00,0.000000000000000000e+00,0.000000000000000000e+00,0.000000000000000000e+00,0.000000000000000000e+00,0.000000000000000000e+00,0.000000000000000000e+00,0.000000000000000000e+00,0.000000000000000000e+00,0.000000000000000000e+00,0.000000000000000000e+00,0.000000000000000000e+00,0.000000000000000000e+00,0.000000000000000000e+00,0.000000000000000000e+00,0.000000000000000000e+00,2.026147997553499544e-02,1.294376920212690976e-02,0.000000000000000000e+00,0.000000000000000000e+00,0.000000000000000000e+00,6.084971464916273665e-03,0.000000000000000000e+00
0.000000000000000000e+00,0.000000000000000000e+00,0.000000000000000000e+00,0.000000000000000000e+00,0.000000000000000000e+00,0.000000000000000000e+00,0.000000000000000000e+00,0.000000000000000000e+00,0.000000000000000000e+00,1.062050785829356386e-01,0.000000000000000000e+00,0.000000000000000000e+00,0.000000000000000000e+00,0.000000000000000000e+00,0.000000000000000000e+00,0.000000000000000000e+00,0.000000000000000000e+00,0.000000000000000000e+00,4.866335955082104481e-02,0.000000000000000000e+00,1.124022227039316209e-02,0.000000000000000000e+00,0.000000000000000000e+00,1.124022441296549692e-02,0.000000000000000000e+00,0.000000000000000000e+00,0.000000000000000000e+00,0.000000000000000000e+00,0.000000000000000000e+00
0.000000000000000000e+00,2.216121843722375362e-02,0.000000000000000000e+00,2.643975648174958643e-02,1.105209508569503229e-02,0.000000000000000000e+00,0.000000000000000000e+00,0.000000000000000000e+00,1.238378025071431611e-02,1.141060194012955822e-03,0.000000000000000000e+00,0.000000000000000000e+00,0.000000000000000000e+00,0.000000000000000000e+00,1.997512009844628917e-03,0.000000000000000000e+00,5.059342998703158460e-05,0.000000000000000000e+00,3.983907554967552889e-03,0.000000000000000000e+00,1.407589935164666774e-02,0.000000000000000000e+00,5.129353620490661363e-04,9.124503940869646904e-03,0.000000000000000000e+00,0.000000000000000000e+00,0.000000000000000000e+00,0.000000000000000000e+00,0.000000000000000000e+00
2.205710322818487529e-02,9.942655736632779410e-04,5.190949646586696768e-03,0.000000000000000000e+00,8.735593451280369241e-04,0.000000000000000000e+00,5.316290580983816864e-07,7.766645814782765535e-03,0.000000000000000000e+00,0.000000000000000000e+00,0.000000000000000000e+00,0.000000000000000000e+00,9.636093011376337461e-03,0.000000000000000000e+00,6.265910520676355733e-03,0.000000000000000000e+00,1.883070591047841455e-03,1.201935710312197411e-03,0.000000000000000000e+00,0.000000000000000000e+00,5.265086824778344304e-02,0.000000000000000000e+00,0.000000000000000000e+00,1.039248878837578010e-03,2.289116717180943172e-02,0.000000000000000000e+00,0.000000000000000000e+00,0.000000000000000000e+00,0.000000000000000000e+00
2.007748628917285783e-02,0.000000000000000000e+00,0.000000000000000000e+00,1.678459094087805803e-02,1.373387131158538676e-03,0.000000000000000000e+00,2.043022864918752485e-02,2.636559089268935771e-02,0.000000000000000000e+00,3.737474975288021962e-03,8.345056255208696191e-03,0.000000000000000000e+00,0.000000000000000000e+00,1.112118114944698165e-02,9.409113866371800888e-03,8.744560988477945163e-02,0.000000000000000000e+00,7.764943304288460376e-04,0.000000000000000000e+00,0.000000000000000000e+00,2.991298450176745581e-03,0.000000000000000000e+00,0.000000000000000000e+00,6.697276140698133970e-03,9.427782934393809725e-03,0.000000000000000000e+00,1.080207704652070546e-03,9.910874914530571136e-03,0.000000000000000000e+00
2.967291793749676602e-03,7.206444445671105490e-04,0.000000000000000000e+00,0.000000000000000000e+00,1.847971025821519911e-02,0.000000000000000000e+00,0.000000000000000000e+00,0.000000000000000000e+00,0.000000000000000000e+00,1.651549307633750491e-02,0.000000000000000000e+00,0.000000000000000000e+00,0.000000000000000000e+00,0.000000000000000000e+00,0.000000000000000000e+00,0.000000000000000000e+00,0.000000000000000000e+00,3.153128140716859439e-03,1.685043880617595772e-04,0.000000000000000000e+00,1.874389281353477585e-02,0.000000000000000000e+00,4.952084707368321903e-02,0.000000000000000000e+00,1.479033895235362011e-03,0.000000000000000000e+00,1.682376918620441530e-02,0.000000000000000000e+00,0.000000000000000000e+00
2.556929659216957817e-03,1.707287062741488781e-02,0.000000000000000000e+00,2.216889249187060235e-02,0.000000000000000000e+00,1.058246328507366808e-02,0.000000000000000000e+00,0.000000000000000000e+00,0.000000000000000000e+00,0.000000000000000000e+00,0.000000000000000000e+00,0.000000000000000000e+00,0.000000000000000000e+00,0.000000000000000000e+00,0.000000000000000000e+00,0.000000000000000000e+00,1.978511434153259422e-03,3.470346493967500605e-03,2.213544082140915612e-03,0.000000000000000000e+00,4.481102851265988257e-02,9.989229829674850739e-07,5.489470510790176849e-04,0.000000000000000000e+00,0.000000000000000000e+00,0.000000000000000000e+00,4.071947147863160324e-03,0.000000000000000000e+00,0.000000000000000000e+00
0.000000000000000000e+00,1.750021365539406251e-02,1.740554146295273481e-03,7.924655147512892918e-05,1.024787539981305770e-02,1.100462048583738115e-05,0.000000000000000000e+00,0.000000000000000000e+00,5.007474209729599612e-03,4.733571660533500078e-03,0.000000000000000000e+00,0.000000000000000000e+00,0.000000000000000000e+00,0.000000000000000000e+00,6.361679284950804997e-04,0.000000000000000000e+00,0.000000000000000000e+00,0.000000000000000000e+00,0.000000000000000000e+00,0.000000000000000000e+00,7.797629473564425019e-03,0.000000000000000000e+00,1.437957370862638119e-02,2.380427221187090409e-02,0.000000000000000000e+00,0.000000000000000000e+00,1.896701829268302233e-02,2.837642333687450964e-03,0.000000000000000000e+00
5.515651777448651134e-04,0.000000000000000000e+00,1.295837882304229187e-02,1.657448335397044420e-02,2.417707549256608787e-03,3.500892306109349567e-02,5.797375947361586325e-04,0.000000000000000000e+00,0.000000000000000000e+00,3.779857694666122550e-03,0.000000000000000000e+00,0.000000000000000000e+00,1.602553347423610547e-03,0.000000000000000000e+00,7.202741821873355531e-04,6.617391345276565397e-04,0.000000000000000000e+00,0.000000000000000000e+00,0.000000000000000000e+00,0.000000000000000000e+00,2.363373248339749322e-02,4.487280858420233075e-03,1.150209492626813601e-03,1.928966203192578055e-02,9.713631428008146634e-03,0.000000000000000000e+00,1.783440711490455162e-03,0.000000000000000000e+00,0.000000000000000000e+00
0.000000000000000000e+00,0.000000000000000000e+00,0.000000000000000000e+00,0.000000000000000000e+00,0.000000000000000000e+00,0.000000000000000000e+00,0.000000000000000000e+00,0.000000000000000000e+00,0.000000000000000000e+00,1.483121823932403299e-02,0.000000000000000000e+00,0.000000000000000000e+00,7.241831667043019394e-02,3.222214738432719466e-02,3.197187437067346150e-02,0.000000000000000000e+00,0.000000000000000000e+00,0.000000000000000000e+00,2.023099467452361619e-02,0.000000000000000000e+00,0.000000000000000000e+00,1.049546434753139898e-02,0.000000000000000000e+00,0.000000000000000000e+00,2.731518575003058502e-02,0.000000000000000000e+00,0.000000000000000000e+00,1.874988988164105752e-01,0.000000000000000000e+00
1.889703652102505196e-03,1.410362120031889125e-04,0.000000000000000000e+00,1.471033387216642146e-02,1.605149283366874612e-03,6.719572550852048048e-03,6.205596193433618804e-04,0.000000000000000000e+00,0.000000000000000000e+00,4.549468940660200862e-03,0.000000000000000000e+00,0.000000000000000000e+00,0.000000000000000000e+00,0.000000000000000000e+00,4.616875085267108255e-04,3.892608713690162616e-03,5.090188637320344767e-03,0.000000000000000000e+00,2.133448780595649345e-03,0.000000000000000000e+00,4.634330721258653890e-02,4.737451906907812899e-03,1.751721044046322673e-02,1.144599833572627727e-02,6.338774119060404909e-03,0.000000000000000000e+00,0.000000000000000000e+00,5.392484508568584287e-03,0.000000000000000000e+00
0.000000000000000000e+00,3.677684453288222050e-02,0.000000000000000000e+00,2.418931384649805529e-04,1.292813927832920002e-04,0.000000000000000000e+00,0.000000000000000000e+00,0.000000000000000000e+00,1.642170447213332481e-04,0.000000000000000000e+00,0.000000000000000000e+00,0.000000000000000000e+00,0.000000000000000000e+00,0.000000000000000000e+00,3.227375665935686361e-04,0.000000000000000000e+00,1.029734169390911572e-02,2.160132136735502822e-06,1.512470542190046899e-03,0.000000000000000000e+00,8.289149777029823293e-03,0.000000000000000000e+00,7.957804938213231677e-03,0.000000000000000000e+00,0.000000000000000000e+00,0.000000000000000000e+00,0.000000000000000000e+00,0.000000000000000000e+00,0.000000000000000000e+00
0.000000000000000000e+00,6.929471692515718796e-03,0.000000000000000000e+00,0.000000000000000000e+00,0.000000000000000000e+00,0.000000000000000000e+00,0.000000000000000000e+00,0.000000000000000000e+00,0.000000000000000000e+00,7.520584944154439823e-03,0.000000000000000000e+00,0.000000000000000000e+00,7.122775730323871457e-02,2.565961844682666110e-02,2.910123688807716991e-02,0.000000000000000000e+00,1.903249446537320878e-03,0.000000000000000000e+00,0.000000000000000000e+00,0.000000000000000000e+00,0.000000000000000000e+00,0.000000000000000000e+00,0.000000000000000000e+00,8.085778681781879713e-04,0.000000000000000000e+00,0.000000000000000000e+00,0.000000000000000000e+00,1.923699349481257925e-01,0.000000000000000000e+00
3.221659279642751644e-03,0.000000000000000000e+00,5.167140656371676166e-04,3.924938633018147660e-02,0.000000000000000000e+00,2.632468679843195936e-02,0.000000000000000000e+00,0.000000000000000000e+00,8.228138076452982952e-02,3.746073930553169701e-02,3.831163084006796588e-03,0.000000000000000000e+00,0.000000000000000000e+00,1.516461207128445236e-03,0.000000000000000000e+00,0.000000000000000000e+00,0.000000000000000000e+00,0.000000000000000000e+00,9.449993078942038952e-03,0.000000000000000000e+00,0.000000000000000000e+00,7.981969682511833725e-04,0.000000000000000000e+00,1.323093166954293805e-02,0.000000000000000000e+00,0.000000000000000000e+00,1.343909013046253043e-02,0.000000000000000000e+00,0.000000000000000000e+00
0.000000000000000000e+00,0.000000000000000000e+00,0.000000000000000000e+00,0.000000000000000000e+00,0.000000000000000000e+00,0.000000000000000000e+00,4.378155077135171408e-02,0.000000000000000000e+00,0.000000000000000000e+00,4.402052359463717521e-03,0.000000000000000000e+00,0.000000000000000000e+00,0.000000000000000000e+00,0.000000000000000000e+00,0.000000000000000000e+00,0.000000000000000000e+00,0.000000000000000000e+00,1.027500182277300833e-02,0.000000000000000000e+00,0.000000000000000000e+00,2.213968971634157866e-03,0.000000000000000000e+00,0.000000000000000000e+00,0.000000000000000000e+00,8.328347617919547308e-02,0.000000000000000000e+00,1.414944928953617252e-02,1.745114914635492731e-02,0.000000000000000000e+00
7.791483129121959395e-02,0.000000000000000000e+00,0.000000000000000000e+00,0.000000000000000000e+00,0.000000000000000000e+00,0.000000000000000000e+00,0.000000000000000000e+00,0.000000000000000000e+00,0.000000000000000000e+00,0.000000000000000000e+00,0.000000000000000000e+00,0.000000000000000000e+00,0.000000000000000000e+00,0.000000000000000000e+00,0.000000000000000000e+00,1.999781238682911931e-03,0.000000000000000000e+00,0.000000000000000000e+00,0.000000000000000000e+00,0.000000000000000000e+00,1.437020419604859989e-01,0.000000000000000000e+00,0.000000000000000000e+00,0.000000000000000000e+00,0.000000000000000000e+00,0.000000000000000000e+00,0.000000000000000000e+00,0.000000000000000000e+00,0.000000000000000000e+00
1.258910545520267651e-03,0.000000000000000000e+00,0.000000000000000000e+00,8.231265820190309312e-04,3.604227862477082627e-07,7.180188846686206064e-03,7.654657614560102241e-02,3.696726936469250241e-02,0.000000000000000000e+00,0.000000000000000000e+00,0.000000000000000000e+00,0.000000000000000000e+00,0.000000000000000000e+00,0.000000000000000000e+00,0.000000000000000000e+00,3.338739558900932769e-02,1.430740458172370319e-02,4.137317185043605169e-03,0.000000000000000000e+00,0.000000000000000000e+00,3.245719828704606989e-04,0.000000000000000000e+00,0.000000000000000000e+00,1.048694699570264753e-02,0.000000000000000000e+00,0.000000000000000000e+00,4.896665046604272570e-02,4.377724833282645861e-02,0.000000000000000000e+00
0.000000000000000000e+00,0.000000000000000000e+00,4.109863324943381288e-03,0.000000000000000000e+00,0.000000000000000000e+00,0.000000000000000000e+00,0.000000000000000000e+00,0.000000000000000000e+00,0.000000000000000000e+00,0.000000000000000000e+00,8.687074212061277750e-03,2.829205830299069135e-01,7.590318737639611957e-02,0.000000000000000000e+00,2.853752180757169129e-05,0.000000000000000000e+00,1.818560706223194389e-03,0.000000000000000000e+00,0.000000000000000000e+00,2.299688400207865746e-01,0.000000000000000000e+00,0.000000000000000000e+00,1.844637805359198787e-02,0.000000000000000000e+00,0.000000000000000000e+00,0.000000000000000000e+00,0.000000000000000000e+00,7.814720191723951645e-03,0.000000000000000000e+00
6.789134316686771045e-03,3.257594509226445674e-03,0.000000000000000000e+00,1.360735718339778008e-02,0.000000000000000000e+00,2.894280572032922709e-03,0.000000000000000000e+00,0.000000000000000000e+00,0.000000000000000000e+00,7.361755163070111876e-04,0.000000000000000000e+00,0.000000000000000000e+00,3.052533469028264820e-02,0.000000000000000000e+00,9.779255347341565818e-03,0.000000000000000000e+00,0.000000000000000000e+00,0.000000000000000000e+00,0.000000000000000000e+00,0.000000000000000000e+00,3.305355755558263275e-02,4.512768402722902236e-03,0.000000000000000000e+00,2.313740822694703488e-03,1.074261709970586801e-02,0.000000000000000000e+00,0.000000000000000000e+00,8.758489904826757821e-02,0.000000000000000000e+00
2.499984191307550938e-02,0.000000000000000000e+00,0.000000000000000000e+00,0.000000000000000000e+00,3.713865635546424303e-04,0.000000000000000000e+00,0.000000000000000000e+00,0.000000000000000000e+00,0.000000000000000000e+00,9.895072647623456147e-03,0.000000000000000000e+00,0.000000000000000000e+00,0.000000000000000000e+00,0.000000000000000000e+00,0.000000000000000000e+00,1.199434631983270060e-03,0.000000000000000000e+00,6.084557314016011097e-03,0.000000000000000000e+00,0.000000000000000000e+00,7.901677369784162672e-03,2.125843982817184064e-04,5.616644182107635025e-03,0.000000000000000000e+00,6.003267222942286485e-02,0.000000000000000000e+00,0.000000000000000000e+00,0.000000000000000000e+00,0.000000000000000000e+00
3.466114189827730618e-02,0.000000000000000000e+00,3.189468462062978581e-03,0.000000000000000000e+00,0.000000000000000000e+00,0.000000000000000000e+00,0.000000000000000000e+00,5.277603852467984726e-03,0.000000000000000000e+00,0.000000000000000000e+00,0.000000000000000000e+00,0.000000000000000000e+00,5.828157568960195406e-03,0.000000000000000000e+00,0.000000000000000000e+00,2.554940050686304882e-03,0.000000000000000000e+00,8.550661190239280257e-03,0.000000000000000000e+00,0.000000000000000000e+00,4.317056362580825452e-02,0.000000000000000000e+00,0.000000000000000000e+00,0.000000000000000000e+00,9.848533409282513723e-03,0.000000000000000000e+00,0.000000000000000000e+00,0.000000000000000000e+00,0.000000000000000000e+00
0.000000000000000000e+00,6.221649988262630687e-03,0.000000000000000000e+00,2.276628311894635104e-02,1.024886485556715000e-02,1.249726087128342697e-02,1.537169216309013195e-04,0.000000000000000000e+00,0.000000000000000000e+00,0.000000000000000000e+00,0.000000000000000000e+00,0.000000000000000000e+00,4.606632236430947564e-04,0.000000000000000000e+00,2.756030743556729926e-08,0.000000000000000000e+00,3.939340217883498946e-03,0.000000000000000000e+00,7.606539175958140254e-04,0.000000000000000000e+00,8.077689795412732951e-03,7.949276433210947061e-04,0.000000000000000000e+00,1.047233756770390989e-02,0.000000000000000000e+00,0.000000000000000000e+00,0.000000000000000000e+00,0.000000000000000000e+00,0.000000000000000000e+00
2.668848878466823643e-02,0.000000000000000000e+00,2.386708256642806967e-04,0.000000000000000000e+00,0.000000000000000000e+00,0.000000000000000000e+00,0.000000000000000000e+00,9.432189417413229391e-06,0.000000000000000000e+00,0.000000000000000000e+00,0.000000000000000000e+00,0.000000000000000000e+00,0.000000000000000000e+00,0.000000000000000000e+00,0.000000000000000000e+00,1.300334742926106913e-03,0.000000000000000000e+00,7.774496548050587215e-03,1.816898192341051240e-03,0.000000000000000000e+00,5.317745529685129896e-02,0.000000000000000000e+00,9.176207783012437251e-04,0.000000000000000000e+00,1.425810165328418773e-04,0.000000000000000000e+00,0.000000000000000000e+00,0.000000000000000000e+00,0.000000000000000000e+00
1.031261940965359954e-02,1.411081678648901279e-02,0.000000000000000000e+00,2.537962840566271479e-03,0.000000000000000000e+00,0.000000000000000000e+00,0.000000000000000000e+00,0.000000000000000000e+00,0.000000000000000000e+00,0.000000000000000000e+00,0.000000000000000000e+00,0.000000000000000000e+00,0.000000000000000000e+00,0.000000000000000000e+00,0.000000000000000000e+00,6.952510153573982811e-03,6.768160819825724817e-02,5.934861917549332649e-02,0.000000000000000000e+00,0.000000000000000000e+00,0.000000000000000000e+00,0.000000000000000000e+00,0.000000000000000000e+00,0.000000000000000000e+00,0.000000000000000000e+00,0.000000000000000000e+00,0.000000000000000000e+00,0.000000000000000000e+00,0.000000000000000000e+00
