0.05805396565821749 0.9411283728536386 8.176614881439084E-4 
0.0028328611898017003 0.9943342776203967 0.0028328611898017003 
0.1672203765227021 0.2668881506090809 0.5658914728682171 
0.2846988402543958 0.2809577254021698 0.4343434343434343 
0.013530135301353016 0.985239852398524 0.0012300123001230013 
0.6153071500503525 0.0715005035246727 0.31319234642497484 
0.006384213580963436 0.9930354033662216 5.803830528148578E-4 
0.001049317943336831 0.7880377754459601 0.21091290661070305 
0.0013106159895150723 0.9973787680209698 0.0013106159895150723 
0.9148494288681204 0.001038421599169263 0.08411214953271028 
0.0034129692832764505 0.515358361774744 0.4812286689419795 
0.0021598272138228943 0.9956803455723543 0.0021598272138228943 
0.9923954372623575 0.0038022813688212928 0.0038022813688212928 
0.001107419712070875 0.9977851605758582 0.001107419712070875 
0.0015797788309636653 0.9968404423380728 0.0015797788309636653 
0.01075268817204301 0.4408602150537634 0.5483870967741935 
0.0070830650354153256 0.8570508692852542 0.13586606567933032 
0.0011325028312570782 0.9977349943374858 0.0011325028312570782 
9.68054211035818E-4 0.9787028073572119 0.02032913843175218 
9.68054211035818E-4 0.9980638915779283 9.68054211035818E-4 
4.361098996947231E-4 0.7985172263410378 0.20104666375926733 
0.020937188434695914 0.2103688933200399 0.7686939182452641 
0.0011198208286674132 0.9977603583426652 0.0011198208286674132 
0.001605136436597111 0.9967897271268058 0.001605136436597111 
0.001485884101040119 0.9227340267459139 0.07578008915304606 
5.977286312014345E-4 0.9928272564255827 0.00657501494321578 
0.0026109660574412537 0.9947780678851176 0.0026109660574412537 
0.0031948881789137383 0.9936102236421726 0.0031948881789137383 
0.002915451895043732 0.9650145772594754 0.032069970845481056 
7.178750897343862E-4 0.6468054558506819 0.35247666905958364 
0.030303030303030304 0.9687194525904202 9.775171065493646E-4 
0.008130081300813007 0.9024390243902438 0.08943089430894309 
0.024333719582850525 0.20973348783314022 0.7659327925840093 
0.17871759890859482 0.6971350613915417 0.12414733969986358 
0.0013106159895150723 0.9973787680209698 0.0013106159895150723 
0.002421307506053269 0.9709443099273609 0.02663438256658596 
0.002421307506053269 0.9709443099273609 0.02663438256658596 
0.010156971375807943 0.5272391505078486 0.4626038781163435 
0.00129366106080207 0.9974126778783958 0.00129366106080207 
0.0016583747927031512 0.7313432835820897 0.26699834162520736 
0.0012453300124533003 0.2627646326276464 0.7359900373599004 
0.004694835680751174 0.9906103286384977 0.004694835680751174 
0.03201506591337099 0.5216572504708097 0.44632768361581915 
0.011077542799597181 0.4340382678751259 0.5548841893252769 
0.0010070493454179255 0.9979859013091641 0.0010070493454179255 
5.254860746190226E-4 0.6573830793483972 0.34209143457698366 
0.0010604453870625664 0.9978791092258749 0.0010604453870625664 
0.1290134267367192 0.5259778166958552 0.3450087565674256 
0.004484304932735426 0.946188340807175 0.04932735426008969 
6.835269993164729E-4 0.9097744360902255 0.08954203691045795 
0.0297466030113845 0.8303341902313625 0.13991920675725303 
0.0014430014430014432 0.621933621933622 0.37662337662337664 
0.017107309486780718 0.7480559875583205 0.23483670295489892 
7.501875468867217E-4 0.9984996249062265 7.501875468867217E-4 
0.5037720033528919 0.05113160100586756 0.4450963956412406 
6.317119393556538E-4 0.8597599494630448 0.1396083385975995 
0.0028328611898017003 0.9943342776203967 0.0028328611898017003 
0.001145475372279496 0.10423825887743414 0.8946162657502863 
0.05713204691638289 0.6095346197502837 0.3333333333333333 
5.094243504839531E-4 0.998981151299032 5.094243504839531E-4 
6.317119393556538E-4 0.9987365761212886 6.317119393556538E-4 
0.49467570183930304 0.43659244917715395 0.06873184898354308 
0.5676810073452256 0.17943336831059814 0.25288562434417633 
7.501875468867217E-4 0.9384846211552887 0.06076519129782445 
0.3674963396778917 0.0014641288433382138 0.6310395314787702 
0.0016863406408094436 0.9966273187183812 0.0016863406408094436 
0.0012004801920768309 0.9975990396158463 0.0012004801920768309 
0.0010172939979654122 0.9979654120040692 0.0010172939979654122 
0.0010604453870625664 0.8494167550371156 0.14952279957582185 
0.001422475106685633 0.32859174964438126 0.6699857752489332 
0.42342342342342343 0.0030030030030030034 0.5735735735735736 
0.05483028720626632 0.7859007832898173 0.15926892950391644 
0.0010172939979654122 0.9267548321464903 0.07222787385554424 
0.0018416206261510132 0.9963167587476981 0.0018416206261510132 
0.0017761989342806397 0.9964476021314388 0.0017761989342806397 
0.0016863406408094436 0.9966273187183812 0.0016863406408094436 
8.984725965858042E-4 0.9982030548068284 8.984725965858042E-4 
0.1094257854821235 0.06608884073672806 0.8244853737811484 
7.79423226812159E-4 0.6866718628215119 0.3125487139516757 
0.0026109660574412537 0.8642297650130549 0.13315926892950392 
0.02397525135344161 0.9752513534416085 7.733952049497292E-4 
0.004694835680751174 0.4741784037558685 0.5211267605633803 
0.09957924263674614 0.8849929873772792 0.015427769985974756 
0.06081754735792622 0.938185443668993 9.970089730807579E-4 
0.0017152658662092626 0.9965694682675815 0.0017152658662092626 
0.002754820936639119 0.9944903581267219 0.002754820936639119 
0.002544529262086514 0.15521628498727735 0.8422391857506363 
0.008130081300813007 0.8211382113821137 0.17073170731707316 
0.0013106159895150723 0.9973787680209698 0.0013106159895150723 
0.051359516616314195 0.9274924471299093 0.021148036253776436 
0.7278106508875739 0.01775147928994083 0.25443786982248523 
0.2805219012115564 0.45759552656104385 0.26188257222739986 
0.005780346820809248 0.9884393063583815 0.005780346820809248 
0.0011862396204033216 0.9976275207591934 0.0011862396204033216 
0.0013280212483399736 0.99734395750332 0.0013280212483399736 
