4.723074671816449022e-02,2.244701117922235506e-02,1.682391707777781964e-02,4.093502696933735280e-03,2.683410994554835671e-02,4.065684146156274548e-02,9.909210708241097607e-03,6.872943272227004241e-03,2.844404729001213591e-02,5.900337049587627003e-02,2.313799932452777555e-02,5.536610609743246314e-02,2.799609542895439840e-02,4.613878359150157260e-02,3.563895048492503326e-02,2.127741566379356616e-02,1.535039923830633889e-02,2.536050415912307135e-02,1.069852133011843509e-02,4.098007914490992692e-02,1.803361610840570686e-02,8.663209668908000705e-02,2.243860641255330038e-02,3.336961000495387158e-02,5.684643666735312434e-03,3.300784808731397485e-02,2.345285634109636405e-02,2.001177568804686849e-02,2.317002220650470068e-02,5.275415036028252569e-02,5.572879242739252337e-02,7.318009715236287183e-03
6.842322563591950180e-02,2.352395856247329470e-02,1.645366656958349369e-02,2.505770404175582111e-02,1.627902178164645705e-02,4.281780852615914290e-02,1.525575782186702756e-02,3.094989044873839093e-02,5.574998989985572445e-02,5.817814819878130289e-02,2.946918976563626252e-02,6.938572342768439816e-02,2.706064148420450621e-02,3.787956088548861955e-02,1.263218654105734834e-02,1.674438037323937312e-02,2.130653327508444730e-02,1.430208177306004427e-02,3.881206955777750239e-02,1.644422194903577550e-02,2.881270095700451048e-02,6.556734474310065008e-02,2.447994573419145017e-02,1.234072522582715416e-02,4.453774482028612092e-03,2.836215815358561487e-02,2.294229069933587453e-02,2.735139858921288580e-02,2.341109088795427506e-02,1.637881035154541143e-02,2.562704739899651987e-02,2.075586389345310256e-03
5.369580613042997108e-03,3.917364610969208821e-03,1.290797041101696477e-02,5.705479303192648177e-02,3.700680548786017959e-03,4.991725043039563908e-03,3.071069225444112913e-02,4.127621918432478748e-02,3.640689911663055195e-02,2.091006477295936222e-02,9.129626913266215837e-02,3.223809356813391036e-02,6.944515345820811286e-03,7.810461813279177823e-03,1.572740124103231760e-02,1.102814590572625958e-01,4.608154171841750968e-02,1.205291836640828493e-02,2.468770547499137338e-02,3.722203529938412914e-02,5.055496638208849952e-03,3.852826308910484165e-04,5.897793975973029956e-02,4.732912249732924154e-02,4.663338838489949206e-02,1.826787315501923400e-02,2.165756489212521813e-02,1.118752079258280435e-01,7.998019445817186601e-02,3.926739299052583315e-03,5.646926186256912700e-03,1.327936086077945166e-03
2.778541166680734836e-02,3.269602302268633659e-02,5.577179191495140048e-02,3.436600016380356171e-02,7.520212140795731054e-03,2.550969054838375660e-02,2.643996906338819119e-02,3.566978738378838443e-02,3.636100544999102541e-02,5.490425269796329194e-02,4.242657597171835965e-02,1.333070310641221862e-02,3.947960517916666856e-02,5.536310140343836395e-04,1.024922049166768906e-01,3.179597681042195534e-02,3.087624127138811903e-02,1.157883823469867124e-02,4.037623878630317020e-02,2.076077478888315592e-02,8.416130191468786104e-03,9.897959580388721035e-03,3.474698761394170998e-02,7.618161331521398905e-03,3.760988159550995857e-02,1.099938080348564218e-02,3.527720636987635022e-02,3.994014091141325634e-02,3.054621649532460181e-02,7.066247879090625794e-02,6.651242182725147778e-02,3.785125303267170005e-02
5.074991553193543281e-02,7.915195126435646544e-03,1.448846595839441490e-02,2.316251222051721875e-02,4.337251744077254972e-03,1.738192081144837586e-02,1.080619464282046686e-02,3.080675683543362964e-02,5.842522350192439623e-02,2.434592756728371638e-02,2.898848096280451717e-02,3.302893623759156627e-03,2.978658360097075422e-02,2.500622830691166462e-02,1.052344243118338157e-03,3.426653576911197624e-03,2.801280914380077647e-02,1.757111949944052676e-02,4.011457509797945742e-02,6.084247943152466809e-03,4.797896623922627557e-02,1.563625949012110994e-03,2.534572015756728774e-02,4.948128221301164448e-03,4.228106915043046421e-02,1.309136978415272740e-02,3.033306963993654196e-02,3.394211918573883380e-02,2.575818024905163206e-02,8.576469070733547251e-03,4.547653431505760402e-03,4.752003132309261940e-03
2.120274554597515598e-02,6.322004980973718047e-04,4.343793045617713039e-03,4.716280963672776078e-02,1.665347521963227509e-02,1.862533311486276252e-02,3.279903171456596128e-02,7.607749109902435525e-02,2.601927275162442543e-02,3.202010837747281541e-02,9.987504993275087006e-02,4.300092154193912303e-02,2.419953379131637577e-02,2.268917023564269442e-02,3.104524356049867539e-02,1.239245412637069998e-01,4.583060736017065262e-02,5.149383510797488073e-03,5.863279059790435510e-03,1.069027402583514960e-02,1.231755426967320356e-02,3.456794748731353839e-02,9.096172137215566278e-02,2.683745004647879878e-02,7.210139165374218617e-04,2.171319035614550919e-03,2.435394922286747421e-03,1.358458038374834587e-01,7.441308409922454958e-02,3.070389436982309123e-02,2.206278445943764613e-02,1.030631499868210621e-02
2.528352614760302763e-03,2.819273562851700582e-02,2.894775944989082250e-03,2.336354168196811548e-02,3.963258416826688502e-03,6.135117063332945486e-04,1.671339466800177143e-02,2.623089058301170118e-02,3.046671455189096933e-02,3.419383492994416268e-02,3.221614207881789982e-02,1.481051694331889448e-02,2.103038848046730538e-02,5.079602627508693347e-03,1.583062042262973340e-02,2.346966773705803228e-02,2.049399298153645188e-02,5.817334332560659960e-03,2.264969204761467861e-02,1.357840931619146499e-02,1.217178974696070219e-02,1.190033336994826552e-02,2.684673124512125530e-02,2.420887100416987264e-03,3.273723002857157477e-02,8.978607835839130108e-03,2.547102483410872142e-02,2.751314088486297646e-02,1.992186871478964991e-02,2.940197642022779681e-02,9.988825727242276603e-03,2.991159469610145741e-02
2.977737913257231736e-02,1.827889985073480328e-02,9.632189803400678652e-03,7.416941627531259407e-03,2.637857549014848910e-02,4.641771452943720122e-03,2.021123615126159054e-02,2.885731288435528646e-02,2.643012620739553648e-02,3.264240977848623104e-02,2.369500714545380929e-02,6.722143718909087684e-02,2.603624303508198651e-02,3.737024069181592995e-03,3.398037491757818079e-03,1.910171129077645191e-02,1.831943225984083989e-02,1.011886093740555631e-02,7.677863283720578330e-03,1.613689410881657266e-02,7.487262554172537457e-03,6.448617525874379697e-02,2.521854640259442101e-02,8.617485457928933737e-03,2.886826552672499061e-02,9.772079339901311446e-03,1.908909620859498488e-02,2.597355261138354493e-02,2.034726325627421797e-02,2.104363183042460422e-02,1.340853137766387718e-02,1.455459017673551778e-02
1.023668424502543507e-02,1.039305569826251274e-01,1.616248986083998820e-02,3.905442639688773421e-02,5.810209914983189422e-02,3.419701802909350802e-03,6.100893090189055123e-02,5.735917011340455063e-02,6.631135713377160623e-02,2.061795832424781830e-02,1.835156449055045172e-02,1.390924984472647133e-02,4.230275820515790736e-02,4.189755957295395600e-03,1.588272374245808943e-02,1.313186159427969513e-01,1.077777583498696484e-02,3.164289533840259488e-02,6.075844691432168154e-02,7.946660045330067312e-03,8.582593930197245091e-02,2.494196420911410500e-03,1.251157631341971166e-01,3.424286408228907619e-02,4.741949819958449913e-02,6.485512290585606493e-03,5.853429444581112473e-02,7.162589563286653888e-03,3.042618790843586163e-02,6.370292277787438506e-03,7.411015232153058893e-03,4.048612816782057311e-02
3.236286717419643855e-02,4.674892128860988483e-02,6.247065406148905042e-02,1.046007403644124562e-02,4.945753119490619437e-03,3.720579590608293769e-02,3.034431467676486360e-02,2.784250610762739955e-02,2.978646385177450423e-02,3.056870615097144472e-02,3.179734206167517119e-02,6.028491837007279863e-03,6.004774944140379295e-02,1.520328794667078105e-02,1.542611859723089403e-02,1.661878027563927149e-02,2.752503955945949030e-02,2.565729669183345468e-02,2.916856531669243316e-02,3.671981008237923394e-02,3.955253006905285959e-03,2.248265726111531651e-02,2.173966079226356818e-02,3.597715726542653758e-03,4.255611807253688317e-02,3.019910210732260417e-02,2.765633240532402309e-02,3.481663447459454330e-02,2.464539747145473927e-02,1.470030114501241769e-02,1.042037786764484636e-02,5.151007097790828715e-02
2.572563725515531613e-02,2.388871785397317371e-03,2.545986631079341644e-03,5.370507253722441032e-02,1.988362606956616679e-02,1.965660098143803131e-02,2.221746108582234314e-02,2.887764023666397617e-02,3.065389818822044157e-02,3.144867887987976007e-02,8.123005461380253256e-02,3.987586793935312540e-02,5.972814954249838770e-04,2.208257268910793908e-02,3.029291593822201756e-02,9.777858308768372364e-02,3.188905521501744084e-02,3.242582130533119833e-04,3.403838147474934350e-03,6.126941847169463384e-03,1.462288243382626508e-02,3.707680402424527732e-02,5.120213169732577146e-02,1.340422660630546936e-02,3.693991618872669025e-04,1.101642995102215805e-02,2.761908383933815020e-02,1.032049884955974217e-01,7.593487958868108678e-02,3.363654757169073223e-02,2.817405512650080976e-02,2.236376332009857443e-02
2.912523108758237680e-02,3.551643780627476016e-03,5.579668590737111439e-03,2.592013555986281970e-03,7.784893087460387218e-03,6.035614553990476666e-03,5.680980219750070975e-03,1.950081623615234488e-02,3.421907874698451590e-02,4.156146163533047666e-03,2.442588116102785076e-02,3.645126268521648588e-02,9.237240947488064430e-03,1.505176792542199660e-02,2.195891661286152041e-02,6.500468211721316392e-04,2.351028989290411195e-02,1.068449193286349908e-02,1.837267872171324118e-02,2.211715631661318252e-02,2.861645708588091488e-02,2.137937563701206023e-02,4.718498227471716600e-03,5.739634929037003980e-03,3.706529934537753507e-02,1.127457010172378329e-02,5.720190594657189459e-02,2.817194874160119933e-02,7.305961722600803898e-02,1.669902241922290032e-02,1.743306133400580535e-02,2.981763113696151227e-02
1.682048919794448816e-02,2.590703952588735426e-02,1.594037061437292638e-02,3.005555406139820418e-02,7.957994464939666113e-05,3.227378710165729192e-02,2.383012877554698331e-02,4.203166118176206167e-02,3.845699493712012584e-02,3.551306113516867341e-02,4.607779729641522243e-02,3.432815493475564056e-02,2.309705038522230636e-02,5.165090342825418013e-03,3.048729034718717854e-02,5.072714241130940604e-03,8.714655816351619955e-04,3.251964507190347603e-02,3.235700499979773936e-03,1.803256324245516851e-02,1.323398895964513454e-02,2.242643600867522125e-02,3.211252640429800020e-02,1.399042166940771617e-02,4.181002702664235460e-02,5.826126529583822156e-03,1.392624074425248271e-01,3.655228660548199421e-03,2.166647972949569886e-02,1.556538833577257586e-02,1.732415553940779701e-02,7.513342714485449214e-03
9.003813163566548594e-03,3.032840757706532775e-02,1.970072726308003466e-02,2.817640053928137031e-02,3.307327035457065939e-02,1.845257156205392518e-02,3.033538812906845517e-02,3.525505731507050378e-02,3.539454850112880996e-02,6.638720611155654594e-03,3.226341506157053701e-02,4.273307262044320071e-02,2.888080640152486042e-02,7.311305002592929925e-03,2.360010514553078503e-02,2.264147511671903146e-02,2.958159051360072581e-02,1.272514249438604778e-02,1.649747502695986245e-02,2.226164641574777947e-02,2.691437716568506958e-02,3.464445639272529381e-02,2.635649686143568329e-02,2.293221124778007172e-02,3.861681174807725381e-02,2.062460692341838361e-02,2.655864880199983527e-02,3.217037905983140267e-02,3.185386071457178836e-02,1.892335694165882959e-03,7.786753017875625016e-03,1.955692914097728954e-02
3.015843123030656492e-02,9.157783120363988116e-02,1.756410875498094076e-03,1.556971139663534259e-02,4.249813600975095584e-02,2.461808677674478044e-02,4.471014599637411491e-02,6.998325831732384039e-02,5.186192656164236719e-02,3.570388274184600058e-02,3.953812802159953343e-02,3.724218623072317325e-02,7.027498515934424428e-02,1.272581606217351724e-02,2.991756706158971157e-02,1.033721675504954141e-01,1.205821200700404883e-02,2.118558651624148637e-02,3.354614727275252034e-02,1.365768651799615860e-02,1.267348115990891283e-02,2.789910198220153445e-02,1.387187068578504823e-01,2.111983077197290490e-02,2.631087642827670270e-04,1.856323431882313246e-02,8.162212002793610421e-02,1.228043486129968415e-02,2.107398762355609453e-02,2.463779775758225682e-02,2.451703712951924796e-02,7.358508386754378239e-04
2.421053527040643166e-02,2.402034775081576118e-03,2.249960426817318102e-02,2.547998062845118622e-02,2.034901777068110623e-02,1.765653397531606605e-02,1.804156597726488953e-02,2.704644671791705743e-02,6.057821338964761160e-02,9.224632729126006070e-04,3.205420027403560468e-02,2.991715002635729481e-02,2.773550379740298208e-02,6.443881656344380149e-03,6.996007659034964021e-03,1.733220673922400423e-02,2.336590702161164476e-02,4.132848120818297805e-03,1.319769043693415009e-02,1.009170013576906125e-02,2.853328304030738893e-02,6.829399094728148822e-03,2.471247499454884769e-02,1.057107924415345325e-02,6.317166691416287866e-03,9.138424441428649736e-03,2.157512925989159974e-02,2.603957708406494723e-02,2.360583787680891818e-02,1.919793397970892893e-02,2.047626608492621181e-03,1.340426158299410156e-02
3.226488851776853489e-02,4.486269817871718635e-02,5.135332942005245427e-02,6.713484463377963202e-03,8.566309397240248757e-04,3.349586760900016835e-02,2.333901100415487762e-04,3.050864363231529236e-02,2.887747654579646273e-02,3.014451011388932095e-02,3.719994062950231911e-02,9.022883490355911029e-03,4.286360910568481897e-02,1.898513916978796651e-02,1.689433847663068811e-02,2.011841552420617907e-02,1.849585267365395913e-02,2.453462900764721150e-02,2.903092389759903691e-02,3.470887676976391889e-02,2.325217982920823462e-02,2.803748064440642757e-02,2.913194795182487765e-02,5.303082771762284917e-03,3.764103112490339159e-02,3.271031485123918059e-02,2.832545893125394676e-02,1.537699075576605054e-02,2.214762469836880840e-02,2.008103816956159984e-02,1.346647665823564634e-02,4.476083672501138255e-02
2.844249847690883543e-02,2.867273376911048943e-02,2.475104506129121446e-02,1.223850714296356723e-02,3.058386886117467340e-02,2.538719593300326621e-02,1.378012026876411500e-02,5.600333588320911826e-03,3.325915575185878909e-02,3.656959781625074291e-02,1.542735237157845385e-03,4.108021017256895807e-02,4.306997744028647629e-03,2.769649063798605704e-02,3.416396987155412984e-02,2.047414286632251446e-02,3.916302486106645886e-02,9.931959267315580014e-03,9.220601035793155043e-03,7.193947393962191877e-03,2.315831786211066529e-02,3.447480921985412311e-02,2.766492382477284823e-02,1.410187208689497700e-02,3.766788842975368062e-02,1.334596219611590764e-02,2.144705252448475541e-03,7.513156794659182208e-03,2.744625845287376048e-02,2.874387236568608575e-02,1.766478549434374878e-02,1.878975628875888607e-02
6.600101609977912509e-03,3.007955289626622342e-02,2.370064376479234444e-02,3.287815650174363835e-02,3.456689043704815750e-02,1.270479138911796702e-03,2.655707144040476281e-02,3.469525891757721525e-02,3.661768345484252285e-02,1.437947670418633292e-02,3.477176613288637808e-02,2.459478788067313501e-02,3.482261826357625073e-02,2.405419424579544746e-02,4.630054811547770072e-02,2.546459431121479017e-02,3.347492523756909200e-02,3.095323462730519351e-02,3.748084145995057848e-02,2.486646106064896791e-02,1.792308365936578357e-02,2.927581974073938456e-02,2.991689251841557484e-02,2.391717789696777216e-02,3.898064228748719662e-02,2.702656550645307285e-02,3.474011031519159270e-02,4.035334863509178194e-02,2.965127399872513267e-02,1.178902829541127878e-02,2.881628726395726869e-02,3.599378503418568243e-02
1.006095821804360232e-02,2.264871517360871750e-02,2.907944594413446396e-03,2.765089258228870667e-02,1.338826833453547575e-02,1.147813181617216710e-02,1.473756500888302040e-02,1.496007445655135257e-02,3.047855124052226486e-02,2.884607856884925312e-02,2.414979861483443346e-02,2.851641587754204232e-02,3.029214599388440482e-02,3.915774720371793804e-03,1.363251913940389561e-02,2.044294033262827187e-02,2.071063913025065345e-02,5.620977380187970607e-03,2.686907235500353430e-02,5.029170899463693972e-03,8.668504896183265238e-03,1.163180249217077994e-02,1.843271789458133386e-02,1.534063015712120587e-02,8.014066697274266349e-03,9.671673593657323376e-03,2.359896158565415181e-02,3.217513209458889439e-02,2.469648952287966867e-02,6.393266434133133835e-03,3.504953546222211447e-03,1.917868313905746885e-02
2.894364616649353419e-02,9.674315933278079815e-02,4.621508210264003991e-03,1.007285534769311250e-02,4.347188190512620010e-02,9.926870003686989047e-03,3.917958745642925039e-02,4.942324377641368893e-02,6.572841080301443373e-02,2.615894920007561311e-02,9.318152699863916505e-03,3.116427719776025326e-02,4.845077987054161039e-02,1.522375004060725311e-02,2.594806858173996991e-02,1.039656042654380774e-01,4.601746868141052410e-03,1.119933543801510112e-02,2.142382779297569845e-02,1.047561521659371234e-02,1.872494280467389832e-02,2.661147620450815890e-02,1.157982908028731828e-01,2.563263065993775028e-02,6.042498026838878655e-03,2.012326520655127043e-02,2.875604754854954939e-02,5.050265458493723852e-03,2.902118431674119772e-02,2.433736260315850358e-02,2.296178592305376034e-02,6.805613861610933929e-03
9.409085883240835696e-03,1.838414891393452821e-02,4.317369647190059945e-03,2.369773077107427406e-02,2.823348552498097450e-02,3.692925468163518049e-03,1.966230859390497715e-02,2.694876940435684404e-02,2.347133054646695707e-02,1.527087071134759777e-02,2.684588616280136203e-02,2.251069889380439074e-02,2.554838265382931850e-02,1.817420295121313645e-02,7.688095712652460306e-03,2.100008841312637001e-02,2.459552852578088256e-02,2.219537391620994213e-02,2.820082349680492345e-02,1.903565878737709452e-02,7.016766609572988242e-03,1.899116836201661385e-02,2.523246278045255045e-02,1.685431189562430418e-02,3.162843062568020114e-02,2.281910095471884059e-02,2.210959554820915787e-02,2.671290469592859512e-02,2.217485645055008309e-02,4.210177578015828620e-03,2.520964431150945345e-03,2.978308442858221966e-02
2.597738327837883360e-02,3.130295148677811334e-02,1.079770460717677238e-02,1.342101557342561743e-02,4.581413778814227844e-04,2.167000797825197750e-02,2.351974719069736819e-02,2.431920242142950744e-02,3.056378509110228847e-02,6.976757087990625300e-03,3.324027356805542982e-02,4.150257472410604637e-02,3.220271915831005027e-02,1.998794595822275116e-02,8.880132020428477269e-04,2.364223933983511383e-02,2.464636629048158264e-02,3.453255404036511406e-03,3.475481226775267024e-02,1.237905152479786344e-02,2.662442293317864722e-02,2.366433376801525129e-02,3.148533241846064590e-02,2.680772203365669459e-03,3.159902021991373156e-02,2.259499651874557341e-02,2.933520730603529636e-02,1.019846903332069510e-02,2.829366726010869998e-02,2.561816980850464831e-03,6.620128337517017236e-03,2.820795097421742795e-02
1.464257534150155762e-02,2.906379472671904302e-02,1.980539587130434112e-02,1.729301510929609487e-02,3.153256397680169465e-02,2.229532271131313623e-02,2.727916158383868889e-02,3.153175366478346703e-02,3.634976679741885874e-02,2.818304956494286501e-02,3.296167178960835581e-02,2.571348668391523762e-02,3.169052627102961206e-02,1.138667099138309172e-02,2.493759051452407172e-02,2.543778463971173298e-02,2.555018662785694950e-02,2.408653777211024541e-02,2.708897065689093442e-02,2.457058954523136385e-02,2.704111413806583111e-02,3.442383459587297634e-02,2.734090991113378305e-02,1.529752247266251246e-02,3.790949888324426226e-02,3.100936927143196908e-02,2.505162362593577052e-02,3.097408274956088559e-02,2.968400325214127708e-02,1.207534551209465262e-02,8.120794054376746784e-03,1.980219310401393554e-02
9.052619047071320396e-03,2.097182480775255931e-02,1.617752909874363432e-02,2.552046885757250014e-02,2.114103008924020713e-02,2.892247868297336336e-02,2.035110616423794691e-02,2.931688132068785077e-02,2.498762818620567719e-02,1.430687969383219460e-02,2.713715386790442607e-02,1.939931028893081624e-02,2.946338495857292461e-02,1.949952338191316553e-02,2.386212081966026383e-02,1.945489714008997659e-02,2.764735571008879525e-02,2.892724193522156970e-02,2.792065467860189304e-02,2.967209069282544798e-02,6.950411284737232145e-03,1.173169327242295709e-02,2.232838986242054874e-02,1.682066901495439873e-02,2.788808353094144113e-02,2.001770468921035967e-02,2.746229669630773085e-02,3.003832568823231602e-02,2.538994866250408183e-02,1.771492694972873899e-03,1.282095991389357002e-02,2.943697857912429272e-02
3.163846870700717101e-02,1.734646454716800429e-02,5.267489927066497379e-02,3.178909753014488165e-02,5.203849334363401524e-03,3.806900566860008106e-02,4.848046191623205103e-03,3.336116101528822930e-02,3.399215010301002288e-02,3.384378479668052192e-02,2.859511224139917387e-02,8.770599813190928240e-03,4.759887882401329928e-03,3.560769303446109646e-02,1.211592725007049065e-02,2.632225810545798725e-02,1.371126794475090171e-03,3.142824501708332829e-02,3.853872259580937848e-02,2.299982096821119593e-03,3.141984647738519515e-02,3.787279171088930863e-02,2.843324372458284552e-02,1.883074077922095024e-02,3.085755070921489956e-02,4.523341578371724292e-02,2.674576696789158006e-02,1.735552683464450241e-02,3.131415490695464710e-02,2.608393662214065004e-02,1.105357743272536095e-02,2.141151011450673908e-02
2.172406582667364347e-02,2.632820663328219735e-02,1.070250851684899362e-02,2.832088903241437167e-02,2.218096612607581980e-02,1.308174454848720636e-02,2.739710932190638631e-02,2.477879185774462673e-02,3.242352181583585402e-02,3.705113176681463366e-02,3.221487106029909814e-02,4.053442657035336016e-02,3.159562254947740484e-02,6.652083991145630454e-03,2.774203248045957471e-02,2.310056567971640121e-02,2.646378787449083989e-02,2.130627226422702331e-02,2.904372302139358181e-02,1.208819503269418713e-02,1.231169307651205046e-02,2.228345738345470506e-02,2.586622462570841580e-02,1.184214281521049628e-02,8.449738466239226087e-04,2.018058650830785103e-02,2.695108947981830413e-02,3.230135893151412502e-02,2.927127297097633501e-02,1.279820793760358920e-02,6.037353560180383494e-03,2.436186763739357775e-02
3.979969809331740382e-02,1.053570367301184807e-02,8.773168029223874648e-03,3.343950792821177159e-02,1.304474498074984640e-02,3.812162050861630375e-02,4.314605514096660210e-03,3.850954175097927312e-02,3.913598254487113404e-02,3.772017408044345960e-02,4.205373273184886962e-02,1.885129779991424198e-02,1.120728623534100743e-03,3.948450788369699954e-02,3.255771921728095597e-02,2.782966106324994207e-02,2.087005032760776146e-03,3.091349945082641840e-02,3.889619493136686063e-02,1.694330939384793011e-03,3.040262552468110668e-02,4.047036674048553467e-02,3.393529560018358066e-02,1.788121157087357860e-02,4.065428336339117071e-02,4.225358775905575098e-02,3.052500634240017455e-02,1.309376001064439798e-02,3.245937098443174573e-02,2.594274179869457408e-02,1.731975645769003036e-02,8.027404629469651887e-03
3.425854908222366463e-02,3.589306035025598834e-02,1.979998147713556145e-02,1.426333496620426841e-02,7.622726108664323874e-03,2.012915066104108489e-02,6.716977982347258069e-03,1.309730982122789961e-02,3.765647993853751818e-02,2.303022010901421140e-02,2.224933982476684849e-02,4.167332950067931946e-02,1.179634997108452467e-02,2.853381080123111591e-02,3.455338094334355764e-02,2.385487375057418133e-02,3.433505902922615038e-03,8.496461337487607596e-03,2.664792874566615510e-02,3.016463653135906600e-02,2.529420011761341486e-02,3.572196611870052940e-02,2.771247362013475740e-02,1.236525029438332625e-02,4.093131198961854483e-02,2.027224868711255748e-02,5.154891371952852186e-03,1.425998442224613028e-02,3.350578390404642531e-02,2.372345002266930750e-02,2.498854739086211335e-02,3.407715135859035183e-02
1.797294072480294658e-02,2.647260504107625326e-02,1.345675504509517492e-02,5.917425508075065121e-03,6.718731682041879927e-03,2.401360072618369604e-02,1.070088970189443135e-02,3.028908296739449627e-02,2.769259315404467778e-02,2.600174206538297811e-02,2.721036076552538902e-02,2.363880095753520191e-02,2.730001523032353841e-02,1.166855501215956561e-02,2.719521905375700890e-02,3.948514929447075050e-04,2.365946975536784014e-02,2.342342968085746671e-02,2.769277108966808343e-03,3.232234283959768695e-02,7.197130721245904514e-03,1.535478033246796131e-02,2.406832179010664000e-02,8.311637795371055668e-03,5.391469117555773571e-03,2.431072801772764247e-02,2.701091367700363122e-02,3.040291764499879201e-02,2.481014760808917391e-02,6.991491583891732559e-03,1.279928536851541142e-02,1.584419937935746189e-02
2.277670409595937764e-02,3.045075191657941813e-02,2.826527872159242949e-02,2.535478954593635079e-02,3.448072357408275140e-02,1.945359972498110837e-02,2.687137534895531546e-02,3.488093057548503212e-02,3.193769560325294271e-02,2.943632948405939392e-02,3.754634761977760499e-02,1.745573548436384764e-02,2.741745529435568596e-02,1.701153309122569943e-02,2.778307792208625088e-02,2.592693385342417084e-02,3.042682038885577075e-02,1.759010956126499936e-02,2.529224674629425296e-02,2.020304623681160733e-02,3.056933454496595093e-02,1.476651137598364999e-02,3.368672472810523705e-02,1.889077101116265131e-02,3.735427577325758225e-02,3.177224035380090544e-02,2.993860251387689408e-02,3.026925588415112570e-02,2.613667503019918847e-02,1.748860060330231087e-02,1.611672444477860525e-02,1.828758409311708952e-02
3.734751872041974785e-02,1.232254043017844830e-03,1.399452126824185169e-02,2.869771305394039698e-02,6.700597394572811033e-03,2.709918410352548171e-02,7.150123564973706256e-03,2.587439450995005982e-02,2.759161988079614561e-02,2.961432620548843861e-02,3.428905911100212089e-02,1.433312950506529862e-02,4.171931224149549866e-03,3.270739563896259833e-02,2.540811474810267256e-02,2.706336636856017039e-02,4.808170918198215876e-03,2.397718481486436556e-02,3.427090887020203813e-02,3.699725752997033712e-04,2.356548695282244602e-02,3.177208921368641220e-02,3.072160456437393952e-02,1.326949352706826776e-02,3.344813546317998432e-02,3.389713585373597959e-02,2.530533724076847527e-02,1.807024697284740147e-02,2.291651355220430952e-02,2.711237721004876658e-02,1.680733271369317522e-02,1.671992311823750771e-02
1.561616067681493268e-02,1.795260004388537708e-02,1.925148533409423018e-02,4.713783743465552178e-05,9.723752665433365097e-03,2.228025903862008300e-02,1.490714345123876107e-02,2.254026590092441870e-02,1.884897333813451842e-02,2.034354865255582484e-02,1.218147989640823090e-02,2.536878733775097677e-02,1.340706967988457635e-02,1.680423134476718983e-02,9.395027636073895183e-03,1.562535878334749342e-02,5.157350422763221781e-03,4.212941220038651791e-03,1.408901579569405565e-02,2.304187121584699849e-03,1.898732450268129229e-02,1.730043364009886328e-02,1.978312501458918959e-02,1.325582407440262581e-03,2.193884839602008863e-02,1.393200543227064714e-02,2.354386432930564987e-02,2.421055893782981042e-02,1.645858361906188394e-02,7.758604766769976180e-03,1.379798030290954602e-02,1.648573969888386670e-02
8.563573031391505386e-03,2.197834009211532477e-02,1.663868155152583087e-02,1.710004712333227511e-02,2.797627969477916102e-02,1.037405280044493422e-02,2.029903831887734308e-02,2.652453451177737981e-02,2.492727046166541560e-02,1.939099937392950446e-02,2.941691016218052346e-02,3.187417309134861487e-02,1.771896750756101965e-02,1.904859722501984348e-02,1.455591024454195963e-02,1.561597959816524682e-02,1.543436947328772485e-02,7.378749857034131582e-03,1.584771098854514254e-02,1.354103193720107914e-02,1.007991974112044768e-02,2.549213567862793073e-02,2.303391262817774260e-02,1.698031412692772163e-02,2.985252489189147915e-02,1.482953433889394254e-02,1.811093341620293590e-02,2.095722274723252343e-02,1.961676441606794927e-02,2.491398579742696434e-02,6.074173552569383031e-03,2.553042937604250995e-02
3.637184124804948571e-02,3.236914859276023015e-02,2.113473764881567893e-02,1.812846760794469686e-02,1.734225642408622134e-02,2.433069586643364299e-02,7.088546760723304918e-03,1.849734945858793472e-02,3.773901472131343388e-02,1.954387367390150732e-02,3.127095533758179197e-02,4.503108404464065129e-02,2.559908376060611446e-02,3.270263183565683823e-02,3.085723279265154342e-02,2.452880162562236580e-02,2.649919076450332756e-03,2.551624522051068600e-02,2.818526016371956933e-02,2.838864987958623562e-02,3.050642971270948675e-02,3.588017391773912212e-02,2.797733248509274434e-02,1.231528993480007945e-02,3.174615308058628682e-02,3.145286827922496448e-02,3.899085780452542921e-03,1.384755515658817743e-02,2.911807556295073485e-02,2.479145905921241108e-02,1.887696462488024085e-02,3.105791995203596376e-02
2.808134672116985309e-02,2.990087638737621775e-02,1.412834186012402321e-02,2.787555000700994712e-02,1.187978352207838539e-02,3.441774608042390965e-02,2.523211144108728279e-02,3.412329896814265962e-02,3.542373937013778423e-02,2.682916396800978653e-02,3.446986284300222747e-02,4.061055306118579317e-02,2.887084110248585092e-02,2.429343612092650651e-02,9.213009446512217260e-03,2.452035987333741132e-02,3.046475713468742644e-02,1.378288177256759353e-02,3.159610803953771113e-02,2.310015168296945462e-02,3.300038878651190971e-02,2.770487308662894152e-02,2.911799307363941575e-02,2.185562796624980139e-02,3.971240285657718500e-02,3.967040496995014043e-02,2.918982275966828382e-02,3.541215933167532470e-02,2.658462896476624163e-02,9.644052975598237792e-03,1.549011967159477296e-02,3.429667064903307167e-02
1.688108021671767822e-02,2.271943045974787398e-02,9.534863150320493225e-03,2.067987215742621634e-02,3.166369167881619845e-02,4.440402107878983068e-03,2.454667922535316849e-02,2.968626519555093643e-02,2.396143804074058956e-02,1.918465346049038484e-02,3.023060453336217160e-02,3.028560356674310505e-02,2.608705742989665677e-02,2.383502025358321189e-02,2.795594354877299278e-02,1.864448123668625140e-02,2.307214609754732956e-02,1.866112352417738374e-02,2.810639903578608656e-02,2.237826962712460496e-02,2.077877839599318391e-02,2.863695991016354872e-02,2.677456922630792532e-02,1.536324162871963162e-02,2.647953135064549240e-02,2.723557401846252515e-02,2.341153599705932120e-02,2.528581086700770753e-02,2.401934146972794365e-02,9.812842969565555018e-03,1.552323331158543540e-02,3.059255601513688819e-02
9.298175531604068594e-03,1.791230518775658101e-02,1.161985566724995853e-02,2.549899186920370070e-02,2.922267775367433373e-02,2.548548366255455958e-02,2.421224162209815664e-02,2.616146142880871467e-02,2.827438000283322844e-02,5.313123116846105165e-03,2.423798586414454073e-02,2.453692983528305699e-02,3.085977938840267498e-02,1.834370406819361282e-02,2.401306726252614918e-02,2.139751947590065595e-02,2.700927483536542592e-02,1.913316285061131272e-02,2.530502387686977064e-02,2.496636810396481859e-02,1.819510405427396393e-02,1.524732499751582475e-02,2.098086721404537891e-02,1.771809609712924824e-02,3.085218472199525649e-02,2.208172047525535503e-02,2.378249968308637774e-02,3.348801458970430273e-02,2.570022220993559842e-02,1.672336734187185314e-02,1.971407005298430465e-02,3.322928174858859329e-02
3.193579788470575498e-02,3.266737073845048939e-02,2.946259476531981961e-02,1.075879178184788176e-02,2.775802761702757943e-02,4.243311696759658608e-02,2.591959611081885717e-02,4.051891874626863121e-02,3.389930381464503067e-02,4.037948164248300609e-02,1.283639587230148149e-02,4.734831682972751032e-02,2.381286604682070207e-02,3.055174729716148355e-02,3.106980849747390666e-02,2.314416704252210411e-02,1.046292569009913201e-02,2.829855562416837972e-03,3.118626264670203846e-02,2.368576621904499094e-02,3.159146733388040751e-02,3.563450684154616938e-02,3.055583903610334731e-02,9.724988560403330026e-03,3.672114442111568816e-02,2.863110293065690079e-02,3.758339194521914672e-02,3.899037735268006538e-02,1.747770186442251794e-02,2.601703966847698085e-02,3.186998936079413203e-02,3.674311910553963029e-02
3.062078525738361201e-02,3.052621438488162600e-02,1.615798171133126654e-02,4.349753213525216211e-03,2.169422579973738843e-02,3.252396878368699756e-02,1.515321143018094792e-02,3.229311290462626854e-02,3.563807824926810974e-02,3.233118711320213945e-02,3.422834055078190219e-02,3.493513327365369014e-02,3.601827980762235121e-02,3.087066484417488876e-02,3.420028659644731850e-02,7.014697173206421721e-03,2.778908116718928692e-02,3.169462032383686678e-02,1.724698718374077441e-02,4.040148444173422004e-02,1.238893172300891722e-02,2.368948105779484364e-02,2.842849215610854935e-02,1.409310861996451551e-02,1.866905917789117575e-03,3.452227144505237710e-02,3.002835542465727772e-02,3.723437497328952600e-02,3.015596397620889935e-02,2.052928809814518959e-02,1.932585970070846773e-02,3.454126378616356047e-02
9.523132336878976228e-03,2.409612434879166223e-02,2.310390574959218443e-02,5.395966346277716874e-03,2.511905447431251118e-02,1.649263205511176944e-02,7.686972889005461509e-03,2.578279276828825475e-02,2.243143371641893175e-02,2.026098051474416531e-02,2.381301383282520556e-02,2.061735156542348138e-02,2.180753393675338714e-02,1.282376282973434617e-02,2.378661219824351747e-02,1.422052807034778800e-02,2.100037758812136127e-02,2.063324663517459787e-02,5.671174688288524446e-03,1.757721409834417034e-02,8.372733562248281525e-02,1.432927894325755971e-02,2.593708845053807610e-02,1.534033243579371528e-02,1.237671959862570933e-02,1.038990054019571160e-02,1.113968785088747387e-03,2.481218405507724586e-02,1.957477470699847330e-02,6.485100347235952384e-03,2.066574487654363607e-02,1.133939794255823218e-02
3.274339923251885776e-02,1.140836472207674979e-04,1.114388291929876290e-02,1.076061226991100947e-02,2.613229149227179818e-02,3.142979732357935319e-02,2.014812635024225418e-02,3.222602067860570740e-02,3.157472343461596720e-02,3.394404197887698066e-02,3.594798436667445002e-02,3.121519798342128199e-02,1.336239591945035179e-02,2.274552119329401045e-02,2.584879973893086311e-02,2.376918464039251208e-02,4.831524244481199409e-03,2.231234040952275940e-02,3.058778733839022379e-02,9.281928785031742790e-04,2.150172461845935995e-02,3.138031110308618643e-02,2.981377104960199198e-02,1.373026181946738339e-02,3.399840972186012750e-02,3.486867878981347868e-02,2.706037909363636848e-02,1.059616072090071442e-02,2.368678687750821674e-02,2.997542651659917262e-02,2.338144307703700353e-02,1.392801838485388868e-02
3.016719498483996786e-02,2.592241250892315593e-02,1.260573595975389080e-02,3.137737992406600812e-02,3.810568074203660172e-02,3.159338177244244705e-02,2.754010863697551117e-02,3.466659006394551962e-02,3.395611291712220120e-02,3.246482915666556307e-02,3.950153313065010025e-02,3.875027116600182620e-02,3.829159742838675329e-02,3.272957171675810323e-02,1.453811457505546634e-02,2.548227088103848306e-02,2.833730251790268773e-02,3.262421599842080938e-02,3.867433171038591605e-02,2.595140831296623152e-02,2.964543011111261950e-02,3.712858243733191399e-02,3.194285092656039271e-02,1.957433414867470328e-02,3.077042487791764244e-02,3.550115670652757155e-02,3.452157797832774988e-02,3.725310076935323123e-02,2.723110485371376885e-02,1.833549639494234940e-02,1.027237594594152675e-02,3.582074657813093255e-02
8.643855898577489094e-03,2.702251741281136085e-02,2.529089796348921518e-02,1.182085107208533103e-03,2.225251886800782078e-02,1.916772866827580468e-02,4.750298662176155942e-03,2.836376385480639251e-02,2.936253728172315974e-02,3.001523236755088489e-02,2.882997957609680778e-02,2.673995586032842584e-02,2.957732345783455410e-02,2.268902241410405279e-02,3.294474396979905906e-02,2.374084761268760099e-02,2.403345619414340092e-02,2.358903558018060273e-02,2.945709772714869001e-04,3.015849237617180059e-02,1.207757155557993844e-01,2.833694586223878611e-02,9.847913743652923768e-03,1.430254623200734494e-02,3.411092388413777821e-03,2.131519808185003764e-02,5.142885947762736165e-02,2.950218249993712821e-02,2.307816228655593452e-02,2.516760157105547846e-02,1.993956768188221568e-02,1.503786148821191146e-02
2.295844587211959970e-02,3.097679599124054592e-02,1.807437874434160777e-02,2.515384264592292196e-02,3.301587260062966572e-02,1.962311639543762309e-02,2.009638801752787474e-02,3.430363168982501765e-02,3.097952947254241363e-02,3.247419244121545895e-02,3.417368014949046656e-02,4.072026880911272517e-02,2.783926650366585001e-02,2.439505305020586712e-02,2.063322483425306109e-02,2.419305352982570670e-02,2.446514584956430496e-02,1.985872007992896260e-02,3.337441591095425403e-02,2.589013406763789743e-02,2.917904596086327157e-02,1.970868784831868170e-02,3.059645388433872640e-02,2.284476755963250894e-03,3.165451490713640931e-02,2.944055804822606412e-02,2.925572680737977341e-02,3.158080116030747425e-02,2.525416112523565931e-02,1.231139008453939650e-02,1.558387935830943781e-02,3.654157438654261070e-02
2.759826690313769287e-02,2.927363420739587455e-02,2.011348718699317722e-02,2.639992289406728129e-02,1.600476156577107512e-02,2.562253146701840012e-02,2.017319748159298806e-02,2.135920294033742672e-02,3.079929071671750132e-02,2.987023886934935674e-02,3.548854447343716828e-02,3.546792202484034401e-02,2.558326959524496319e-02,1.276663688698990648e-02,3.128459114545770886e-02,2.197537146330393390e-02,2.726693536826517786e-02,1.761411531641597986e-02,2.773859372993350142e-02,5.856548564604973500e-03,1.363730057104004835e-02,3.216659533736894450e-02,2.909204761957724997e-02,9.457159157244472356e-03,1.405660974839240129e-03,2.566683035023910320e-02,3.114359423260613241e-02,3.111236782740264134e-02,2.394089447713882920e-02,2.558058492024785011e-02,2.106008392867151496e-02,2.862905576966278537e-02
3.111917776275649472e-02,3.699484601577415765e-02,2.583899700056119936e-02,3.351910821985643052e-02,3.636127268580057609e-02,3.851236346805206323e-02,7.908119739634213163e-03,3.286313783544346501e-03,4.028469990383179433e-02,3.898499034185380629e-02,2.378639410223582981e-02,4.164371054890405460e-02,1.069060029314036764e-02,3.258354609907804234e-02,3.685356368447072900e-02,3.368997570401769531e-03,2.097440987925067862e-02,1.480769708790168407e-02,2.639564145631075748e-02,2.533490730508846517e-02,3.228780886109123421e-02,4.205718173302151752e-02,7.630248564535153932e-03,8.897642354405606302e-03,3.746244277365049641e-02,3.684027906930380930e-02,7.908018600873860382e-03,1.740681745990878271e-02,3.137761904607787311e-02,3.449625639001870775e-02,3.051518962845177138e-02,2.904303379316443279e-02
3.333226934291608906e-02,2.614226120328394520e-02,1.429053540036689246e-02,2.581117301701419536e-02,2.753680271652821088e-02,2.507969760067285669e-02,5.929453105643162081e-03,6.272139150184929957e-04,2.714535496023814595e-02,2.740537346811542166e-02,1.662956137150110522e-02,3.457266970705721865e-02,3.044466007947092129e-02,2.388514051342809780e-02,2.516441558026808606e-02,2.406953405740728386e-02,1.378061673018492715e-02,1.633811916906631120e-02,3.319741337548601928e-02,3.427773842944393384e-03,2.380799783426717706e-02,3.260869756004615427e-02,2.666522974516523023e-02,1.944562125761166785e-02,2.790971651583624633e-02,2.288256793940459874e-02,2.674939515141181584e-02,9.018916924845445104e-03,2.480356788278459401e-02,2.897401856498243305e-02,2.259063574369046812e-02,3.028559844661318431e-02
3.345990185431353681e-02,3.151089282131977476e-02,2.920373406900909560e-02,6.145770171796863246e-04,1.324309175531305366e-02,3.636805132358063297e-02,1.773072795460020612e-02,2.540131453862808780e-02,3.572631566943993559e-02,3.402104452193880496e-02,2.830799046748079528e-03,3.643629844220743624e-02,9.070940748578115720e-04,2.044788937095871201e-02,3.507650452464084606e-02,2.372656761670721356e-02,2.177269265776621623e-02,1.078908256128426751e-02,1.469797631148411776e-02,2.577839034597025764e-02,1.640603544756136234e-02,2.762647625231719542e-02,1.079228202193676517e-02,1.623896935073471798e-02,3.611155906377627733e-02,2.424464808170133726e-02,5.129672960856036801e-02,3.295073922780592662e-02,2.997176301967436826e-02,1.805203683534847836e-02,2.910883952103871311e-02,2.622029274276294064e-02
2.277901359967926878e-02,8.387027258852444711e-04,7.531802436174118293e-03,1.861805440664698538e-02,1.624842223004203945e-02,2.908261164013655614e-02,1.252224009105316720e-02,2.697592551357497204e-02,2.495450365918753383e-02,2.768621451855845725e-02,2.398175669945888308e-02,7.608129481334355987e-03,2.781469218864331128e-03,1.978157002388142294e-02,2.212169050369027640e-02,1.491588241016431927e-02,4.861698440837784047e-03,1.506839658772879224e-02,2.275578123061939781e-02,3.599744885055832649e-03,2.129291605069241755e-02,2.631249050515982457e-02,2.193617158484153368e-02,1.555259903921186668e-02,2.527507498886296528e-02,2.641644789196126442e-02,2.524169807412671163e-02,1.639644684402458835e-02,2.302352730818749485e-02,2.228889034335728922e-02,2.259275507443306991e-02,1.491100301011494961e-02
2.452679518596127470e-02,2.722862889083960819e-02,2.368481009951214564e-02,2.649650843512246431e-02,3.120486597701618847e-02,3.157579681555472417e-02,2.377068474054447669e-02,3.407347115920018876e-02,2.864750478446482715e-02,3.247157243531849369e-02,3.882646401551817505e-02,3.235161798970956348e-02,2.795643218989099857e-02,2.973524784396452958e-02,3.492742197293521172e-02,2.520303470121271205e-02,3.134078784835207104e-02,2.804591871149440460e-02,3.429652498679399558e-02,2.817799890042480340e-02,1.416184310657024083e-02,3.442639533144356556e-02,3.265763905359084229e-02,1.872657384477869821e-02,3.709083527454072604e-02,3.624825797407878886e-02,3.251461383084362777e-02,3.087210508890617794e-02,2.541446178796968880e-02,2.011456704197641526e-02,1.984404773147161252e-02,3.137122253954426065e-02
2.526335570543684905e-02,2.676482608699400773e-02,2.000625890393305240e-02,3.855740793826039486e-03,2.534060846665247071e-02,3.342340563283262289e-02,1.455825138573856731e-02,1.536317750948978933e-02,2.609501972358721500e-02,3.295010303707301969e-02,1.104538640300910257e-02,4.136893699141985792e-02,3.100024955068994212e-02,2.691510348658707891e-02,3.593840668824799939e-02,2.279672825829839530e-02,1.481164939193334480e-02,8.621021060731613728e-03,3.051039954550148481e-02,2.624324399871996380e-02,2.725442385458099262e-02,2.957931304825021923e-02,2.815615556005018547e-02,1.367491137189643692e-02,3.090772372160677239e-02,2.830843700550433537e-02,2.757090368354123133e-02,3.010446875674473166e-02,2.336908961557024322e-02,1.731678470394017524e-02,1.863474865763945637e-02,3.099769419713003724e-02
4.008574883769585456e-02,2.943947137991890367e-02,2.577367255770337748e-02,1.410959379214285839e-02,2.362020501642832226e-02,2.518702798680997126e-02,2.342634437343650566e-03,1.708239913230193141e-03,3.232667765482672567e-02,2.735296366189236134e-02,2.404221588122973027e-02,3.431917929974533099e-02,9.001196958601161494e-03,3.715806921384094685e-02,2.796892293145111091e-02,2.401083786492259550e-02,6.358849394580676911e-03,1.865014277755158364e-02,2.608573330381293992e-02,3.060251967602031775e-02,2.359904013496942274e-02,3.308521406053598762e-02,2.851528841637760575e-02,2.261609428945103584e-02,3.383367084381736639e-02,2.292358821635727059e-02,5.897040955298235576e-04,2.787923364842214563e-02,2.332527832876156795e-02,2.555053421132586974e-02,2.789196881674704115e-02,2.886419753442684769e-02
2.632853331172912287e-02,2.736513228699833170e-02,2.396743013698427252e-02,3.044732396527809193e-02,2.710569814687734461e-02,3.822964463558436998e-02,2.667648692197002042e-02,3.362873403675858963e-02,3.474584503197582913e-02,4.189405173800883619e-03,3.618128653088206054e-02,3.664281389744539208e-02,3.311574807410062188e-02,2.823827829511965648e-02,2.865593623716876717e-02,2.521071823692709254e-02,2.698438605789098624e-02,3.041164940049197879e-02,3.124576686069908960e-02,2.913626786223852752e-02,2.569556930452263077e-02,2.081656733315700308e-02,2.717615986231919356e-02,1.927492773116986149e-02,3.380617891714498419e-02,2.741219274346327200e-02,2.947900273265450025e-02,3.352701395281140057e-02,2.866088002649241906e-02,1.861983745044738445e-02,2.470008484121866479e-02,3.716853627347849187e-02
4.198777361040911815e-02,3.439352889882066333e-02,2.228005646220511740e-02,3.440750762830513398e-02,1.841090738789619152e-02,3.068508975346311701e-02,2.598076902119458506e-02,2.557634584092631502e-02,3.541624864164509556e-02,3.137689471176323408e-02,4.412298825206846520e-02,4.423433921828542892e-02,3.282847075870353598e-02,2.594900779758053250e-02,3.558432344942143860e-02,2.743987345311557635e-02,2.842536166811700585e-02,3.460463817504098871e-02,3.701647975320437184e-02,2.046500946069570309e-02,1.490214843154590886e-02,4.103389572244839356e-02,3.473380850583313029e-02,1.139956133035922685e-02,4.896027464598370904e-04,3.470030075507792022e-02,3.510216094105961943e-02,3.337215696834860273e-02,2.777475997399779864e-02,3.065151317731971276e-02,2.359135814734330400e-02,3.569962795144833445e-02
2.597061848376544524e-02,2.914662039126875506e-02,1.365303995745401414e-02,2.695257293628316661e-02,3.402612922800970358e-02,2.426078780125674045e-02,2.318801835154580063e-02,3.362551571464261063e-02,3.120975612237500071e-02,3.301971974179145064e-02,3.295518176274349342e-02,4.112749186187272116e-02,3.028372755978559622e-02,3.041100780841957119e-02,2.916554521138873396e-02,2.470057732599929487e-02,2.881072062944216999e-02,2.063615081934478193e-02,3.236000557315641540e-02,3.395564773101651668e-02,2.907451751765551679e-02,2.757491437503355874e-02,3.064714049796217477e-02,7.129515983726922301e-03,3.568323534786194823e-02,4.145175875984950797e-02,2.642670625171073678e-02,3.261261737040892922e-02,2.545954773541359711e-02,2.684289718600829655e-02,2.401425228804299900e-02,3.582943404717749136e-02
3.841714725679859499e-02,3.109563874839611428e-02,2.328148185822379382e-02,3.192867487336297633e-02,1.175513796877348562e-02,3.836082409624380629e-02,2.334751096507941409e-02,2.693120872770401672e-02,3.388498383532657227e-02,2.990790083827876006e-02,1.550487693277747756e-02,3.440513825542472481e-02,1.928579797480065375e-02,3.061610531468722876e-02,2.749557412026814793e-02,2.871377464178598987e-02,1.374850466674209550e-02,2.438810272425626091e-02,3.720454357710131083e-02,2.892291680324513004e-02,2.937494648776474079e-02,2.965342204621751812e-02,2.795560580480721535e-02,1.648394232950473742e-02,3.569869807782114629e-02,3.066889157618116896e-02,3.287520376277500850e-02,3.576557596192486005e-02,2.476583604412986930e-02,2.144377038856448009e-02,2.877678461683695968e-02,3.012015405698308113e-02
2.596074116493175127e-02,2.684152794070862949e-02,2.039561456517750143e-02,2.574568995738263366e-02,2.851156481417294400e-02,2.606339362861853984e-02,5.533717012302862351e-03,7.327907587881574841e-03,2.504474755381261991e-02,2.798371027728909638e-02,1.159047691607461780e-02,3.585412079851574285e-02,1.748730295586811007e-02,2.407431942973985162e-02,3.006528055349931561e-02,2.372179319510992618e-03,1.682554318623345757e-02,1.633145519748334384e-02,2.031500225944535276e-02,2.200305674881921150e-02,2.836574539991717353e-02,2.989343819153066767e-02,1.435679209517998559e-02,4.347966736397514131e-03,2.381427019794181768e-02,2.983211124424158672e-02,3.086407863962289944e-03,2.142135248773624837e-02,2.285644392724342153e-02,2.696322307886701505e-02,2.323764604713058485e-02,2.121501096187260876e-02
2.844183682720950040e-02,3.218215602844406303e-02,2.806582961358882605e-02,3.502238893569162292e-02,3.606252202816977170e-02,3.833781570383164305e-02,3.028207656634594042e-02,3.448672244051469854e-02,3.736607132158903388e-02,3.397869531559424144e-02,4.154535024071442928e-02,4.354344016356624658e-02,3.602221759771774556e-02,3.323536744652996061e-02,2.983858770616291262e-02,2.567685908604342565e-02,2.784213569928158105e-02,3.253664755524475483e-02,3.857490848156727714e-02,3.933328438224654305e-03,2.155151678011509725e-02,3.450215331598337209e-02,3.228348841798773378e-02,2.923320234759580610e-02,3.880241524419245774e-02,3.195673190829042415e-02,3.284108257661130792e-02,3.850860022496416235e-02,3.193132538519465047e-02,3.320454065712718367e-02,2.436700773649513180e-02,3.619056174950224802e-02
3.655775354899492430e-02,3.787060123364861808e-02,2.462922556597686025e-02,1.836213132154868033e-02,3.438375060245505571e-02,4.305316563586236017e-02,2.804511810082674361e-02,4.001037884225203123e-02,4.170443684674356860e-02,4.577432390168609255e-02,4.146792105199212375e-02,4.662276798408018091e-02,3.268591239383523972e-02,3.226385318537974833e-02,2.862706880546367003e-02,2.771780199603781497e-02,3.404605406205639395e-02,3.290901512091064240e-02,3.474537182912229571e-02,2.431520876045579344e-02,3.308243302443382439e-02,3.983025971450256109e-02,3.203110200577150013e-02,2.574330275826098441e-02,4.485828049556363911e-02,4.145520470452656453e-02,3.626601196026062179e-02,3.976869513875337658e-02,3.400053469464940636e-02,1.729574787183537840e-02,3.486416485739254195e-02,2.730752876166400028e-02
2.796020267273403512e-02,3.213269404375763277e-02,3.064570616718311977e-02,3.572048012277678763e-02,3.026531053718129263e-02,4.501744374439096280e-02,2.796069731633400723e-02,3.932274969232908007e-02,3.740959734627660738e-02,2.358872071964393524e-02,4.027496303557426965e-02,4.274023855617955364e-02,3.663171889736797915e-02,3.539686351965029565e-02,3.600940917378275818e-02,2.659592501045244736e-02,3.152909377122357915e-02,2.747129891654540718e-02,3.855605381520884473e-02,3.474312292824551646e-02,1.761275540810297580e-02,3.376909707800338639e-02,3.162453598873647687e-02,1.998123307634866452e-02,3.733751554303841452e-02,3.733519339702280615e-02,3.565909285764320980e-02,3.823084727706742292e-02,3.260418197259619399e-02,2.210879271765984685e-02,2.233682287393765065e-02,3.997162483368290470e-02
3.253331426661837389e-02,2.940191024051404950e-02,2.560313354120152818e-02,1.536296684840587554e-02,3.111302585966272197e-02,3.428793464791237561e-02,2.694790947047677812e-02,3.678225055639568197e-02,3.484188451377466522e-02,3.702345487960542747e-02,3.331697370985334250e-02,2.797663576372403857e-02,3.474342303141886995e-02,2.336625463253105134e-02,3.916323316931932114e-02,2.570191866123883173e-02,3.063993381659155940e-02,2.982378901679595684e-02,1.884258362968044276e-02,3.246855381382615646e-02,2.740919461415837477e-02,3.810064379332286227e-02,3.284727001090376880e-02,2.019752468929798817e-02,3.754381863803597091e-02,2.751190057483164642e-02,3.338339609619509624e-02,2.631607570159878381e-02,2.888673507495248885e-02,2.904223012874775078e-02,3.030108214790142376e-02,3.802807434343469239e-02
3.920455678188625170e-02,1.276825908683438399e-02,3.164286030568249503e-02,3.450441631552155636e-02,4.119591004253281979e-02,4.796628391066533326e-02,1.601454848870402514e-02,1.578281678861202797e-02,3.828185610437150749e-02,3.700922934764626360e-02,3.279571434152771248e-02,4.982691791324948133e-02,2.134182697566740922e-02,3.600362033041872023e-02,4.071670959583410104e-02,2.601865403665373430e-02,2.171505021100295085e-02,1.223497341945930378e-02,3.616962328744453142e-02,3.499624558674942904e-02,3.846634392719911616e-02,4.159120766672249475e-02,1.711744837947298120e-02,3.377544100529051435e-02,5.470217703163658685e-03,4.688952739270287745e-02,9.560850175158057407e-03,1.929443138493426579e-02,6.973998884780119312e-02,3.697945752647133211e-02,3.400242814075686570e-02,3.836080763273965605e-02
3.294790088178333604e-02,2.737641280024225368e-02,2.130642325084233443e-02,2.034966435233123011e-02,2.170441961844701145e-02,3.013393854040379363e-02,2.530542145425053110e-02,1.994461355486586498e-02,3.369210878057656705e-02,2.131042598225115631e-02,3.360748749888615300e-02,3.996708042176683184e-02,3.849383950191849479e-02,2.947894765180422705e-02,3.640618138164416345e-02,2.780778567661085568e-02,2.546380364032529986e-02,1.875422337695913794e-02,4.086796546222546539e-02,2.457174630937994375e-02,2.571636327997773794e-02,3.313993397062365426e-02,2.915195729453780651e-02,1.659225454196364830e-02,3.404906665235707397e-02,2.622058298861308645e-02,2.588800990122171533e-02,2.335127163840727479e-02,3.110115060641536686e-02,2.596372249971854590e-02,2.198630529676379522e-02,3.237874500647569542e-02
2.890642482742638436e-02,2.136920955498871483e-02,6.903798575269896876e-03,2.517831140592683911e-02,3.372955647149065983e-02,2.571900886386166082e-02,2.772024656340478857e-02,2.839177358141910940e-02,2.813682762871092674e-02,1.716206558469435609e-02,3.489162881986457299e-02,3.781334253670323026e-02,3.018351299914125499e-02,2.353153646804203442e-02,1.022841363322431196e-02,2.273502030091609574e-02,2.175046917775995056e-02,2.058990696628920994e-02,3.038317854979899132e-02,1.711763148006052726e-02,2.266588257808690998e-02,2.953607173735919855e-02,2.807215178913243653e-02,1.535211338523722116e-02,3.017841632877313676e-02,3.142563944973419260e-02,2.266328790816317038e-02,2.671802393908798492e-02,2.499375258165981509e-02,1.547038279614978279e-02,1.608050717327563078e-02,3.191786494787936246e-02
3.584762869212101966e-02,5.757546990469666892e-03,2.892471860859165481e-02,2.729589443178637165e-02,2.667013989223560033e-02,4.532305746655591883e-02,1.801154488273245743e-02,2.028416776199527122e-02,3.201508472255321092e-02,2.245025140558032373e-02,3.399317390180934401e-02,4.487099366140070988e-02,3.400076760219337968e-02,2.728750119802470647e-02,3.248361344948674095e-02,1.851302821140976898e-02,3.078125863344121499e-02,1.673565408317300232e-02,3.616617913292267256e-02,2.749732528710996729e-02,3.060899286576749048e-02,3.691337136235217642e-02,1.023022148949037299e-02,1.841816779046248284e-02,2.965629672704078734e-02,3.742247607334063531e-02,9.562613087634556919e-03,2.559199692239203308e-02,7.160833347891931711e-02,2.397900773544923286e-02,3.152862866428460947e-02,3.335406893384464805e-02
1.788840254315280862e-02,2.158558152898740548e-02,1.772707436826223906e-02,2.618099518544085222e-02,2.051390646671908541e-02,2.703667367982838868e-02,1.375606283989346500e-02,2.806943833154466883e-02,2.735349630531472634e-02,2.486601428657838828e-02,2.792905532980338723e-02,2.788673847521227350e-02,3.318698945677250878e-02,2.138650974059259219e-02,2.975374065148216063e-02,4.610860814231867305e-03,2.740170958050887340e-02,1.577977418736112997e-02,1.245696267256288930e-02,2.790765155693792146e-02,7.490932389606184613e-03,2.442861210424154481e-02,2.473620982059495516e-02,1.437924620898694758e-02,7.967437565734029892e-03,3.016801814072985269e-02,2.614833727867133320e-02,3.298743308481918990e-02,2.659603647349589872e-02,2.847986245328864088e-02,2.255524570986679883e-02,1.747481241722488934e-02
4.127411537678529058e-02,3.452527742949241391e-02,2.901523152007503756e-02,2.100682683328482236e-02,3.892240554745747538e-02,4.214354925564144094e-02,1.587617905177374569e-02,2.413105253049992183e-02,4.152519482902609915e-02,4.685584098352492399e-02,3.620847190236392565e-02,4.859818530671301817e-02,2.903383020600399517e-02,3.538274022056029505e-02,3.997467867767801747e-02,2.439912653008477830e-02,9.197780962080546324e-03,2.861580131863579110e-02,3.391045135358956159e-02,3.344468688705844878e-02,2.826734544793291226e-02,3.979345262926756166e-02,2.973188757793907358e-02,2.712684102459743396e-02,3.855810342844304822e-02,3.101681370353950515e-02,9.115932877765943465e-03,4.003809234908636133e-02,3.840084966300221642e-02,2.987777177199660295e-02,3.485919592784449822e-02,3.711624672429779392e-02
3.457823232717880529e-02,3.143696633694892384e-02,2.420125741746409487e-02,3.013229451413747956e-02,3.787668503130199593e-02,3.740157531686365971e-02,2.962312668168320257e-02,3.391233930333804880e-02,3.648801759099096209e-02,2.903275370342370959e-02,3.259196140833593019e-02,4.194926385006129271e-02,2.467290280201051011e-02,3.378303225746746158e-02,3.229023621972102603e-02,2.511162890157497135e-02,9.798235512446476503e-03,5.137438241621748031e-03,3.393809273528673037e-02,1.242785328332729478e-02,2.877441314033542946e-02,3.918482076309534601e-02,3.255341102921960328e-02,2.177193873012272032e-02,3.510089067111239053e-02,3.277752623625550948e-02,3.219495549083789543e-02,3.609665727680218261e-02,2.858281821807474865e-02,3.424798149157505522e-02,2.911877736020741791e-02,3.760796562128160964e-02
2.440728860338837319e-02,2.859749553931804217e-02,1.900660919714547772e-02,6.783707574768833154e-03,5.492355695108832453e-03,2.823469563993314529e-02,1.220549396777796669e-02,2.124546648091452453e-02,2.781913613372943503e-02,3.064766612254338218e-02,7.053787139885699109e-03,3.373258313434494837e-02,8.197298895446555878e-03,1.583384023270022894e-02,3.172409986561739587e-02,2.158529557974953050e-02,2.158459884092939901e-02,1.923375947826504867e-02,1.081856529175919193e-02,3.196542679185972180e-02,9.154728402809597307e-03,2.877641516216766435e-02,8.307646483999391041e-04,1.092897003892030587e-02,3.065236428591589304e-02,2.489503699494504535e-02,3.069481805406397076e-02,2.748065589025188923e-02,2.417493393717452810e-02,1.915339488194188131e-02,2.121985752282389004e-02,2.011917844822337653e-02
3.335331963332482941e-02,6.825447342456783528e-02,1.907888473896129922e-02,2.930828993528639126e-02,3.410711827347519959e-02,3.939451326990003194e-02,2.325626308858949262e-02,3.399319913980421159e-02,2.026978507430248488e-01,3.389991499400209218e-02,3.584284944753151486e-02,4.271996992251225062e-02,3.223076414320592137e-02,1.179618466076638381e-02,3.097436486942032816e-02,1.935832670013417842e-02,1.008137871671558640e-02,3.240041517457760423e-02,2.705080445426961272e-02,2.373803824878447169e-02,2.540667183586068148e-02,3.547007580409319155e-02,2.806674083951165785e-02,4.175769003276846858e-03,2.835039125348587027e-02,3.878615725847675555e-02,2.951479391257114115e-02,1.977727603372347528e-02,2.478286279632775993e-02,2.679450507854382740e-02,2.536832381788640955e-02,3.198030565026789562e-02
3.560089851808051487e-02,3.365652938689876750e-02,2.500452954866525315e-02,1.519614754197265785e-02,3.035372762671881622e-02,3.846497741245295116e-02,2.328451943863797322e-02,3.055049539000146558e-02,3.919244677350555012e-02,3.581380666228598658e-02,3.131149620051501548e-02,4.398222924543638418e-02,2.650777329410378830e-02,3.171846729875609644e-02,3.530325230993797830e-02,2.375522159735321895e-02,2.095098785975776576e-02,4.644801455576351434e-04,3.008407988798898064e-02,2.204721299133990259e-02,2.709403812031145956e-02,3.572626957419949845e-02,3.332294341944609661e-02,1.663719871721381499e-02,4.265931645101021102e-02,3.082102438788547616e-02,2.762605901896726321e-02,3.113786242164148094e-02,1.904138180808110856e-02,2.060803922718838430e-02,2.583042112755280437e-02,4.105396993572704711e-02
2.779730932403004506e-02,2.355731767172575264e-02,1.864675008577620224e-02,2.215952597842850424e-02,2.791586528599782416e-02,2.801989549217330858e-02,4.293118632572015883e-03,1.295631296475873578e-02,2.410768550934228732e-02,2.805855700996432583e-02,1.319756927022604914e-02,3.404490639231285559e-02,2.873493311406752349e-02,2.685803114443544373e-02,2.568850466238513028e-02,1.410905284903472140e-02,1.226789397216881440e-02,2.652180299690032675e-02,2.973687285572930786e-02,1.175713097612321456e-02,2.018279100532946110e-02,3.021132283745843472e-02,2.236205475111805938e-02,1.773564921429152813e-02,1.847665242678989475e-02,2.295668080026175631e-02,2.930084996377984793e-02,8.409242053511494647e-03,2.280060528642663051e-02,2.338167897089918693e-02,2.363796569920679005e-02,2.749530724930898673e-02
3.238096184128913535e-02,2.677660476401430567e-02,2.714440368707843332e-02,2.588947620852255146e-02,3.471571084388450079e-02,4.103136125801601364e-02,2.515838312594894169e-02,3.662986264037348255e-02,3.083781040859560896e-02,3.653624553523704410e-02,3.024966585297116442e-02,4.160897835190538463e-02,2.364851763757364750e-02,3.185430003657394732e-02,3.460351580664110943e-02,1.839962605169662840e-02,1.309902145229169257e-02,2.029604290280227763e-02,2.568224454683042807e-02,2.342930067269636749e-02,2.555258845489636818e-02,3.343359730440093741e-02,2.964798298124455417e-02,1.028337628562176441e-02,3.164370467279462029e-02,3.270701378153013927e-02,3.186276750428074234e-02,3.235603409754752441e-02,2.722187389915454309e-02,2.884092273693018502e-02,2.985226285274148253e-02,2.871971127056240428e-02
4.704561438763966985e-02,3.751590949251093488e-02,2.629875573210734008e-02,2.034412379536218451e-02,3.418156441164414000e-02,4.622101365166404047e-02,3.192097065100683168e-02,4.147579554258572221e-02,4.004793821218730759e-02,4.277973656576853495e-02,4.744048966289017566e-02,5.273789942778721318e-02,3.921298749536118039e-02,3.527632415444499625e-02,4.027002539945971626e-02,3.329695966165869409e-02,3.484314183324491165e-02,3.620770133035076249e-02,4.443854195032393567e-02,3.711098321720405352e-02,3.481615595605874747e-02,3.474256327558013224e-02,4.074548801882848376e-02,2.261933549176619804e-02,4.282919978915034759e-02,4.732693478645306345e-02,4.042907350904425406e-02,4.118452506746341640e-02,3.227111227121742809e-02,3.190471930740812478e-02,3.654362826502923628e-02,4.237786251792757808e-02
2.769384581111761223e-02,2.414250918634255200e-02,1.900665597288917624e-02,2.574538305884902650e-02,2.507587013641038309e-02,3.419929361622726233e-02,1.770830829894255026e-02,2.804364267367388114e-02,3.025253539406330683e-02,2.574277639072799703e-02,1.914437814730562612e-02,3.169555876227078683e-02,1.467424288054076931e-02,2.675926846457082203e-02,2.478776643588908798e-02,1.697323619785128662e-02,1.285168487025679582e-02,2.756702472214646316e-02,2.536336968437887321e-02,1.104187685539642638e-02,2.172914019027222948e-02,3.004237192959593322e-02,2.211521110997615586e-02,2.257000832124929357e-02,2.637240533616167296e-02,3.024482874302336297e-02,2.630763212050239719e-02,2.861319185880658797e-02,1.986638295159671302e-02,2.150942448898839066e-02,1.356995876085567883e-02,1.552800347256795381e-02
3.487623574069135396e-02,3.181642927863907733e-02,5.759113319517460833e-03,2.868920392484964471e-02,1.996154546150403358e-02,3.501149420609487445e-02,1.429988690671433332e-02,3.394346930494617637e-02,3.098190427894189150e-02,3.302039661321864994e-02,3.470414977091806907e-02,3.571240146515392011e-02,1.763956784151097384e-02,3.952571066858005105e-02,2.468319840365324619e-02,2.400889031050260428e-02,2.623245891574310998e-02,3.050281690135607515e-02,3.559383028786999165e-02,2.766407743400497651e-02,3.048601713345064704e-02,3.549525477379623234e-02,3.156149135304765069e-02,2.628878993521988408e-02,3.533644763858574678e-02,4.187997018719853692e-02,2.913796059513631617e-02,3.173964379781187006e-02,2.587886716743750815e-02,2.416331840904114778e-02,2.083615363647748145e-02,2.376289395904021551e-02
