2.605152821401944194e-02,4.644404903747052088e-02,4.163720806094602794e-02,6.718141870609671551e-02,1.340017043667628832e-02,2.484998076390923863e-02,2.583835679356606338e-02,3.799738162353142462e-02,1.647914166891479085e-02,9.706493180135965237e-03,3.669828938690858355e-02,6.589487538419235013e-02,2.232103325117493556e-02,3.894577449723174434e-02,2.272831613948726823e-03,2.357692363242889708e-02,4.349790848674850441e-02,2.265992879093754742e-02
2.652244778558244392e-02,8.997632766714074373e-03,6.273976084163362943e-02,5.511535832058434697e-02,2.993895364928795058e-02,4.788103348148498722e-02,5.695701462162926221e-02,1.692251926208659246e-02,4.231680997955584306e-02,6.197233629252666548e-02,5.394347522133714073e-02,1.924412335111983299e-02,2.986347346209582143e-02,2.959481535049957035e-02,0.000000000000000000e+00,2.337563369226097407e-02,5.627668810320751724e-02,5.354431062745371173e-02
3.187610868196507491e-02,6.115402692827296566e-02,5.588920527425660784e-02,4.140663404800514619e-02,6.312113205885253042e-02,4.387002578193507224e-02,2.143584344152070845e-02,2.202162674331325370e-02,3.188857781691965126e-02,3.378214484218092228e-02,1.192725756201617679e-02,3.933653059316952888e-02,5.131743237511340178e-02,3.662769298817507291e-02,8.936990783204807123e-04,5.710719542888775119e-02,1.781840701533562998e-02,4.782904881124989960e-02
2.200226678573560801e-02,2.550080274656932322e-02,5.061206480825632820e-02,5.284644997738990185e-02,5.408710520523807991e-02,2.513029063867051535e-02,1.530742904352705956e-02,5.047768836509841650e-02,4.567781773073858326e-02,6.211705647529272567e-02,1.429412119982704718e-02,4.522283026920922988e-02,2.374981921865564321e-03,3.760803695324693718e-02,1.995392419700043728e-03,3.808922232735968694e-02,2.052251485466434835e-02,3.076853041192115310e-03
2.696070462854011085e-02,4.713910888525554843e-02,4.652632998307709711e-02,1.471876426698002713e-02,3.110189035496776361e-02,4.268584464251857363e-02,3.648786107831774456e-02,4.993334005805265263e-02,1.643375043935289131e-02,5.445710796908909829e-02,1.938379714286427025e-02,2.528146284606798064e-02,4.096716421153868970e-02,3.303960715838417245e-02,2.631776772019375071e-02,3.910365792049440639e-03,4.395876974501853468e-02,2.599533867063244172e-02
3.973711795018632087e-02,6.383706087517118655e-02,6.212926374636104643e-02,3.738901720074603446e-02,5.328029692210997648e-02,3.690278935510160618e-02,2.403042071389161968e-02,5.451957892314172882e-02,5.803253978803796925e-02,5.051702953538556029e-02,3.199466228474791979e-02,4.975243396121998424e-02,9.531023837856641284e-03,3.081324951394963374e-02,5.368194801102592340e-02,5.232633214200604899e-02,6.501915299223462452e-02,2.781989658485876232e-02
2.184984903339921153e-02,4.204438212020853577e-02,2.745195818426370005e-02,3.516026955982976682e-02,5.295322555053708080e-02,1.942431599380684687e-02,4.292837478067231677e-02,5.697597910299335988e-02,5.501035785591656263e-02,2.430302233959289251e-02,9.346340201158660765e-03,1.421626898457568379e-02,0.000000000000000000e+00,1.609541651576021359e-02,2.453604620220051560e-02,5.171870684346974167e-02,9.896180635239046341e-03,2.283613182883201601e-02
1.294992562775292705e-02,3.157765829186185563e-02,3.940923598561268948e-02,3.227838791516634415e-02,5.053389148748183707e-02,1.388202390981515058e-02,4.237254963523746226e-03,2.037999705876885823e-02,3.228934482146866153e-02,2.543838539535533613e-02,2.261010993300116914e-02,5.225662072041675071e-02,3.175157743003832050e-02,4.918747120689719726e-02,0.000000000000000000e+00,9.047851130079216696e-04,4.986591890730121546e-02,4.407189341907774560e-02
2.788937650496623941e-02,4.874189174186630003e-02,6.269450199845733041e-02,3.226812526083486232e-02,4.055538261926020654e-02,3.256672481530237251e-02,3.986849849517583311e-02,5.098877345576393466e-02,3.801224064944862951e-02,1.931508726191396783e-02,5.056839502113074508e-02,3.394279756282000265e-02,4.193588907851934083e-02,1.612779835702571676e-02,2.881696080621677647e-02,4.720092844950748295e-02,1.162206918088597510e-02,7.826929045568984181e-03
2.651642441310672615e-02,1.920627889729136645e-02,4.938393305031114205e-02,4.430228697435344837e-02,4.272674392727634357e-02,6.748387053390224322e-02,2.136205547167259813e-02,4.900721069692513115e-02,2.587249116529898030e-02,4.773759512230580510e-02,5.185519074920788563e-02,4.131622392945536403e-04,5.032211900452086134e-02,1.306056312843228463e-02,2.726218880173466794e-02,1.186520206502176406e-02,6.300072361827165068e-02,2.142645979780444243e-02
3.027592675542668463e-02,4.487387325589230896e-02,1.703317351042368463e-02,1.704321714865888668e-02,5.348825080368577178e-02,4.138746800254526625e-02,5.435220677574952031e-02,6.380842944435148600e-02,3.647380371035338631e-02,4.526365629802842072e-02,4.391991358042683646e-02,1.605015041170547788e-02,5.812598557247509188e-04,4.776214272562927243e-02,3.160304129483570285e-02,4.752247863798382543e-02,5.666635659739863379e-04,9.980811968194775244e-03
5.255572444298772794e-02,1.462768853621589787e-02,8.487541213506687512e-03,3.033746889135714372e-02,1.811400217859499007e-02,7.013754760131092267e-03,2.107142297780364992e-02,5.892763116473472007e-02,1.895978027849347727e-02,4.785512995104777151e-02,4.799565435689435305e-02,3.593849716610517109e-02,5.831712913841097939e-02,5.100475846339003888e-02,1.355396811799191442e-02,3.144618137208785719e-02,3.606202481189758804e-03,1.263469671885336827e-02
2.608853030818917423e-02,1.199989786867041407e-02,3.113489141837839924e-02,4.638206353848420976e-02,2.234372413069365959e-02,1.938408112716507106e-02,3.410662076621619188e-02,4.545003488507600581e-02,2.693370281399329325e-02,1.365026199444147222e-02,1.470834205970292762e-03,9.861999049813784807e-03,4.465615617248813729e-03,2.017960831103631988e-02,5.407495168732004724e-04,3.037876377300339700e-02,3.839672640824272690e-03,4.976640732941408490e-02
4.392160547101137819e-02,4.423376413110964578e-02,1.358808602118336331e-02,3.701913761098526295e-02,3.050604682377982407e-02,6.043511383435993395e-02,3.192448516942052866e-02,3.122737748950175571e-02,2.439385794448298631e-02,4.748321526510843049e-02,4.041169599055088879e-02,4.268298834183429508e-02,2.825883173708760090e-02,2.560520512352389838e-02,4.475296217049078151e-02,0.000000000000000000e+00,3.691744975613205082e-02,3.615156614229138310e-02
3.433887326449562571e-02,5.735102970104005021e-02,3.881441151210168750e-02,3.330570566397800247e-02,4.452072275072448126e-02,5.608212436093944903e-02,6.904407761957888703e-03,3.978867827494338150e-02,2.241138979151066288e-02,5.990041782178374269e-02,3.159870189559219056e-02,5.374214150813060031e-02,2.714674027320437139e-02,5.227019458177018657e-02,3.487835975853418452e-02,7.550041050006695356e-03,2.131810207059611426e-02,1.715098943887492441e-02
1.278664536400903919e-02,3.640747286751631201e-02,3.583285709039096129e-02,2.412225926899926043e-02,2.128695443822573030e-02,2.587781628788876284e-02,1.277124834318640184e-02,4.731365012361586631e-02,1.932303049071797119e-02,5.486661561358117251e-02,3.520973339864044011e-02,1.275710412586398765e-02,1.045371136351933537e-02,4.823180962287511309e-02,4.308686579776854764e-02,0.000000000000000000e+00,4.256759316659129017e-02,3.089930734918979946e-02
2.478218851868938324e-02,4.836092929772978222e-02,5.862857877417568253e-02,3.114520692918210792e-02,3.001823555939170038e-02,5.155365124630533619e-02,4.001113275743843622e-02,4.880848860123838950e-02,4.495260978927486523e-02,8.120017004225646082e-03,2.881011906920219467e-02,1.148043987106394000e-02,3.046312708194415242e-03,4.180690419753439052e-02,1.173784632096342567e-02,0.000000000000000000e+00,3.675576838324280671e-02,4.086820236139687701e-02
3.327537124361189952e-02,1.746272604448376523e-02,1.846559443384282115e-02,3.765908861945996972e-02,4.162599508513693120e-02,5.163785261896268464e-02,4.147800993199685787e-02,3.587913602245693806e-02,3.305758097566845188e-02,4.160792661001638110e-02,1.367037671115887802e-02,1.674666192803193204e-02,2.635219776633159318e-04,0.000000000000000000e+00,1.342975615155191788e-02,5.951389092801160491e-02,6.193679837153886342e-02,4.752030168882130645e-02
1.377044877545473625e-02,3.378603820406277797e-02,4.589341147353925843e-02,1.940146790502966095e-02,3.409973020067529059e-02,7.043961174094838865e-03,2.043526300196031251e-02,3.919917565578741325e-02,4.200218072287562054e-02,6.276438485841394355e-02,1.335806062369090290e-03,0.000000000000000000e+00,4.958097119446813056e-02,8.149453941826244731e-05,5.317340546159943226e-02,4.901329325812413956e-02,1.594946616706027775e-02,0.000000000000000000e+00
4.717151253011283435e-02,2.469073940984569532e-02,1.737532989144170356e-02,5.520898738087076651e-02,2.694828987735682635e-02,3.186150910832342281e-02,2.850936562464983018e-02,9.088786071527105159e-03,3.800284269096744494e-02,4.392737516737482695e-02,3.485895095486292450e-02,2.797930192030608550e-03,0.000000000000000000e+00,2.336449822707891821e-03,5.425444711132354492e-02,2.802792385632160363e-02,4.516682729087980602e-02,0.000000000000000000e+00
2.818465906306410335e-02,3.701474835988943779e-02,2.873289577017816565e-02,1.523263253321021325e-02,4.818601832371723070e-02,6.056181759103188011e-02,5.443440460132234482e-02,2.858268558268470261e-02,5.403570024722596093e-02,8.535320848990233036e-03,1.183338581697725850e-02,1.868721836302571215e-02,4.139957134183714260e-04,2.720081350019620814e-02,5.254834840264942242e-02,5.538546548845091344e-02,2.929959838403653483e-02,6.186842995157494640e-02
3.229628210751988356e-03,4.440893301316811009e-02,1.348657362889005631e-02,4.512733586859868362e-02,5.295399783776717079e-02,2.080544120957987519e-02,3.603907957260610306e-02,5.224464982298383103e-02,3.094649881411658254e-02,3.210186193844195152e-02,4.471709063968919151e-02,7.989523802365481459e-03,4.017346510851533409e-02,1.717226749849261325e-02,5.066438381146552705e-02,3.428604520481907253e-02,4.175196921670421002e-02,2.055582627489657352e-02
4.351489970800215268e-02,4.574839947658940892e-02,6.909160967289182907e-03,4.459169406432748894e-02,5.214219150056713381e-02,1.219485440615448394e-03,2.994844476591082202e-02,2.847994966417798091e-02,3.434811332596136857e-02,2.104532395362548533e-02,2.729493402604412852e-02,7.196910388551876377e-03,5.175311465251992982e-02,3.806213571964928849e-02,1.211141017015323609e-03,1.314700110373181845e-02,4.810574175195279911e-02,4.518659391551208687e-02
1.989067434799611164e-02,1.670371626621915476e-02,1.080772152576559529e-02,4.331529823756018888e-02,3.553022138448223149e-02,2.559449621080200216e-02,2.168266121764519591e-02,5.962107447941523974e-02,4.606722781717642601e-02,1.583163921703920410e-02,4.860105085398788022e-02,3.023736924339165758e-02,3.223481474605056039e-03,0.000000000000000000e+00,4.621404035421875639e-02,2.490014078816450704e-02,9.285713122203055961e-03,1.922892109904402944e-02
3.279881350704913490e-02,2.619371644581076214e-02,4.766320619706318484e-02,4.742608838175645797e-02,4.764573440811910310e-02,2.042492772455768019e-02,4.322672923386867982e-02,3.302922558151946686e-02,3.559129021824890271e-02,1.817673469601927688e-02,1.030673018334673195e-02,1.641492558503705387e-02,3.103786296743458323e-02,3.676396180531975831e-03,0.000000000000000000e+00,0.000000000000000000e+00,0.000000000000000000e+00,3.457084168822713993e-02
4.359475440718071221e-02,4.926147903437062825e-02,4.203977687535307567e-02,2.500956916575132125e-02,2.592995446232624832e-02,1.231438413089434511e-02,1.807653577081151999e-02,3.152159570019447826e-02,1.639591642836344190e-02,2.555902133658522271e-02,1.417393830086093390e-02,5.477116037334954501e-02,3.923176811460667851e-02,9.256793790908912287e-03,1.229051554245432117e-02,4.660816726076533884e-02,1.632417525592022925e-02,4.732592699629663974e-02
1.411202836018398896e-02,1.826386693980085185e-02,9.340006883493243497e-03,5.145181304520553278e-02,1.388243154691144927e-04,5.093564505463234887e-02,6.591368079029956417e-02,3.614559994145429001e-02,2.235652816662567904e-02,4.042131751300321457e-02,4.236953446518301053e-02,0.000000000000000000e+00,9.981060727030066290e-03,5.312188218527005151e-02,5.687127923460080781e-02,0.000000000000000000e+00,2.409103082409069785e-02,1.486214889781125540e-03
1.847427525283320410e-02,5.779474973985496145e-02,2.936412771746209349e-02,3.312144704792420458e-02,4.578265076024730373e-02,5.505049823448071589e-02,1.877695166989940337e-02,1.635536315930938636e-02,1.008127860404439257e-04,1.418055574937610724e-02,2.140248436059851572e-02,0.000000000000000000e+00,5.603342933793710456e-02,7.383212064233135412e-03,3.389059081018229447e-02,2.753716784770429346e-02,5.575342334493719326e-02,3.110896014049253921e-02
4.677278156022901534e-02,5.468727982838434559e-02,2.267178165033377837e-02,1.119522129495620008e-02,4.152967657289860504e-02,5.201593429221430809e-02,4.643505030755940011e-02,1.694567067891456988e-02,4.026334412204406188e-02,4.718631216777112447e-02,0.000000000000000000e+00,3.213700872187537361e-02,4.399804558143820266e-02,1.461459329029266528e-02,5.710513575487075749e-02,4.996567901273216150e-02,8.946948124601505903e-03,1.091276136680155006e-03
4.140383751833213999e-02,4.222185965137240787e-02,8.616397919077896719e-03,4.231975273225988682e-02,3.607817556354778882e-02,4.365630788428888701e-03,6.712885183542117952e-04,5.148193935122011983e-02,4.121305219578082213e-02,4.214354257206372883e-02,3.379637509737590945e-02,1.064123155511153239e-02,1.277952187857450336e-02,1.933254808672899699e-02,1.192610296288345618e-02,4.791251167615548368e-02,4.189824853846615266e-02,4.313608100867742656e-02
7.737669778148064184e-03,1.217966770594190902e-02,9.018751044691202326e-03,2.344821406169876957e-02,2.544231586697049546e-02,2.393793689987940704e-02,4.435419112648562867e-02,1.747838859871779851e-02,5.365565627320535713e-02,2.109194770085979359e-02,2.199008588322092991e-02,4.051966058145842209e-02,4.708616036063303228e-02,1.134507114890397073e-02,0.000000000000000000e+00,3.592426176563979362e-02,1.813864685134808710e-02,3.041683945935123173e-02
3.394917422465323908e-02,3.657032617495300370e-02,4.763194669573216078e-02,1.531766538478830132e-02,4.082801476377509453e-02,3.638042127686548499e-02,4.858582854065451179e-02,2.483178934974831359e-02,4.876072693928931723e-02,3.529876001972071659e-02,0.000000000000000000e+00,5.639277054459668377e-03,4.240882087204322914e-02,5.828096305580697523e-03,3.710986944480658498e-03,4.826858652389012794e-02,5.557403040110320269e-03,2.974339874775356815e-02
5.206147218934602250e-02,4.961567515558922697e-02,3.186723239011020337e-02,2.009332336754325252e-02,3.638175842076340344e-02,1.263273730901173959e-02,3.241684405081481785e-02,3.968831920833159471e-02,2.922543897530324730e-02,2.035250480454877525e-02,5.828937186125690562e-02,4.150244426739003317e-02,4.980459957873290683e-03,0.000000000000000000e+00,3.416443639724882353e-02,2.060100183709342656e-02,4.560106976738001472e-02,1.712663745559859022e-02
3.507608781672339610e-02,1.742241402284266591e-02,4.557789004045096487e-02,1.464076251067350336e-02,1.190798670964348695e-02,1.483544843987983849e-02,2.176017947600377908e-02,3.962812962235279235e-02,9.437992119692713289e-03,2.305747884403810954e-02,4.421549349330779199e-02,3.419885121139814438e-02,4.304250429304436187e-02,7.078207183821903434e-03,4.918926950502643808e-02,0.000000000000000000e+00,5.163673150779556076e-02,0.000000000000000000e+00
5.485184445225799871e-02,1.066013670433056670e-02,2.362588253380780434e-02,1.520010329576599283e-02,4.289734220383614738e-02,1.418733350901375465e-02,4.589441719312316315e-02,4.524316570081120259e-02,5.906718533590584602e-02,4.384343957760777205e-02,4.043484590698272901e-02,2.114772302484219449e-02,4.216581942218616125e-03,2.719090584799033553e-02,0.000000000000000000e+00,2.714073290148178233e-02,4.392991550974530146e-02,7.147667212554280509e-03
1.869761311008851304e-02,3.636063557905660354e-02,4.313132764504053890e-02,4.169303042325985670e-02,5.835682950927654350e-02,1.744556167826522008e-02,4.396116797088966965e-02,9.914927180730646189e-03,1.344214464085868171e-02,2.272859141677730302e-02,0.000000000000000000e+00,2.452376831791602124e-02,3.052993720234236860e-02,7.132691428931540057e-04,0.000000000000000000e+00,4.762349409406067130e-02,9.581703485555056674e-03,2.553335179844729713e-02
4.358532611062141543e-02,5.595137206249997663e-02,3.534370979348977482e-02,1.150413592305600009e-02,5.682615148544233052e-02,1.163302527395595511e-02,3.569161215852329622e-02,9.942149217987635706e-03,3.320328720562627095e-02,2.387802624596132087e-02,3.833440427318550447e-02,6.655383606841403475e-03,4.101778556853921676e-02,1.285690319442672975e-03,3.849611061306749960e-02,2.336075624327856037e-02,2.622432951201436602e-02,5.043140574319698172e-02
1.882054441210215603e-02,1.092426120350150666e-02,5.107772537507818122e-02,3.889065178640806891e-02,1.978713004054226138e-03,6.361006843918715938e-03,4.555047689152607465e-02,1.191528825765898227e-02,3.412870170778539020e-02,3.338723316144701775e-02,0.000000000000000000e+00,5.128803755230425254e-02,4.625527154051855844e-04,5.319285771403912261e-02,0.000000000000000000e+00,1.327155050050043798e-02,4.366990592776330560e-02,2.136294058808991050e-02
3.041609633474592900e-02,4.303796164298694105e-02,2.087260269247495290e-02,1.864410193414591660e-02,4.573921233583217588e-02,1.610521370314675974e-02,1.925375228267134364e-02,4.487050343751004811e-02,3.103658449807282158e-02,9.221530638092296367e-03,1.065986027263688546e-02,9.011342932164986136e-03,2.386541794677029399e-02,2.415901862863890220e-02,3.523218767433469734e-02,9.212676391559223785e-03,0.000000000000000000e+00,2.693335546636903537e-03
4.312189953751127680e-02,4.680025221750102465e-02,1.130897403123637922e-02,1.653322116610084214e-02,1.575624725143332308e-02,2.492292068455930279e-02,5.521086716880906076e-02,3.437616875377769859e-02,4.721746963526585877e-02,1.162698618929072086e-02,0.000000000000000000e+00,4.702069159172012763e-02,2.039203361103548301e-02,5.376857090161293179e-02,6.253104083184117361e-03,2.992715384474808546e-02,1.045003323702192385e-02,0.000000000000000000e+00
2.468001911312608931e-02,1.413788520507672231e-02,2.514344267674375327e-02,3.308082770224406860e-02,4.394707581316179001e-02,5.168899110412120135e-02,4.278719575336253911e-02,4.437013253167004095e-02,1.522161312916684058e-02,2.860685262309348512e-02,0.000000000000000000e+00,4.123412609521175803e-02,4.076411630654238477e-02,2.006815106601228527e-02,4.172447161108267660e-02,3.724554110923811081e-03,2.645449138880989065e-02,4.778056170609758235e-02
1.275556073825556518e-02,2.131617022993543761e-02,3.259699074746449238e-02,3.969472264849729926e-02,5.975820335734036669e-03,2.189107561165299157e-02,2.624335187106408354e-02,2.236203772655090405e-02,3.921717435253488371e-02,5.467313741099727453e-02,2.072492984172618832e-02,0.000000000000000000e+00,4.858311870715764647e-02,3.853229887021334538e-02,5.541892223049629113e-02,4.134025869409448106e-02,1.466845757293114977e-02,0.000000000000000000e+00
1.870762409536367091e-02,5.319023921146451284e-02,1.657655637624869116e-02,3.315310278405691341e-02,7.161796658838183015e-04,9.081429116491466016e-03,4.399417866600414950e-02,2.674227756861277672e-02,5.618968598265055778e-03,1.199903316040036930e-02,2.167556254069849878e-02,4.502805635118119210e-02,5.196119298647829121e-02,5.391906239685362312e-02,4.406270049699801544e-02,2.203207011294689571e-03,1.804371356727010531e-02,3.190820283996535518e-04
4.697967831887617240e-02,6.906870309097559030e-03,2.361016602423863468e-03,2.027054938155709030e-02,1.253272080432222060e-02,4.354063014259513392e-02,2.072564090105902257e-02,3.076707365253988566e-02,5.876236534554377805e-02,1.213121426905031976e-02,0.000000000000000000e+00,3.795639727271363315e-03,2.057415976889023779e-02,5.233699507493368153e-02,1.347357752420093313e-02,2.296312155119999143e-02,2.560503307754130597e-02,1.052276586511735612e-02
4.293781551084169257e-02,4.129747992302702786e-02,4.945396829463256233e-02,3.410178551606941888e-02,1.515590525241528562e-02,4.135588777442266578e-02,4.323330252118221667e-02,3.447149492063987519e-02,4.683146514487016021e-02,2.732381478744814671e-02,3.562876228679300039e-02,1.160939855756536361e-02,1.209739173856918398e-02,5.110075124524255524e-02,5.130354098762868881e-02,2.217233048191628517e-02,2.403351491672282847e-02,2.856908769409357077e-02
4.868895917859560052e-02,2.041229260648454863e-02,5.136911897119814802e-02,1.277542776933427750e-02,1.111812406046139984e-02,4.298300748903229745e-02,2.918363658689450760e-02,3.315167772025590792e-02,2.827908691945952083e-02,2.197496702052322351e-02,2.993115187344182887e-02,4.953881608627521034e-03,5.046498245650247322e-02,2.073285388699665915e-02,7.476090874839221153e-04,4.123681860413314949e-03,1.112477396756942835e-02,2.877374751210232812e-02
2.528016152431167285e-02,2.663039531010668801e-02,5.074717757160354670e-02,1.729660950743833192e-02,4.564200965056185166e-03,6.423464500929764939e-03,5.703565377015300253e-02,3.932869052430924134e-02,0.000000000000000000e+00,5.363621563919342833e-02,2.635330707838571054e-02,4.966270846284180640e-02,0.000000000000000000e+00,0.000000000000000000e+00,2.190157481452815330e-02,4.222224391366538251e-03,2.239315246507688276e-02,3.273160889934175616e-02
1.644691065607473135e-02,3.373032652496332773e-02,5.912225976846959691e-02,3.193488230571819853e-02,5.369120351624502574e-02,7.637129280527498246e-03,3.920056753853148792e-05,8.600350216344757742e-03,2.788475038087739194e-02,2.126555182556783691e-02,6.118360568601186739e-03,5.261244503613981410e-02,2.635721042243285416e-03,5.345195173891399698e-02,0.000000000000000000e+00,5.329944843107328051e-02,5.600594093927953321e-02,1.330296338201130421e-03
4.765323529181807183e-02,3.576100081827141008e-03,3.630396718569194048e-02,1.024026173334435276e-03,2.268620651710480038e-02,2.436681649518068066e-02,2.615013523721631400e-02,3.901574595658706401e-02,4.680622973174922846e-02,5.065379833922567521e-02,0.000000000000000000e+00,9.077586063386662574e-03,3.536239790785910414e-02,4.709328816529979173e-02,0.000000000000000000e+00,1.055621412700671023e-02,0.000000000000000000e+00,5.452081666546131772e-03
6.930177205335102258e-04,2.104221784754001234e-02,3.906426022251479474e-02,3.045891013976436204e-02,3.965736197053016526e-02,3.535357474047853138e-02,4.428761129566643334e-02,2.375445155518658355e-02,5.323383366433855762e-02,4.552747717659880872e-02,8.993662012099267258e-03,1.884429850946646445e-02,1.196915648753252813e-02,2.444569130942924814e-02,3.556835336900712741e-02,0.000000000000000000e+00,4.242378984005680531e-02,4.593489951760292705e-02
2.375040790713510777e-02,3.834791169923983806e-02,3.126075635264163877e-02,2.731819668491776432e-02,2.419586801417056982e-02,2.061818797950501492e-02,1.653298306556606756e-02,7.542465720992311794e-03,3.711521954390026995e-02,2.228248834706467868e-02,5.773621921858078376e-02,3.016212676512504409e-02,3.468291231786772844e-02,4.864009093131640982e-02,2.025689472738760252e-02,2.680993857339862910e-02,4.991950838393065942e-02,4.162808083844320162e-02
0.000000000000000000e+00,4.173900876656395226e-02,4.113124651147471306e-02,2.224444569733551730e-02,3.731778692701438055e-02,3.684748952340341499e-02,3.073559060457030020e-02,4.584359293092076654e-02,2.896062300849965368e-02,9.882742291836053936e-04,2.605609940101977218e-02,8.207603424153558577e-03,1.089952477535837717e-02,4.881104410107624941e-02,2.388652019523934342e-02,0.000000000000000000e+00,5.050889196959831157e-02,3.874191825785324589e-02
5.307470023805552911e-03,3.758411264334463736e-02,4.825182465646296603e-02,2.398778871400648882e-02,3.485590344433775879e-04,3.117486099427522334e-02,4.993236213232089132e-02,1.498934040738894298e-04,2.882042588151518744e-02,2.986000317404676266e-02,3.205535396201773107e-02,0.000000000000000000e+00,3.648143328261924806e-02,5.583228119284710557e-03,0.000000000000000000e+00,2.091999200411959799e-03,1.097244485690388426e-02,5.107975471684197966e-02
3.908590897173302992e-02,1.131472015929517461e-02,2.643805420632553034e-03,6.706344692977032895e-03,4.619972567160404719e-02,2.959044835469006735e-02,1.794344915081035399e-02,5.310450547218185241e-02,1.512422310413099810e-02,4.230100462209977069e-02,4.280989876622112722e-02,4.376333971320643668e-02,4.972129361511438278e-02,0.000000000000000000e+00,1.460111420388797432e-02,0.000000000000000000e+00,0.000000000000000000e+00,4.462704563150304837e-02
1.893850272242939350e-02,1.157656684820478413e-02,2.673313102558613416e-02,4.373424314553690101e-02,3.214627870325511422e-02,3.949071913604598055e-02,4.323034325801305977e-02,3.515773511312004357e-02,3.456604456879399604e-03,3.392008707015466834e-02,1.487582901528736699e-02,3.320584980165224021e-02,3.518652965232697306e-04,2.897704715891690624e-02,0.000000000000000000e+00,1.618425987714612255e-02,6.272838715062387105e-03,0.000000000000000000e+00
2.304495396621825815e-02,4.735341936775634697e-02,7.717677330604304393e-03,3.014507325791810841e-02,1.589255772351092291e-02,2.449563644948977992e-02,4.264823241667686782e-02,2.883628307924430371e-03,5.302351924696375313e-02,4.222602472124900586e-02,3.996382168315235073e-02,2.849373896242989035e-02,1.639805787170580884e-02,0.000000000000000000e+00,1.409753333982738388e-02,4.273446902727637969e-02,1.003576299428401812e-02,4.568215603801442648e-02
5.241985420347278213e-02,5.901556000877457298e-02,3.694035614133044099e-02,1.777657469219397560e-02,3.727440769342893478e-02,1.338488191453027221e-02,3.405737545964651614e-02,3.049471943443753802e-02,4.662808978993357445e-02,1.670901431955902627e-02,0.000000000000000000e+00,1.582000741656191048e-02,1.552473681981178348e-02,1.481361960013485336e-02,4.208844299339713907e-02,2.291658790552048020e-02,1.145876417922583358e-02,8.423372097093860880e-03
3.757887068553040361e-02,3.176633857124191301e-02,5.831189950860382609e-02,2.616240443594496090e-02,3.593955385708972466e-02,1.304356228106254810e-02,2.753111180242489436e-02,4.178563053903801283e-02,9.458624547535956356e-03,1.585877684378755523e-02,1.831758267050314758e-03,4.376008398524883214e-02,9.362027077414175960e-03,0.000000000000000000e+00,5.157617965956191181e-02,2.760937278657513844e-02,2.068068672970351050e-03,2.969072080612596143e-02
2.329473897721204625e-02,5.645429825095164139e-02,2.115800583715195596e-02,1.314908525506607896e-02,5.670302285701438877e-02,9.206887024906672615e-03,4.599394189316011183e-02,3.495365362985007607e-02,1.095472865917684543e-02,4.374570097027387361e-02,4.633536949250324083e-02,2.311352076142673961e-02,1.969651843727211055e-02,2.188683838539198442e-02,2.964999715674477426e-02,2.117514790548141387e-02,2.386418528132025138e-02,1.995249954902494904e-03
3.918467725102650623e-02,3.135586986683211452e-02,3.066862019599515474e-02,1.161084040274910217e-02,1.198913153967896654e-02,7.884165148545431434e-03,3.981412802682889746e-02,3.155523331863287900e-02,1.756102267568651273e-02,5.547145371483798437e-02,3.559980484521495236e-02,7.676980487832491332e-03,2.600633221278840848e-02,3.328300913451521202e-03,3.904242901398901483e-02,0.000000000000000000e+00,7.842979697376736142e-03,0.000000000000000000e+00
3.040728150067107186e-02,5.178117865008349807e-02,4.051309302583115668e-02,3.118400287129729706e-02,2.079897501947052668e-02,1.416760485234285112e-02,1.360339756910569110e-02,5.541612393854509350e-02,1.315647693188790220e-02,3.924341687306395765e-02,4.137058141994055110e-02,9.077089459203399255e-03,2.843549773191243052e-02,5.041995511353043052e-02,1.477123501819332073e-02,2.735324058286908722e-02,0.000000000000000000e+00,1.629895649275188776e-02
2.140803970595559977e-02,1.112730643747080611e-02,2.830243808048342469e-02,3.502156144896589711e-03,4.107273174214978728e-02,1.766446965086911416e-02,1.260094375594604868e-02,2.875442807701308542e-02,4.385207998060869361e-02,1.154838933248143219e-02,0.000000000000000000e+00,6.492365259903979356e-03,8.346554053197978093e-03,4.902051956384610720e-02,4.402057761979542155e-02,0.000000000000000000e+00,1.841623908913000637e-02,1.791250773988543182e-02
3.720695233413570148e-03,7.335105270593662678e-03,4.539288208986733825e-02,2.964007816943416140e-02,2.498130973834750135e-02,2.868032841318186518e-02,3.626949468094437662e-02,5.347284852755278955e-02,4.030724113044706347e-02,5.845578423506916921e-02,5.543048721200802970e-02,4.584559697968526928e-03,5.268005414490080363e-02,4.186614534157835632e-02,5.233448752792383557e-02,0.000000000000000000e+00,0.000000000000000000e+00,3.608196159773751494e-02
2.223449800034313362e-02,2.120537939244729331e-02,1.949730156318712701e-02,1.919345936774784905e-02,2.808427162440775560e-02,4.272011751845677940e-02,5.540941565264689145e-02,4.225918237663237736e-02,1.976866464409344701e-02,4.697148164016399369e-02,2.640720515102623275e-02,2.902402359881804672e-02,2.786110045083323855e-02,3.095390445509542746e-02,0.000000000000000000e+00,1.545136622071625367e-02,4.479937176448445940e-03,2.233340050916295810e-02
4.459087782046997073e-02,2.167214016441396454e-02,4.057731204253499369e-02,3.333564641276717724e-03,3.978907335109772674e-03,7.979602940144131518e-03,1.500684045492306322e-02,4.397852879001106635e-02,3.801565986193676527e-02,4.153590576946848342e-03,3.293563477583080767e-02,3.221626567275132774e-02,3.395399676479205625e-02,4.896709897697255898e-02,4.989985837819706921e-02,0.000000000000000000e+00,0.000000000000000000e+00,5.152043043261026606e-02
9.212920579883619732e-03,3.631114697835630817e-02,3.171909502410774628e-02,3.854507359141747663e-02,1.538814234317371216e-02,5.317320158129514723e-02,1.328242107601302485e-02,1.386404056059484940e-02,1.878277655885567457e-02,5.921509712090628624e-02,2.832083782140567413e-02,1.229759632400695413e-02,4.505340728425662883e-02,4.399343595690325542e-02,2.966940261701868711e-02,2.875173267201305144e-02,3.900396873414588295e-02,1.673677991313617108e-02
4.779841913703700151e-02,3.484632109898821301e-02,1.019124499145650058e-02,4.500936669275296120e-02,2.419515582464723188e-02,1.839558027917312724e-02,4.493036632915520939e-02,7.740755250763139625e-03,1.634831787729216016e-02,5.202867422193292041e-02,4.550554396955117098e-02,8.813682537016611501e-03,2.802992575611910203e-02,1.501306268231333320e-02,0.000000000000000000e+00,1.411254443087218459e-02,2.893097046184455942e-02,1.689659958409539921e-03
1.929491353357095859e-02,3.908299567312606415e-02,2.565188071323388358e-02,3.059351394926544329e-02,3.406449339550583072e-02,2.232345349396672174e-02,4.023590718804832995e-03,4.300373078981657715e-02,3.409293635272338946e-02,6.931933134459715429e-03,3.372249050439327100e-02,4.058306434283661529e-02,2.827269925500576486e-02,1.149816910855754742e-02,3.111783103368951156e-02,0.000000000000000000e+00,7.585774679224424957e-03,4.064571429600753738e-02
1.558473258182990935e-02,3.287325126979492168e-02,1.490967798412200923e-02,5.097882619864129577e-02,4.478806394668909813e-02,4.966950653295694462e-02,4.660707207785173833e-02,4.141650273874446231e-02,1.072528908310352996e-02,1.757328827973019675e-02,8.231427360428575368e-03,3.171276370148017748e-02,7.294688575399700670e-03,2.413220416768990101e-02,1.779406315650550532e-02,2.727587479834898618e-02,1.150880266262955393e-02,4.998579476677385280e-02
2.431191747265264505e-02,5.884040670072653023e-02,2.149651363057853912e-02,2.848676666825606177e-02,4.281459990579961072e-02,1.636409933547478684e-02,3.225739176215425275e-02,4.688273012735387490e-02,1.939543031851542754e-02,3.944739026769174955e-02,2.051773897835597674e-02,2.411301384964112740e-02,4.170380458518722910e-02,1.341312591563596085e-02,0.000000000000000000e+00,4.923973140651988212e-02,3.225323329052829507e-02,4.348893163594218236e-02
2.135967240396770619e-02,2.352535567949565198e-02,7.639441989927214273e-03,2.838095364504476456e-02,1.149807007290534581e-02,4.847906099916757944e-02,2.240397091625803000e-02,2.459986458953018068e-02,5.472596292562267872e-02,2.130229873001432059e-02,3.778470398682135661e-02,0.000000000000000000e+00,2.032954005019526472e-02,1.260996062554877069e-02,0.000000000000000000e+00,5.020097764190783324e-02,9.804020513566897438e-03,0.000000000000000000e+00
6.803066370310911250e-03,2.497250863994973646e-02,3.303261322238276038e-02,3.386762088921786706e-02,2.193332975995591558e-02,4.355486773073140305e-02,1.230657551937074969e-02,5.279299792052679838e-03,5.516986090710180451e-02,3.862300007272081309e-02,0.000000000000000000e+00,4.306854021778978164e-02,3.722099791998684931e-02,4.416814948078957859e-02,4.373570023297392896e-03,0.000000000000000000e+00,9.650092877382493786e-03,0.000000000000000000e+00
1.651762783674511070e-02,4.512843308866597292e-02,7.560021341031393331e-03,4.950115679506321420e-02,2.790925701848765914e-02,3.070601329430625720e-02,4.938376002337759724e-02,5.692576836206678960e-03,3.215123699805996077e-02,3.552001229712275360e-02,1.921421477839223638e-02,4.466282645189979111e-02,4.862495128750399243e-02,1.191639682431017838e-02,0.000000000000000000e+00,1.233670594085782210e-02,3.821437641545399888e-02,1.980346680289050629e-02
3.531257614868024003e-02,6.701424755816791194e-03,2.448088175014598994e-02,3.748550918859098330e-02,4.852192121408418352e-02,2.489665834163096170e-02,5.412900564766052287e-04,1.116272010129505318e-02,1.344340328358318041e-03,1.094080214336249843e-02,2.561781592528295307e-02,4.235675506552920994e-02,4.467542849570617369e-02,0.000000000000000000e+00,4.391259049146627180e-02,4.311868091578523882e-02,2.116974546479217026e-02,4.660140028746815460e-02
4.923963690843641966e-02,2.344954148934577653e-02,0.000000000000000000e+00,2.541120406685126037e-02,1.170199251218915007e-02,2.472814967339213854e-02,2.855744700374046596e-02,2.314506246574015227e-02,3.110913233080245949e-02,8.668689899646232766e-03,5.500666544244122401e-03,3.223701607823507148e-02,3.375555671241520228e-02,4.150644685106468640e-02,7.036094368591916219e-03,2.470724606068612841e-02,5.244858296590627217e-02,3.714209915488024538e-02
1.440178874425613285e-02,2.287977835984263131e-02,4.029388945956285939e-02,2.044985368925490363e-02,9.895217593810467366e-03,3.789083746027506472e-02,5.597194808602499322e-02,2.676240941554013791e-02,1.482870063993072668e-02,4.652662085740644909e-02,4.283553031807249556e-02,6.104598782909657385e-03,2.268577847633483635e-02,1.360198885873966507e-02,1.036947472703286452e-02,5.133560610579144395e-02,0.000000000000000000e+00,6.040909595543967128e-04
9.782791243584094618e-03,5.402357247073120983e-02,3.622538980236733597e-02,2.894537760388392680e-02,4.686070498607468326e-02,1.288624226373314037e-02,4.340346929741537019e-02,3.388878980654482648e-02,1.635435005330500291e-02,1.194806376387883527e-02,1.553014849080689916e-02,3.809726941715542436e-02,0.000000000000000000e+00,5.824894582916893306e-03,5.145178912503178131e-02,5.047442682268495073e-02,4.603176641302197253e-02,0.000000000000000000e+00
