4.101458840478633405e-04,2.791918438626285470e-03,2.335732903822919371e-03,2.189563859513576904e-03,1.413689274487667930e-02,8.794699024355520645e-03,3.123208365845451737e-03,8.265924942076147142e-03,1.489491506590193658e-02,1.581504373987518974e-06,4.401724722178369277e-03,1.443565507915116342e-02,3.702077161300662295e-03,5.375172301885278170e-03,2.501427857290808299e-03,5.487444120189195577e-03,9.330429775875146575e-04,4.556839530394596327e-03,1.287537549953582383e-02,1.981866739588023646e-02,4.626433387965728228e-05,4.278991529435866026e-03,2.087868855355178282e-03,9.907806386735502902e-03,1.641244384318028826e-02,6.665850456212006614e-03,5.202134334777736534e-03,3.832902710781908168e-04,3.467820745821120938e-03,1.372912522739869190e-03,1.184532612888300473e-02,4.277259932313141888e-03
5.741196394136338643e-03,1.655466860334165943e-02,1.177884083872832166e-02,1.145666129954188081e-02,6.127168708760726001e-03,9.356167414561980533e-03,4.846141777899585015e-04,1.891102662222374784e-03,6.715258412631625040e-03,1.315714851627877713e-02,3.064506828035114261e-04,1.823164507400523715e-02,2.942096951061356786e-03,3.330016990323272918e-03,3.864374061945952121e-04,5.383175119256665767e-03,4.324661935395985105e-03,9.597270875049412897e-04,7.766897325969190913e-03,2.756719656876051305e-03,1.319487443937560067e-02,5.775835437851928322e-03,1.260587323221898110e-03,7.491421750962059742e-03,4.922604469739570721e-03,5.022238966474475153e-03,2.365945602454310053e-06,2.073275557768169616e-03,6.038131725126591118e-03,6.364626006589574336e-04,2.852720535754874054e-04,1.363660066366741141e-03
3.183993765724327241e-03,6.265403899838588309e-03,3.822227083069940773e-03,4.962999235289117239e-03,9.550908890492738890e-03,1.139381119287338762e-03,5.745197685039574176e-04,4.841074141469697834e-03,5.565277475844850052e-03,8.464096970827436617e-03,1.501016068900642986e-02,1.455761007734715333e-02,4.807188498078728001e-03,4.217721534286664187e-04,2.210861386016452906e-03,9.008675410692751351e-03,2.821919041001139106e-03,1.161537254621078374e-03,7.887344753745854919e-03,4.344632515315693944e-04,3.635162803653911590e-03,8.370776948114935431e-03,7.917793070766065977e-04,3.199380046861266536e-03,1.624916466604064968e-05,2.181378102446944467e-03,4.626212532851727358e-03,3.790185409934671013e-03,3.995732898514736675e-03,3.969777398337141772e-03,1.244634451161789890e-03,5.684619110211987236e-04
3.113999539535394767e-03,1.439571948331125817e-03,6.489383339329329869e-03,6.387323012167556331e-03,9.217759848209328144e-04,2.490811287911010030e-04,3.013532993468674703e-04,1.152940971891651010e-03,1.437495310351780088e-03,3.100807974038499726e-03,9.240858665102312432e-04,3.179663682126757096e-03,9.227081544391294021e-04,3.963555973046546665e-03,4.890900001710440925e-03,1.353446334368644871e-03,1.544821671723607985e-03,4.533360343516971980e-03,5.111566437839198604e-04,2.575452020106196865e-04,5.917188245549011988e-03,1.809643386366688311e-03,8.191909560127596471e-04,4.531024789147155424e-03,1.036690545156465117e-02,2.945224354381173471e-03,2.712931580515950004e-03,1.881487307772440609e-03,4.795057766133887481e-04,6.655721424540947395e-03,5.537149140234093325e-04,4.154020687266439527e-03
2.467814906342055692e-03,2.314301721017111846e-03,4.471599783624245067e-03,9.386846240771120828e-03,1.609764474626611611e-02,3.550654387837116899e-03,3.174328804873036841e-03,4.244041069490014917e-03,1.369763538629581445e-02,1.033680645007954702e-02,4.830016658540200146e-03,6.539983811531389912e-03,5.436226577487060507e-03,1.232290942009835188e-03,6.218053646666301532e-03,1.243943578554916260e-02,5.447834187248181727e-03,1.527585186464473430e-02,1.197333264399177283e-02,1.105244228978785603e-03,6.652150083677893511e-04,6.594404868724965119e-03,7.023948972588076392e-03,7.273389444509142931e-04,1.287999370338228922e-02,8.005505241660965110e-04,6.720858205707186221e-03,7.211569431030359113e-03,1.204205912248523629e-02,4.131868195168912627e-04,1.449489346675263135e-03,5.065544633552281767e-03
7.518235541190765661e-03,1.586269561929748440e-02,2.952909446825465606e-03,2.538383870784186036e-03,1.205540643181916144e-02,4.706834348182753480e-03,6.648798106460657165e-03,1.106892605885832770e-02,1.210540091276023772e-02,3.086060872388925701e-03,1.198868925284582443e-02,5.226039533123652894e-03,2.447666514326651832e-03,1.559013591246532354e-03,1.116979486908420850e-03,5.469277831152141722e-03,4.811582725814875228e-03,1.805829689414832628e-03,3.571351919644805140e-03,4.620447137487146416e-03,4.072338362207517451e-03,3.318312489986249402e-03,8.456534670655185826e-03,3.184666566266855514e-03,1.034743906621928000e-03,1.428255707760776871e-03,8.067011510302923849e-05,2.427949385521704917e-02,1.273898940814481573e-02,3.348060167166668887e-03,3.511167694422094414e-03,2.844655843856902511e-03
4.158274455441257622e-03,1.694797618624442094e-03,3.294197091202391570e-04,9.175435626459142388e-03,1.279410505537825413e-02,7.149136027035582486e-04,1.113065650733084926e-03,1.942357758235749386e-03,1.396198448882220644e-03,1.938851290203445765e-02,2.063171510300981521e-03,1.717961430589949948e-02,1.165695686026611833e-03,2.573351383807782194e-03,3.446178006010894301e-03,1.124724382819209615e-03,1.097086222741839451e-03,9.764110330021886011e-03,1.434668335863861950e-03,3.423123385489983822e-03,2.513307154885695630e-03,3.610419136375365989e-03,8.868656125893693409e-04,7.183759912267811271e-03,9.107742989082536628e-03,3.371034767283797445e-03,3.024654703665374984e-03,1.671697130085691334e-03,1.177194425369296540e-03,1.068380242061582608e-02,3.028993451668349213e-03,6.631664714202993409e-03
9.693522110731378483e-03,2.045179146398962665e-03,7.581207123009733873e-03,3.218776533277485988e-03,1.083478412584860592e-02,9.208433949515482109e-03,1.906291661367758581e-03,1.390562692872994574e-03,5.815388907883988802e-03,6.908494847911797465e-03,1.241271443734865212e-03,3.396376240218425269e-02,0.000000000000000000e+00,1.159576013765928337e-03,7.433459605816122862e-03,1.015266645781767599e-03,7.752191007825102185e-04,1.061781377579443242e-02,1.844746882558272530e-03,1.174658252478305576e-02,3.271504178559961687e-03,1.708691142034013399e-02,0.000000000000000000e+00,3.216794699523191359e-03,8.416832067340418791e-03,5.005027159785700730e-03,0.000000000000000000e+00,0.000000000000000000e+00,1.561161463062187916e-03,5.197390699388883262e-03,4.136457166720054063e-03,1.672760290963309568e-03
3.915793884895534330e-03,8.709591875671662820e-03,4.863443453053707677e-04,2.425669512959478802e-03,9.403127055416571345e-03,4.224568525433930466e-03,6.007027329127320736e-03,4.900740065358344388e-06,2.432568178867777764e-03,7.025078984315821264e-03,1.322575072403909396e-02,5.878909161238100867e-03,2.947308930921224701e-03,1.573686829926836811e-03,2.145202208073496500e-03,1.223665279257976635e-02,1.770790736942903787e-03,1.076544209120691015e-02,9.454270224423078073e-03,7.161903487020865322e-03,3.759532717641123067e-03,2.597413141715763929e-03,1.407846317436650674e-03,1.496275147466967492e-03,6.488043365793484674e-03,3.210671055795116802e-04,8.073893058490766439e-03,1.081369046412087448e-02,8.377334508760152232e-03,2.080565249198260483e-03,3.843759685014493457e-03,1.122971589889131677e-02
1.955144424236976517e-03,1.135164380720428412e-02,2.764808189830020302e-04,4.581242045930054158e-03,1.000829074456189779e-02,6.701975965351554543e-03,1.142356923700814375e-02,4.918777284349515333e-03,1.036408719882001006e-02,1.110397400989236987e-03,6.484148443683186887e-03,5.234853108137961508e-03,1.650597769375812540e-02,2.578953567375689981e-03,2.308966938759850207e-03,5.507064267101395572e-03,2.574014613593321454e-03,7.157217499742490018e-03,7.098978302449967560e-03,7.520462206787800752e-04,2.883038308942372646e-04,6.442058068190076488e-03,3.551537008163416134e-03,1.042797684306522726e-03,1.361583367402096484e-02,6.083450715643056762e-03,7.040683437233172248e-03,1.481894828883031923e-02,7.487983241786065267e-03,1.398395100714209735e-03,9.335984868630367584e-04,7.788470002974279272e-04
3.270243682878267756e-03,7.740226617568485290e-03,9.811181348150198323e-04,1.507298843967926072e-02,7.765249687245326729e-03,4.896016029319995647e-03,9.363313014536175927e-04,8.572247205087188404e-03,8.490289745044309055e-03,1.146057981766321473e-03,9.333507856919068257e-03,3.820415214681255160e-03,2.190381078195649533e-03,4.295034413920144345e-05,7.718457360446698279e-07,1.063252903308282982e-02,5.575860647751201826e-03,1.391419322998056762e-04,1.941048854653681932e-03,2.681653586897821129e-03,3.715928637005091323e-03,2.210899939033780532e-03,2.885556278750256443e-04,1.340760767492697736e-03,3.872633499112116545e-03,9.704093928238760602e-05,1.624757969340568211e-03,6.906965087391025993e-03,5.524012296154082180e-03,3.151608062257526145e-03,3.162526462601555725e-03,5.717929777411983813e-03
1.100706522483546439e-02,1.926934718547615791e-02,7.773428253144415781e-03,7.983327294342326685e-03,1.967198243346196876e-02,1.098101315162208422e-02,4.180286125537984593e-03,2.461471872438683595e-04,2.442370589547647117e-02,2.336927956635936887e-02,8.215541088496966515e-03,1.163688380602081497e-02,7.887605734284736103e-03,3.414367339882044133e-03,1.134651588015114440e-03,2.864911376279418581e-03,9.989671709652869769e-04,2.769058992832987287e-03,6.849900024849430585e-03,1.056309605715176000e-02,7.150572558115347345e-03,2.869906873909292347e-03,3.165232118211694368e-03,5.402245829670759142e-03,9.877066485415664579e-03,3.656042713586618587e-03,1.578372868531371931e-02,7.202473072950688060e-03,3.057095940075509055e-02,2.005500896178914402e-03,5.257283862578899548e-03,6.511968864303015365e-03
6.418682507841966603e-03,1.349598081017247368e-02,1.549679553274741113e-03,1.768807736480326742e-02,9.080565327146648824e-03,4.814389387748837894e-03,7.536737086486819392e-03,5.594975514095254510e-03,6.919652444425857321e-03,8.575202892438809135e-03,1.910070153150295047e-02,6.454047690587496125e-03,2.654146818897411275e-03,8.972293473715347439e-03,9.149753534195489979e-04,2.239758028414053775e-03,1.202833105589631510e-02,3.940929378681339024e-03,3.328653671338568931e-03,2.884852918661542920e-03,9.878930307973285072e-03,2.170182980055536393e-05,3.231480086183617650e-03,2.633540058019911978e-03,1.229463705551110501e-02,7.151809080551581321e-03,2.107806153689528728e-02,8.172572323067721356e-03,4.485178037964207554e-03,5.152122380100033344e-03,1.046910570246473160e-03,9.341371860449712572e-03
8.636878096403441396e-03,1.620918383008825231e-03,5.688841085086130886e-03,1.002919274548410428e-02,1.222519020937766834e-02,2.291245935544319878e-04,1.448357144920935655e-03,1.102098383690636261e-03,4.552250273867831931e-03,6.190911972838039623e-03,1.897629069141507259e-03,3.209185411445283909e-02,0.000000000000000000e+00,2.208983787892429551e-03,6.329332036483378832e-03,7.947444168425554876e-04,6.144043144242081677e-04,5.280988648145194114e-03,5.113321400283268869e-03,7.742919782762119028e-03,1.239930052399959397e-02,1.187845573198421240e-02,0.000000000000000000e+00,9.047919273399899695e-03,6.588643801914120975e-03,4.645193039595457707e-03,0.000000000000000000e+00,0.000000000000000000e+00,1.237307410833932836e-03,1.205598318967236737e-03,1.632944602787858579e-03,4.850375686387400562e-03
2.032595114416505672e-03,1.377621297828889035e-02,2.988518432872101782e-03,6.296599827662612003e-03,8.444303559355423316e-03,2.149177017979061327e-03,1.622596630703188048e-03,5.916882328919917389e-03,8.262957425023045865e-03,1.931479598169104361e-03,5.530725217451890052e-03,2.934879135339581602e-03,1.552470898334910865e-02,4.343848202560413735e-03,3.332578083848035388e-04,4.992223339050361197e-03,3.109065496285472185e-03,1.800194077033447082e-03,1.235216604129202311e-03,1.283249582959014590e-03,1.232242427104070920e-02,1.663866576827512794e-04,8.990447519370392548e-03,3.166347656846986436e-03,3.699952397518385672e-03,1.345345758641567496e-03,8.851698106112360076e-04,8.798150497700933659e-03,7.817675511644084363e-04,5.161184360694430137e-03,4.754195640032233931e-04,6.379270109506313124e-03
1.477220093837459947e-03,2.714034907776951416e-03,3.649816389057169898e-03,3.133662952999915260e-03,1.666957359690886611e-03,9.809343818215146560e-03,2.562730185971860784e-03,1.266623826744887101e-03,1.547545966596840239e-02,2.346695812047126795e-04,3.680030904949346295e-03,2.449980879759798558e-02,2.717600751261445551e-03,1.231308733143365863e-05,8.672656803283749355e-03,5.588072880931509515e-03,4.072140082430246791e-03,1.423546551304638585e-03,2.016933926085907880e-03,1.125150729566648522e-02,3.304510819930578380e-03,7.874755428947489283e-03,1.717294921896526851e-03,5.493452524279584387e-04,1.178424976172515182e-03,8.342145918008206373e-03,2.848272745977208933e-04,5.672275547863228802e-03,1.080517167784519200e-02,3.108391092244340917e-03,3.343001060189618873e-03,1.396671774545641537e-03
9.789903794799670930e-04,1.881631405340106894e-02,5.690386735319838407e-03,1.637363712260692800e-02,1.338923574326390808e-03,4.357105630339953850e-03,1.075132078105668978e-02,4.077471342464606199e-03,5.852336626195236806e-03,4.501113794427786846e-04,3.657779477570800939e-03,1.554736124591716423e-03,6.784581665757009883e-03,1.693050537520781121e-03,1.533489283383482338e-04,3.745022064044159493e-03,1.869383194021342898e-03,5.273590953975127935e-03,2.454541025653600959e-03,2.295878186014350952e-03,4.546387937871088775e-03,1.418267830812457858e-03,1.499769834178310167e-03,5.755927059099228207e-03,2.124397574948400785e-02,4.866287750436446881e-03,2.162053279909047047e-03,2.479102413817158013e-03,4.214882208935278349e-04,3.764309964185659670e-03,3.792281231464142768e-03,4.909439049099267871e-03
3.800825984704228611e-04,4.701996529621070044e-03,5.968008987755991056e-03,9.271205349629885184e-03,8.662398793057400972e-03,6.214847395264368884e-04,7.786227094492448320e-03,5.726929365355952484e-03,2.454543892136281952e-03,7.570035285618464775e-03,3.725210643591152226e-03,8.506106176219749987e-03,8.641558686268112355e-04,2.492738074051492787e-03,3.065364702753165665e-04,1.155517713778702465e-02,1.255528871351599407e-02,1.547343245708487913e-03,8.168175940490208023e-03,7.881837870449725364e-03,2.786377171836466968e-03,6.589089244169145203e-03,3.268188364069806850e-03,2.334040094413420557e-03,2.574177235363534193e-03,5.232871251848479621e-03,7.078345859075949043e-03,2.063689006016487110e-02,1.339871920278033063e-02,1.243434767808885991e-03,3.966255600179997842e-03,4.106739350835058797e-03
2.577564928038997283e-03,8.627133293010541765e-04,8.628584243050678448e-03,1.449246815562000646e-04,1.256797375040169876e-02,5.656775321799138723e-03,1.309874892576036237e-03,0.000000000000000000e+00,0.000000000000000000e+00,1.990741387566776974e-02,0.000000000000000000e+00,2.142118864961028296e-03,9.818075392218792927e-04,4.826631135627026600e-03,1.015162171049370510e-02,2.509708022182609001e-05,5.589961360299487789e-04,8.069773859577267575e-03,5.830478188181718115e-05,9.204434141212121043e-04,5.773615717431754800e-03,1.335928954682748596e-02,3.750910785283572828e-05,6.705119514270158412e-03,5.027099873771715072e-04,2.959435727343816963e-03,1.234012505122201054e-04,5.034458413129685528e-04,8.068041078211603886e-06,8.619132788482024299e-03,7.973223407911018967e-03,1.151281468864218593e-03
1.483525252523286431e-04,5.008934941535509675e-05,8.146382645054239813e-04,1.139860502647789889e-02,1.940253554812107137e-03,3.438374482491367290e-03,3.380468779514282304e-03,4.093680184673071688e-03,6.747123834657599815e-03,1.046675411923611923e-02,1.885524623015228350e-03,1.060513439516911835e-02,2.189412207894488472e-03,5.487976789158674484e-03,1.676459868541844284e-04,3.461460321882516705e-03,2.181899635654174427e-03,5.815745322335388184e-03,8.484741529457637960e-03,2.915660026739038541e-03,3.133220462694643813e-03,5.294758548022393194e-03,5.998398329732735961e-04,9.915297056415046245e-03,3.999079309672866345e-03,2.516023212566033396e-03,1.508246521773890132e-03,7.766041809640947605e-03,4.227546891580081243e-04,1.809067946806110216e-03,2.154399420777143581e-03,4.837227974466716887e-03
3.798498434991462100e-03,1.649418051773327010e-02,2.858086878828523109e-03,1.109255853538113068e-02,1.543773538674549084e-02,4.226106379775999150e-03,3.217973904237919625e-03,3.105262557652643807e-03,8.256187694760719342e-03,7.343584421078030089e-04,1.178953676319161731e-02,3.518774132086062260e-03,3.975581806136968543e-03,2.944657801419194726e-03,6.110913691517844658e-04,5.642412231307569748e-05,2.765944404220458536e-03,2.530907744635307183e-03,5.455101650066580821e-03,9.269949577273631225e-04,7.955937596419680735e-03,2.843729895993892930e-03,1.015659741265442784e-02,1.749925610117053498e-03,2.243074872146352816e-03,7.536135322457233887e-04,7.023798443354198340e-03,7.795088187975224292e-03,1.314611748294883947e-02,3.851505566561946522e-03,7.538661469219229330e-04,7.270198013759957001e-04
3.863713799505780547e-03,4.193596730976347116e-04,1.867637162759923711e-03,1.288822534926148530e-03,5.693326544576675710e-03,6.488909794874406917e-03,9.821449317805467163e-04,2.507362884045940903e-04,1.101297198672253992e-03,1.949612576057861008e-03,1.525941657445364322e-04,3.417000970890315958e-03,3.629460130964264541e-04,6.334735386966869330e-04,1.403838510443771587e-03,4.629691147922751645e-04,4.002892413154851884e-04,4.439906370987221386e-03,2.449768106065931816e-03,2.030263776122180012e-03,6.985384721017771394e-03,2.039550751057985986e-03,1.972115567345311769e-04,5.812345617958948781e-03,3.717421515480157524e-03,5.325622017029012223e-04,6.488064928652508175e-04,5.433555584382991068e-04,7.815996581085449095e-05,3.682699252064502299e-03,2.924464956960668577e-03,1.569573557079844165e-03
3.298286407722162555e-03,1.035674770719071996e-03,2.288875562459923366e-03,4.747721714245350250e-03,2.161119708775294940e-02,2.937774689375775850e-03,1.176453624340922759e-04,2.513645329228816200e-03,9.107826194964062762e-04,4.830417430274427243e-03,6.429341082345997951e-03,1.601012987219277081e-02,3.200003110160186837e-03,2.116717193879971703e-03,1.271624918329827131e-02,2.970684921995527580e-03,4.712943439717005682e-03,1.353189588883284278e-02,2.575066312193186220e-03,4.981565340373051223e-03,2.077869436091281125e-03,8.773445801079303094e-03,3.280479263448338439e-03,5.006644633601144839e-03,1.390842314561163348e-02,4.051507568260510894e-03,5.530910481241207467e-03,1.317140116120292526e-02,3.048649403986978916e-03,8.469363471418894090e-03,1.198318030540507922e-03,2.278165200432506927e-03
3.053962922620993836e-04,2.310316962938788361e-03,7.280238999857677196e-04,6.906337016075783306e-03,9.558892235905943474e-03,3.405052197645445575e-03,1.571227502139658973e-03,9.752476230737727476e-04,3.222019280303297078e-03,2.013343958383811624e-02,2.186259105403209457e-03,2.359560548979909578e-02,1.030048028137820620e-03,3.754037755264560960e-03,3.304976073003099493e-03,5.625090186011288745e-04,1.144270052270001227e-03,7.847035019615847609e-03,5.606132220583766312e-04,5.670681804536587857e-03,8.212483649051196058e-03,2.218542066945085323e-02,0.000000000000000000e+00,2.594182654053428169e-03,5.139790196805702795e-03,7.561713568833360044e-03,0.000000000000000000e+00,5.415026047491313266e-04,1.094894184842646083e-03,2.819345904879068387e-03,4.950512889022247107e-03,5.707662910536781889e-03
5.022555510219170460e-03,6.475291231084473595e-04,6.899352862155832058e-03,2.879916869858081124e-03,4.317869116133403462e-04,9.506591739905815436e-03,8.921584209475770261e-04,2.856816447676668066e-04,1.788006731616269057e-03,2.926412610752890386e-02,6.500260864626828793e-04,4.964454408021012899e-04,1.136604623696875331e-04,1.623388671481193479e-03,1.060032679109859308e-02,4.302670628192476528e-04,1.621899658542496085e-04,6.732888512908885743e-03,2.331551697085281274e-04,4.967788202728706110e-03,6.049562011711089211e-03,7.592670089274847212e-04,1.765254139617048346e-04,4.822661100924189800e-03,2.869064924830432017e-03,2.064127809814710751e-03,5.807511315792289680e-04,0.000000000000000000e+00,3.586998272629100598e-04,5.685187643610513375e-03,6.219620594126182636e-03,3.794995269808513431e-03
3.921840926760425568e-03,8.357563645153970322e-05,8.264769232289498335e-03,5.511470599372699994e-03,1.213506504743188177e-02,4.769582790956488315e-03,5.904896746242793010e-03,1.542199677991632628e-03,4.730889678785443926e-03,5.469398552691752922e-03,1.496543048725991259e-03,5.184001510399070811e-03,8.739504577780075889e-03,3.002580607679208521e-03,6.390918236445004841e-03,0.000000000000000000e+00,1.976112730604839135e-03,2.192713284369275303e-03,8.533163684932826678e-04,2.984263479579238321e-04,8.136284645072785040e-04,2.489003693937172530e-03,1.783399337082667733e-03,5.686560958270732088e-03,2.437286078371864173e-02,2.488501955288070170e-03,3.817433057080516379e-03,7.155114486191885975e-03,1.135990269883764992e-03,4.455059357355488012e-03,3.134176338345253526e-03,9.314340814772087418e-05
5.245124528329264332e-03,0.000000000000000000e+00,3.014662013849467997e-03,1.010069728118454489e-02,2.279384236765144567e-05,7.257276453134125713e-03,3.370921827857310295e-03,5.051227376042986827e-03,5.605462613098287708e-03,7.377333309144317591e-03,1.201856055379059256e-03,8.496069563155924861e-03,1.448108746737666310e-03,2.339235305502639084e-03,2.060028983881767931e-03,3.058950525902666851e-03,4.468110053070968590e-03,4.244308024007407629e-03,6.114024972234605344e-03,6.114995449931208416e-03,2.179078276924022867e-04,2.025459288395266289e-03,0.000000000000000000e+00,8.323439004008940933e-03,2.085702553131160708e-04,2.628380287980000563e-04,0.000000000000000000e+00,7.048166293450484204e-03,0.000000000000000000e+00,1.383798957523317899e-03,2.529566687676832598e-03,6.023462002897475923e-03
1.732175235301136292e-03,1.274714507741373654e-02,4.336507654440761861e-03,4.516780497806891816e-03,7.498006376020974542e-03,1.820993994025808414e-03,6.026721137132991235e-03,1.412063103810461389e-03,5.837967246394445975e-03,3.018788958755038148e-03,8.786456325146935632e-04,5.754555399691656248e-03,7.701327084371878406e-03,1.947180627128210001e-03,5.982305243389593463e-04,1.113237650764544243e-04,2.612127592961248357e-03,2.132968111900632267e-03,1.075016918125770759e-03,5.163573670740349841e-03,4.108669094080473678e-04,3.941426862288857115e-03,2.791442404557281870e-04,6.770798648283717254e-03,1.720303336551404216e-02,1.735838332542959279e-03,2.012262333197412274e-03,8.777450433490041615e-04,9.834472560058488220e-04,2.315683841798569891e-03,4.706290547900004138e-03,6.336155890667105606e-03
1.809923030515902913e-03,1.914339859672770832e-03,1.726599250827677741e-03,7.311601935145913000e-04,1.457267527684115264e-02,6.775701132891392628e-03,4.648550403310854756e-03,2.220781504697202230e-03,1.406512128033961207e-03,1.141050612943753095e-02,1.102585753624820558e-02,4.320388079709277900e-03,3.439276504944311849e-03,1.325621989671167851e-03,2.105169643483012151e-03,7.075871266698951188e-03,5.388392460815290969e-03,4.261075827168447905e-03,1.193730998824867051e-05,7.133517814459363476e-03,3.565881286579953690e-03,1.879600088089887749e-03,4.022647983670277032e-03,2.738837041964906419e-03,4.298912481302508484e-03,5.490251249813463130e-04,2.298496365947554076e-03,3.377009863270406809e-03,8.878250867185388459e-03,3.814773898203342901e-03,6.811421318726959551e-04,6.229097278239153351e-04
1.426971111429111566e-03,5.237143231061427463e-03,1.756922128603345158e-03,2.079941565656113350e-02,5.479447151243821423e-03,6.118964335440229586e-03,4.288097653113367470e-03,5.217219247954888763e-03,4.213417343721313248e-03,3.782040106231715666e-03,3.380505141802793694e-03,2.543299261804229938e-03,4.397830050591954379e-03,4.179961185427008216e-03,1.773420090879231602e-03,1.431418779439379806e-02,2.910664094613330932e-03,3.938563687201237715e-03,1.581237670448527519e-02,1.216675461977135067e-02,9.690440553472750088e-03,4.676817502576036123e-03,9.148888298748060130e-03,4.593692114890940426e-03,1.263477831003083016e-02,2.354359243726339770e-03,7.570916660270616411e-03,4.442920326680757474e-03,2.186986577909186789e-03,7.794320151801240396e-03,1.923780236741740729e-03,8.358421962821781931e-03
4.895801766506766017e-03,2.169112385273439837e-03,3.268289504746334315e-03,7.277707378046319522e-03,7.553136837267283507e-03,6.787331616707996049e-03,1.465112633613011419e-03,7.881033578271365867e-04,2.789007893971703553e-03,1.637525647089953587e-02,2.612078042567118549e-03,2.633155419598456892e-02,1.187664661904483431e-03,3.026379069065854646e-03,1.503637524149686704e-03,4.869126956810590815e-04,1.131840243987059999e-03,5.073665818684951201e-03,8.437512508575311515e-04,3.749014697029162853e-03,6.873070608890532833e-03,1.494031534899886715e-02,0.000000000000000000e+00,5.036091314776265301e-03,4.585980693803888390e-03,4.242784649502865865e-03,0.000000000000000000e+00,6.243626417619082061e-04,8.847904502655953071e-04,9.801145816725233273e-04,3.785380217797656294e-03,7.260427615662881640e-03
1.577424500552769820e-03,2.006704428877327528e-03,3.448259158739683250e-03,3.592634073301375318e-03,1.066767675265257488e-02,1.312102391290677697e-03,1.096107503923913692e-03,8.473864732644104027e-04,0.000000000000000000e+00,2.711281778288076195e-03,4.907205369762079016e-04,3.759204458139406985e-03,5.353273016502294729e-03,1.389341078309721655e-03,1.684892137730599829e-04,0.000000000000000000e+00,1.777230546663243621e-03,1.683207458874269027e-03,5.278586544691957162e-04,4.314305504339605718e-03,1.465880603741236826e-04,3.761460010059227213e-03,7.844036001738199622e-05,2.926019124356614605e-03,1.397494558272593251e-02,1.419487708401074872e-03,1.225830009852835797e-03,5.574084030258153605e-03,5.648705045676343959e-04,1.143088561345552076e-04,2.548869351387113465e-03,1.448771281850329967e-02
2.428352310165091468e-03,1.537387060754930252e-03,4.084524159950039292e-03,7.974260164920398894e-03,4.144095644702214774e-03,4.580004838850302955e-03,7.564655135526175342e-03,9.056977877289630607e-03,1.258053861769023842e-03,2.158750734624047436e-03,3.298107771614564553e-03,1.132671701402305706e-02,1.551612046201118408e-03,2.950092393404265406e-03,1.040713477249081455e-02,1.210476533395973700e-03,5.401108512723984748e-03,9.261789664884549633e-04,4.821964619439506397e-03,7.038138077196719709e-03,2.578102607269158872e-04,6.708302121425741178e-03,9.808499415067273991e-04,3.300059413714095252e-03,7.388397273493120185e-03,3.799280333330072243e-04,1.198173570836378980e-02,4.468463367042294770e-03,7.463504496505615413e-03,2.204142703648383564e-03,3.349845198889131459e-04,1.012404648871329665e-04
6.947209902486897043e-04,6.876282946862739961e-04,8.212238983688808537e-04,3.411328772060422034e-03,3.436078761092906109e-03,7.849007987609206080e-03,1.687065318457260958e-03,1.302770985473512442e-03,3.100593918808640728e-03,4.167950845823339447e-03,2.417639347230448026e-03,1.338274674213829618e-02,5.503540121463306768e-04,3.911297580170350341e-03,5.558953238348389794e-03,1.300810930957292059e-03,3.851688357009960904e-03,8.881104998129290065e-04,2.207450057972330619e-03,2.354307865852435511e-02,5.621452481171268500e-03,1.405977574310974046e-02,7.723205893174222593e-05,3.073472964127467368e-03,5.309999678188450853e-03,7.170194602841564388e-03,1.483861715104741429e-04,2.864901953181701964e-03,2.895524322175118846e-04,7.915378531225742906e-03,7.691869633111218449e-03,4.575170998393401738e-03
3.755768319964692802e-03,1.578423312960211804e-03,5.878062058240571958e-04,1.729634046903190392e-03,1.017164502881136648e-02,8.975724431334021480e-03,4.121413095063041626e-03,1.720384515704335288e-03,1.163253697992417280e-03,1.204554157823170893e-02,1.541894961396931066e-02,2.962298461256798309e-03,1.006269272588247721e-03,1.654650362346446815e-04,2.917009652324065345e-03,6.100105151445095811e-03,2.552722116548902798e-03,8.980097896161016308e-04,1.138796026136537458e-03,5.099922172663947165e-03,4.757965802138990931e-03,6.382693946158056464e-04,3.567234251262754816e-03,4.584601655750327950e-03,4.141630890748040743e-03,2.952143640797112376e-03,6.275639417324875569e-03,9.617080551660439625e-04,7.107479678497864543e-03,4.541946923637156172e-03,5.776758233019124722e-04,8.230858125312951606e-04
5.194687719222325709e-03,4.986797877203661767e-04,2.364321891835543740e-03,3.148650631672088567e-03,1.688444547051640501e-02,4.017399647373289147e-03,1.007354057036525478e-03,1.517316778901718404e-03,5.114240086207321812e-04,4.684007510541571273e-04,1.282881108467849758e-03,6.558068237936718302e-03,1.133479884718493081e-03,1.751001409514400114e-03,1.099426271004547498e-02,3.809706812283086331e-04,9.001129190576704665e-04,7.708082230291264138e-03,6.598601364907150666e-04,1.575443612173888560e-03,1.534168277843589098e-03,4.077979114345403611e-04,9.994421617452468789e-04,2.871571951533783036e-03,4.792068953554915606e-03,3.938168438060780062e-03,2.142895199059653873e-03,1.340620659851221022e-03,6.720556731635463511e-04,8.029915210084127494e-03,4.285103624071355533e-04,9.954027280472471043e-04
9.956456447134404836e-03,2.966451307467885619e-04,5.656846873913979473e-03,3.110271013587459835e-05,7.108278015233979001e-03,1.143765843641883495e-04,6.184620551012635740e-04,0.000000000000000000e+00,0.000000000000000000e+00,1.908845250366921278e-02,0.000000000000000000e+00,2.723152792788677973e-03,3.488252100057060031e-04,6.981279426684277277e-03,1.245900377071369747e-02,0.000000000000000000e+00,2.033871937949488073e-04,4.621998983907717011e-03,0.000000000000000000e+00,2.714864780193570332e-03,4.118833668235215989e-03,1.246354697229076249e-02,0.000000000000000000e+00,6.467251299282565993e-03,1.613461382388256158e-04,6.253099260511154125e-03,0.000000000000000000e+00,1.833795654769012598e-04,0.000000000000000000e+00,1.439741513323851071e-02,7.626028850279520377e-03,4.042685725178437879e-04
7.743163505507645247e-03,2.696690839356711265e-04,3.387851414241669495e-03,1.668537570206736096e-03,3.860293158227643545e-03,4.371932868157501866e-03,4.052338822081354977e-04,1.833539952734433904e-04,1.047218397575232869e-03,2.657129745753117334e-02,4.171947416566501739e-04,5.547493401898665952e-03,0.000000000000000000e+00,2.370552860663221843e-03,8.145252325722801556e-03,1.828262781300428149e-04,1.022172679227354846e-04,4.297725540559777131e-03,1.743135258748443068e-03,3.151902468961003106e-03,3.786605043693641766e-03,7.888252848949773438e-04,0.000000000000000000e+00,3.174347251079180990e-03,1.515678749923409733e-03,4.069552661745542629e-04,0.000000000000000000e+00,0.000000000000000000e+00,2.058484619114762026e-04,1.249076210278357232e-03,3.708429667310055369e-03,2.225921821482412105e-03
3.332428775458542124e-04,1.388961692831275395e-03,2.688508704296544739e-03,5.420204296519614065e-03,5.646288663814631043e-03,4.315115504794029937e-03,5.345111111098680215e-03,1.188917825040750574e-02,1.357709464990533750e-02,1.382958746535442943e-03,8.389494405445386410e-03,7.562440420821872275e-03,2.484335243427726603e-03,4.803774457087248498e-03,7.041404608491934163e-03,4.735439754307950444e-03,1.107213053460062366e-02,1.570393740740038888e-02,2.097546910042359658e-04,5.301716439635381639e-04,1.019580032198618954e-03,2.819693522961123043e-03,3.191704764402216940e-03,3.763859256690966701e-03,5.690247416814306000e-03,2.495856617000113617e-03,1.672243044489690744e-02,1.356591766443548085e-02,1.503871130413752394e-02,2.036040487876799102e-03,3.681130176474748349e-04,4.677348158339211977e-03
1.136255874576014985e-03,4.805440881323304499e-03,7.746209066408962091e-04,2.232216952379827146e-02,3.946359993224210320e-03,3.659943595503923654e-03,4.817379850750773754e-03,5.205531188110144002e-03,3.425523316978379505e-03,1.778947933392584051e-03,3.521232446296858418e-03,3.478956897950595886e-03,4.198653712918063233e-03,3.970054411746185528e-03,1.334712435859331751e-03,1.444413516576327841e-02,2.891412021788619842e-03,1.863791119659084783e-03,1.364701924723789837e-02,9.993678561702606933e-03,6.224233560608040047e-03,6.953393025047997084e-03,9.045728545821673725e-03,2.641962241683323831e-03,1.561556711024700630e-02,1.664376351272762143e-03,6.682836154982485337e-03,4.549696384554550305e-03,2.064213115778102021e-03,3.346424987934092793e-03,1.226001513199678934e-03,1.182855767452696029e-03
8.184144999879284371e-03,9.016409026403814433e-03,1.661909602146757628e-03,4.352625216302931019e-03,1.304022615004365136e-02,9.103843946553938013e-03,5.381593747042241055e-04,1.166465270822658211e-04,1.137956363087436022e-02,1.255443609431608487e-02,4.154709084280024285e-03,3.265178560868004648e-02,4.475291605083817417e-03,3.455359491021013640e-03,2.623255137952932182e-03,6.693366697069715390e-03,2.489060922166929052e-04,1.164008123068059446e-02,1.066697729390916893e-02,1.044842094797822189e-02,4.010294622388586860e-02,7.918127691503299564e-03,6.956084063691921060e-03,2.417673300883580595e-04,6.957875722729194717e-03,4.018038711035478577e-03,4.159659647775353769e-03,1.948396505497279748e-04,1.544075484743853569e-03,5.281626669680618454e-03,6.707018153388252107e-03,6.411562675732769209e-03
2.119508288416173305e-03,3.352037218006136132e-03,1.941268494621659069e-03,5.906820402698740799e-03,9.804266810877787508e-03,4.399091908511570601e-03,1.085018250181728726e-02,2.792428192503398215e-03,1.236241755300822439e-03,1.092071158407293590e-03,2.248363306830496958e-03,7.645221049752758125e-03,1.584799505779488360e-02,2.035748574514897880e-04,1.881513108507867210e-03,2.319148496388089530e-03,2.777936504688393454e-03,4.795224917982020101e-03,2.164842042413293085e-03,1.725378420040227928e-03,3.489961017891827534e-03,8.971333183351070176e-04,4.076017494461074437e-04,1.122202045551691854e-02,3.930368681290331845e-02,4.758844863709288039e-03,8.417972357952047905e-04,1.699395510373281210e-03,6.979042010398797896e-04,5.322921621239093577e-03,6.940076014622461112e-03,6.305550539456541981e-03
8.645986077571998774e-04,3.617446116862125301e-04,3.490085266172879286e-03,1.366311622247778955e-04,2.809339693201896165e-03,2.947850280091871694e-03,4.023960765308839667e-04,3.207234108775023490e-05,0.000000000000000000e+00,4.482003573071991799e-03,1.174440343977497843e-05,2.407456000536873156e-03,4.395264909973858490e-04,1.246298060092956503e-03,1.146841349256955828e-03,2.032878607729651603e-05,2.916828717256156594e-04,1.754714670290596131e-03,0.000000000000000000e+00,1.361207931388380612e-03,1.510297564799557238e-03,4.582578306342375424e-03,0.000000000000000000e+00,2.601526470372084437e-03,4.523981850267344540e-04,1.111880843830208819e-04,0.000000000000000000e+00,2.924965437514430141e-04,0.000000000000000000e+00,5.191652420540870949e-04,7.054438243263122868e-03,4.970915543748745261e-04
6.625265188094704716e-03,1.786523404513166643e-02,3.365850457021237786e-03,8.405504326345451804e-03,1.881682253554396375e-02,4.908722707642592872e-03,7.391095362322160425e-03,3.351673360832534317e-03,9.007882443637421979e-03,1.158754543542028087e-02,1.392272608998252822e-03,1.630146380279050289e-03,1.197166961009956017e-02,1.047895435116916532e-03,2.824316181772978072e-03,1.071406414341487430e-02,1.174728164325646723e-03,9.127742133829485141e-03,5.086732137885206784e-03,8.003421476921008040e-03,4.791638604465711659e-02,5.858014057745338822e-03,3.531326405570828220e-03,1.106142303824135184e-03,3.197502457050541147e-04,1.121469877540122104e-03,2.814315342592155905e-02,1.581599360556528312e-04,5.166217287566893766e-03,3.655280053764749498e-03,1.069799576424093103e-03,6.883281437540581665e-03
3.139356922701366966e-03,2.979637519303869803e-04,1.048705850357931242e-03,3.584121186328695537e-03,5.049067173313361891e-03,4.156485891518783837e-03,2.661802615429297372e-03,1.421822814146607005e-03,5.619052580926227076e-04,8.571661276536038376e-03,8.566741888090151661e-04,5.868943999381165226e-03,7.838528429679539333e-04,4.477889149329760017e-03,6.639405084788389116e-04,5.801349862418860633e-04,1.340104790554736856e-03,1.861442010933649430e-03,1.049774560529861738e-03,2.572273263963595260e-03,1.620395514959457406e-03,9.219455499101657237e-03,2.751196059248989527e-04,1.500513072684534106e-02,6.995536581214624287e-03,2.093543782466987697e-03,9.977279067943647592e-04,1.799519908854898967e-03,4.788881299825197696e-04,3.480496166117322612e-03,1.841563617256772659e-03,1.183852706118506976e-03
5.372954035882662391e-03,0.000000000000000000e+00,2.039004993508748871e-03,7.676869615225215618e-03,2.935936887306355228e-03,3.952098227540772057e-04,1.124836422900368955e-03,5.838821630281617811e-03,4.845555411738395636e-03,4.762566285035234326e-03,9.134510199212613835e-04,6.920986346019464448e-03,1.100611346711752444e-03,2.254740355801664042e-03,5.581935304535280348e-03,2.427073775880456748e-03,3.395913900696589764e-03,1.957419376427294022e-03,4.705835216002548539e-03,1.436199011224451039e-03,1.808981891030332287e-03,7.103170864803691129e-03,0.000000000000000000e+00,4.084548594896051169e-03,7.586218932741087967e-03,2.158537035018752090e-03,0.000000000000000000e+00,5.356843409418476573e-03,0.000000000000000000e+00,7.530351876832389914e-03,1.181716225128763911e-03,4.407734042432893094e-03
6.417906042708327458e-03,8.404620010137919817e-03,4.406657967526326873e-03,1.153100486878420525e-02,1.133467210938963500e-02,3.931028050443751212e-04,5.603994624777619560e-03,1.485821005340550935e-02,9.347284782227141542e-04,2.734127611235058486e-03,2.250083847386497721e-03,3.113278882730794849e-03,4.759386005471811371e-03,1.250351199557986695e-03,1.785876089909037723e-03,9.270083047335092585e-05,6.683495163183427942e-03,2.382443524249776984e-03,1.035559555288282502e-03,4.860928371645773655e-03,1.953475292606910579e-03,5.886612704228883809e-04,1.075971617897852894e-02,7.442063487202395244e-03,5.750924486439902387e-03,3.621210904458764535e-04,1.725552165590355652e-03,1.145561362267822486e-02,1.375398359629547915e-02,1.623813045203969466e-03,1.864337894525214083e-03,2.327562741035274843e-03
1.494473846523358641e-03,2.162112681324305889e-03,1.749573150927434539e-05,1.075127053550903843e-02,3.862444286449463575e-03,1.724746865263281255e-03,1.061121842226123851e-02,1.539241751360994476e-02,1.008428280827040457e-03,2.173708635876072173e-03,7.773541612901349596e-04,3.734334112657050966e-03,4.591699955507419148e-03,1.130704787027122030e-03,1.520604355545161941e-03,5.374977074895763603e-03,3.122344141731847600e-03,1.740300302795916125e-03,3.378828591544451396e-03,1.445487633996744500e-02,1.146016075502207052e-03,3.055188701941605016e-03,9.621840116302465048e-04,6.561218097429293537e-03,5.683366386656054856e-03,3.223582684440668214e-03,4.642807133857328530e-03,2.159046467540781666e-03,1.904931344725500214e-03,2.754092583726156906e-03,4.220928126478451503e-03,4.037498094711672141e-03
7.738057702837614939e-04,6.210026655261225055e-03,1.471937191969493889e-03,1.337512025909642910e-02,2.837802616770870867e-03,2.467865817886047593e-03,5.822958431236166174e-03,1.536831045834055609e-02,8.764376451310313440e-05,2.652009026638900598e-03,1.343783779670833234e-02,3.088110107137605892e-05,6.714595836710485904e-03,1.076532266256632897e-03,2.470440824801368443e-04,2.593643395715410169e-03,2.227173154428692750e-03,1.447385455165974000e-02,6.434483236291269059e-03,1.746832875336776615e-03,4.988404894998363717e-03,6.789160732690573824e-04,4.430202810653014606e-03,2.755869556790878361e-03,5.187429592502075526e-03,6.681634861543418735e-05,1.595791437851694361e-02,2.443919908711893185e-03,1.614631955102856925e-02,2.446791081952469360e-03,1.557718045336738740e-03,7.682426972313756430e-05
1.225332529016422882e-03,4.686859802844781792e-03,1.654366052575659968e-03,3.060626411752759811e-03,2.466568515784564944e-03,8.060682091893875542e-04,4.605303385385953879e-04,1.111455298919220664e-03,1.791167743838248134e-03,2.347311598734515021e-03,6.344658150972652547e-04,7.798660716165429704e-03,1.596753599512494570e-03,1.538557745094865222e-03,5.035171757698498306e-04,7.243373430206607791e-06,3.754114507029034445e-03,1.993870121845562737e-03,7.890307051693990284e-04,4.752736469064398894e-03,7.549814636701937661e-05,4.315969686136099555e-03,1.460223051554906037e-04,3.040432752316075352e-03,9.792658623841928728e-03,1.420418791080054225e-03,1.622941564805035347e-03,7.963675144970240594e-04,7.801280071090977569e-04,4.457651771777274442e-04,1.283243684149039821e-03,1.358344655663553877e-02
5.304869622267306510e-03,7.058772460162545054e-04,1.603260872241595372e-03,1.048117879037290543e-03,2.831548954275086172e-03,1.480766172207095485e-03,9.984149318098762063e-04,2.445647775653669845e-05,8.509291384515600557e-04,2.655058601230873318e-03,5.564707714306205041e-05,7.103157978868979497e-03,3.348948482670678303e-04,7.202485939023176714e-04,7.750336932335545603e-03,4.965683810416460101e-04,2.225685536384742794e-05,2.230328605999670321e-03,2.464015507024120560e-03,1.541595837912126607e-03,7.282985758734106425e-03,2.354498712406047790e-03,5.201232732249793647e-04,2.003390007816534604e-03,2.060168459559673978e-03,4.161967121234983781e-04,1.711154063922083008e-03,0.000000000000000000e+00,1.393330644716686204e-04,3.757918216811094100e-03,1.697554227769491192e-03,1.471263393791288638e-03
2.937763583355652765e-03,1.185133203614181611e-03,1.836032801820222226e-03,2.172295063580074667e-02,1.858825290143566872e-04,3.438076654137436038e-03,1.292341801065526215e-03,7.327210362502863464e-03,1.203285718700244575e-02,4.187853128923747607e-03,4.357056756601137421e-03,6.418976361676939114e-03,5.968657849513821743e-03,5.184449117196024415e-04,2.064705637195730220e-04,4.991597779417651475e-03,2.238906308579596480e-03,1.263421987109624757e-02,6.333919996505533827e-04,9.402024617534941731e-04,9.789741647542942685e-04,4.591522341491667200e-03,4.984199744900445067e-03,1.788740155514723096e-04,5.576115083106520341e-03,3.725923216238496635e-03,1.361356619654409926e-02,1.306892584054126193e-02,2.009399345091721772e-02,5.676542658353067074e-03,4.950280470378135358e-05,3.312756518604696981e-03
8.868717533141640998e-04,5.064407307928622424e-04,2.888796622981926036e-04,3.558043719314063491e-03,3.921168031416399045e-03,4.239534152194555233e-04,7.350621627512467227e-03,5.272235101712634958e-03,1.175072169635508861e-03,2.464607866720487650e-03,6.736610774443620858e-03,3.039325154969047620e-05,6.216881289365447025e-03,1.459288520325252711e-03,1.430420141907466853e-03,5.708154551241201996e-03,6.128490623803644483e-03,4.791276824048966779e-03,1.177410216385712562e-03,5.334192553657426082e-03,2.528641792731062092e-03,3.050229061584967464e-08,2.607755323729470977e-03,6.038153507531986153e-03,3.739488377131574464e-04,2.016476731984163939e-04,5.390149647785731635e-03,1.866019564408621240e-02,7.994483561954816159e-03,1.356696764587602007e-04,6.729664443266522881e-04,1.852194189485840796e-03
6.762462668215181438e-04,4.106468791287351669e-04,4.264174926965927544e-03,2.540816825995103473e-03,2.097570011034960262e-03,6.783040725256758892e-03,3.360052690483197619e-04,2.792079271229531284e-04,8.039921562319834146e-04,3.162453168196402431e-02,6.352961049516903883e-04,7.711489035109014845e-03,0.000000000000000000e+00,1.946576161644580742e-03,2.881996393108330994e-03,1.403631696215321091e-04,1.556544838323038087e-04,4.544103242590730347e-03,1.885546345198574683e-03,3.331353939899378384e-03,2.630748704063026223e-03,1.592724205194503972e-03,0.000000000000000000e+00,2.737578893228239264e-03,1.163648221925336164e-03,2.968971348607258448e-03,0.000000000000000000e+00,0.000000000000000000e+00,3.134620670034340257e-04,5.235199863056483327e-04,6.405059662970164283e-03,2.722444915985429512e-03
7.077882795932114238e-03,3.080387539105879780e-05,1.734222058610677616e-03,7.333961598910811522e-03,3.380039163769709212e-03,8.016441921689897165e-04,2.487951197664347094e-03,5.962580596972781415e-03,4.260810816291133937e-03,4.019058393638792401e-03,8.681323688713124846e-04,6.085786040354760479e-03,1.061406415337474030e-03,1.281340785921255762e-03,5.159825023629958929e-03,2.262546187449913059e-03,3.227830382518451918e-03,7.457648270950836301e-03,3.659416727024542536e-03,4.021115119278682870e-04,3.045973483456589428e-03,6.313866470723760761e-03,2.391644695589212349e-05,3.172747105957841526e-03,9.380907416075411065e-03,1.082893424947781527e-03,7.868274216879686761e-05,5.091076650275133154e-03,5.144320607199368608e-06,6.995555686310390119e-03,3.143385419142729481e-04,3.924919973642822420e-03
1.616647328621079703e-03,1.490482006904684349e-04,2.456346627292145188e-03,2.628870688514815205e-03,3.868247856770098449e-03,5.771984311229268888e-03,7.461316565383877041e-04,1.019270748112540087e-03,2.848498436339140798e-04,6.275412373785102874e-03,6.680025686247885366e-04,3.595927605182961968e-03,6.125279190136127946e-04,1.666147574534335672e-03,1.496154136154923681e-03,4.511011697539875896e-04,9.409253137865896018e-04,3.123799985606768963e-03,6.487629933696301447e-04,4.154642309635299229e-03,1.216251909857798486e-03,6.341559571644886026e-03,3.678451820688230164e-04,1.217669534273488341e-02,5.526461046955154048e-03,1.671384771384754400e-03,8.077002377391994834e-04,1.430858402933754851e-03,2.671909919269363628e-04,3.592255028290865237e-03,3.065264050728148081e-03,6.885918169070182754e-04
1.813021061642947421e-03,4.001284975937919371e-04,1.481940530598564168e-03,5.789294440833238353e-03,8.126438961622657955e-03,3.066308390272601790e-03,5.777788639377191664e-03,7.457325807762043776e-03,1.438160412715876624e-03,5.525297029495713358e-04,1.062486215349833091e-02,4.080461249847163428e-03,6.370124132977260725e-03,8.693021601944893664e-04,3.295249123285243220e-03,2.033109612419457118e-03,4.668327147739112504e-03,2.370674778890136114e-04,2.825281342098502103e-03,3.920952445042618327e-03,5.108420568976305542e-04,9.724140135638475319e-04,8.414215927979745192e-04,4.107012423287564017e-03,2.569937345800237839e-03,1.428434778416127690e-04,8.224621020663992754e-03,6.689172904102278459e-03,5.649531859369538375e-03,1.809029446483375204e-03,6.685197632462257841e-04,2.343004580629746633e-03
4.215288309305665476e-03,6.581728912701294114e-03,2.616356678352504614e-03,9.312906108481870324e-03,9.702520397480186853e-03,1.529082928488964717e-03,1.238127615047752636e-03,9.947130365541376890e-03,5.015093334873868200e-04,1.949302553097681349e-03,3.273178213072110154e-03,7.096110659287427911e-04,1.900548081742411619e-03,2.204421208922780796e-03,1.506901834248950680e-03,2.167531603962141035e-03,2.538771014202917051e-03,1.622249795579773154e-03,9.292595808021632958e-04,4.079579910879033502e-03,1.146333382969782003e-03,1.572643702452487758e-03,1.280653690766110978e-02,8.630423672313128694e-03,4.461673821123808038e-03,1.174359719829640158e-03,1.835414081122810348e-03,4.613506957734349150e-03,1.226954626860157251e-02,1.444299730372539592e-03,2.278695955661374107e-03,3.715337058768945419e-04
2.204209791545515273e-04,5.601209819857748103e-04,1.851697638613335412e-03,2.606817740910749408e-03,2.303167550915885889e-03,4.323701308245483065e-03,1.528438686122207246e-03,1.092167941320847883e-03,2.914642787558047263e-03,3.222903511920910229e-03,2.122212101328094843e-03,9.235049815148010238e-03,4.477382870015396551e-04,1.911483154062565068e-03,6.226379275977401290e-03,1.274166215146251696e-03,4.104159739325986302e-03,3.784363081016105940e-03,1.624966905287772954e-03,2.169718458746119211e-02,6.038336344573441879e-03,9.351382995901550560e-03,1.146529537760423024e-04,2.117696630070212225e-03,5.029726055918459955e-03,5.484147334680870671e-03,1.683933469965726687e-04,2.735484875247415609e-03,1.477697831454765698e-04,4.565346633933706384e-03,5.238576648485442425e-03,3.729629717829595174e-03
6.751512890147519375e-04,1.045761834853178862e-03,9.033032468140148041e-04,1.212428548881498355e-02,4.329810950077313605e-03,1.365393879074572152e-03,1.725094036411703013e-03,1.776608236426140000e-03,3.081681407678908414e-05,5.920127242017308826e-03,1.216934749990781746e-03,5.696097038052475893e-03,1.652102499566826185e-03,2.221147693676726875e-04,8.673930843425971260e-03,6.928118176612655093e-04,2.624472611344247017e-03,3.813532869253117522e-03,3.099395333639771641e-03,4.280574948834336285e-03,2.042011166320128069e-03,3.818376148419020625e-03,3.755752281586968592e-04,1.327863763868401999e-03,5.321272313371244907e-03,1.282923854885775934e-04,2.326174586056953264e-03,2.051510395876323788e-03,7.455639618810604554e-04,9.573006412402756266e-03,4.725071402289610437e-03,9.015010619422614280e-03
4.065189192300819668e-03,9.357318447675530863e-04,3.493588723958288445e-03,1.958868140252554690e-03,2.544836528756368090e-03,6.942721195070493401e-03,1.461397318479537794e-03,3.334157516663154453e-04,1.792123883344649881e-03,1.262795549230530043e-02,3.285326112546805297e-04,2.058539420132218800e-03,5.465389475193328014e-04,7.486038296704760134e-04,5.376868606731689121e-04,7.189397599716751451e-04,3.581788458880115576e-04,8.720074412287422486e-03,4.056569891683538959e-04,2.749961343658845290e-03,5.009715444501692053e-03,2.853282940820454049e-03,6.303615786979320946e-04,2.592403188897570397e-03,3.560619595286373690e-03,1.771383694025228852e-03,2.363411152705940932e-03,0.000000000000000000e+00,3.892149713155994891e-04,6.714731272588272959e-04,1.566143721287815808e-03,2.998960809429374822e-03
2.860328325170365116e-04,5.466590347358993903e-04,1.124815997698724998e-03,1.020984355033019431e-02,1.973429007330137434e-03,1.366789008702663788e-03,2.173015921777160173e-03,2.791311777656060953e-03,1.784372303668256554e-03,4.035877058342719759e-03,4.027308781782631963e-05,5.746913091705907820e-03,8.582958099317800852e-04,7.038811843184322563e-03,1.368984122026321946e-03,1.748150513536111603e-03,3.239860077393725332e-03,5.043305596022207814e-03,1.327120978370718157e-02,5.597438970218281303e-03,3.505796573157828749e-03,9.308304776057457763e-03,7.659893402789931484e-04,7.843936147625997501e-05,4.581979605674695206e-03,9.596011468472664951e-03,1.925543987103815833e-03,5.380466294365192359e-03,1.649376302828145513e-03,3.029651902734186407e-03,2.903247668407942135e-04,3.116377291179563570e-03
1.775224631897535758e-03,1.884094975151496404e-02,3.956894021857356065e-03,1.495064757674275865e-02,7.517880396472599765e-03,2.215456838814941314e-03,4.245750246521760862e-04,9.020724662961773083e-03,2.522518184003273017e-02,5.803960992729925543e-04,1.616883220929104734e-02,8.849749092665948119e-04,1.658951527116134250e-03,1.097937040716027990e-03,1.130403577425757259e-03,1.325125385513299323e-02,9.856421888658085245e-04,7.032117747638597788e-03,2.304350857902415922e-03,4.234380764276898974e-03,3.101140690531670966e-03,1.566095882394550210e-04,5.133498546185430444e-03,1.097612403097108884e-02,2.702529536166018570e-02,1.889880803321237687e-03,1.486874798383736734e-03,3.684810036884620527e-03,3.829297309353946882e-02,5.710680758316394583e-04,1.029565649688206092e-03,6.259197072886529475e-03
2.878389669524141718e-03,6.511410932064619090e-04,2.652062042749380594e-03,9.488099175494913579e-03,6.367265721532549411e-03,2.445501664234088404e-03,1.099725517006323351e-03,4.163628379258827415e-03,3.966302043990276266e-04,5.815088931757789355e-03,4.728625038837704075e-03,8.275927897384295975e-03,2.079359360314611289e-03,1.678391988652009649e-03,2.528218274390725464e-03,2.229057994133114371e-03,3.835022414586145793e-03,6.813705714344908508e-03,2.047346517575719498e-03,2.931777104712307395e-03,5.040169061615963142e-04,9.541685895111090554e-03,2.107010798668250764e-03,1.911227928693763102e-03,5.796525669911142473e-03,7.299290079461255229e-03,3.795438247110166034e-03,5.456029440068586867e-03,1.889999573471581699e-03,3.420082534871995289e-04,2.477059070234464283e-03,3.364028469620644266e-03
4.884647221421745296e-03,3.945942223674219580e-04,5.668860368361614173e-03,6.665691210029358552e-04,2.545624897469633136e-03,3.704883516834215143e-04,4.937306554700885298e-04,2.031502799951022766e-04,0.000000000000000000e+00,5.612367624823037977e-03,7.439054232548666750e-05,2.309004126827946066e-03,5.536363062762967874e-04,8.058442173452095431e-04,5.850255668918983090e-03,1.287651117286435401e-04,5.471033484870557913e-04,1.552680253414521865e-03,0.000000000000000000e+00,1.018238474602602096e-03,1.045450292131257838e-03,3.241505755921528925e-03,0.000000000000000000e+00,3.062329971926979356e-03,1.833904077622193962e-03,1.002948319869521312e-03,0.000000000000000000e+00,6.801855608233863546e-04,0.000000000000000000e+00,4.770476135925379516e-03,1.437896706623191523e-04,5.637571542877559821e-04
3.155166077701675436e-03,2.155436600725861573e-02,2.769157076507801352e-03,1.263857788581637318e-02,5.183263817568836869e-03,2.563355189849027792e-03,1.360532478716063552e-03,5.589788727153335857e-03,2.277207038110596118e-02,1.171963014363464582e-02,1.732822815861522620e-02,1.453611346773788122e-03,8.969089701399535208e-03,5.983585711818294878e-04,5.515474193452402779e-04,8.268879521655694148e-03,3.208964367897309752e-03,2.069953371478428991e-03,4.406654699054489074e-03,2.391153943896070708e-03,2.582042574235239325e-03,1.844315786100157424e-03,8.458521226935807047e-03,4.010640357937128933e-03,4.627168554321284266e-03,4.715156406493271196e-03,5.193005444691034533e-03,1.000253386502470906e-02,4.586295302715222982e-02,3.326600255763455423e-03,9.812642002787110712e-04,3.187383080306137404e-03
2.237279063395006262e-03,4.335998991420631117e-03,3.702689790844621454e-03,6.489356505605775073e-03,4.191327806027224899e-03,3.180992563655453582e-03,5.616252225059849626e-03,4.415453972268361046e-03,4.095426400098964477e-03,3.870393448204556552e-04,2.689230646272136854e-03,4.537112628538583423e-04,4.076977949393767453e-03,2.144123140334112769e-03,3.005764620651736347e-03,1.535104212323679454e-02,2.325140732557575644e-03,1.530745396149781404e-04,9.284716041802266659e-03,8.299544550861615716e-03,5.162078450580477942e-03,1.261750376891669634e-04,8.235219607338436706e-03,3.930775537469266209e-03,1.785208711257891059e-02,6.037780590650097812e-03,5.180800267294075057e-03,3.532107569596866677e-03,1.776076959367523704e-03,1.639949233059688222e-03,7.575735128951205724e-04,1.023849985203909192e-02
7.313120690014056303e-04,7.847471666105890675e-04,2.480658989627239808e-04,5.857578553443846744e-03,3.753642401064520313e-03,1.529226784035383341e-03,6.126478228966787676e-03,7.860199541273142632e-04,8.756783270241206337e-04,2.031852776016564166e-03,1.099744594940225279e-02,0.000000000000000000e+00,2.441142935390134584e-03,1.210981307408737434e-03,1.740314118191935155e-03,4.474791208934129211e-03,2.630222515865761335e-03,3.141169537379816940e-03,2.112206723778293528e-03,3.990915847874572896e-03,3.715052721584101870e-03,0.000000000000000000e+00,2.487084432682479772e-03,5.075557842472233974e-03,7.843602711088193185e-04,1.122320380506564193e-03,7.851645672547619137e-03,1.388763827050761880e-02,6.765104243077870415e-03,1.847468233391246710e-04,5.552775184695089329e-04,2.172985255535541185e-03
1.690027602251133057e-03,3.185823121545554933e-04,1.939263513824338644e-03,6.840367545600255055e-03,6.796963712338907962e-03,4.373681624031114032e-03,1.137135642141664377e-02,1.445228190261806621e-02,0.000000000000000000e+00,6.632668609374463634e-04,1.679885349296323521e-03,4.701816620852543142e-03,6.396162184538912304e-04,5.227438316810630731e-03,2.018098030309530347e-03,4.899347206124409502e-04,1.967024674921363445e-02,4.237659087563192331e-03,5.280411423621611360e-03,9.497554107362627535e-03,0.000000000000000000e+00,5.498115892165850345e-03,1.381926643101937273e-03,6.413428359352929889e-03,6.161164508704466795e-03,3.845226617303718758e-04,2.159611646547976438e-02,1.659898070666525078e-03,8.548784378616544610e-03,2.911984858077541587e-03,3.149850066402205395e-03,4.622588234308260685e-03
2.602427248832783410e-05,5.205382942318817312e-03,1.849936515775662356e-03,3.487792951281034823e-03,2.763973621641446082e-03,1.906822337623255599e-03,4.390733540883957377e-03,7.265838906525514534e-03,4.095743873747435078e-04,5.438588013031390046e-04,3.210058452247246605e-03,2.447419435493623958e-03,1.326272109337049351e-02,4.842016207175590253e-03,2.556088089151456379e-04,1.807308157815680104e-03,1.239627619286171045e-03,8.751085600153059654e-03,5.902049100112114269e-03,1.237239024722905584e-03,2.190958709360323747e-03,3.321814483375790539e-03,2.311326152563034086e-03,1.191842362322483029e-03,5.004283278626522891e-03,1.931625290607186934e-03,7.892849777436108938e-03,1.082916117986275871e-03,1.097329464805271194e-02,2.446842815407194744e-03,1.198534429714594434e-03,2.510091085561898597e-03
9.780827673646890624e-04,4.611299567542470612e-03,1.919807482538449239e-03,6.630578283309902267e-03,1.509322922187076449e-02,7.581580892262616313e-03,7.286431073091070854e-03,2.226638159215715666e-03,3.611918807960007305e-02,1.473003477590460525e-03,1.177891781083472388e-02,0.000000000000000000e+00,9.533734095411913051e-03,5.563204664953233514e-03,1.959737495564728600e-03,6.130393782782714122e-03,1.207901968964392170e-05,5.672163860161703181e-03,4.759904002475068459e-03,1.087908145080682554e-03,1.204293331577885318e-03,0.000000000000000000e+00,6.397239074269850563e-03,4.530008594199910060e-03,4.007636386801311651e-03,1.681199090165630579e-03,0.000000000000000000e+00,6.602557204657327761e-03,4.612953740296056593e-03,7.326459588449835310e-04,2.105830062433614210e-03,2.617604738280878210e-03
2.489138048099497156e-03,9.143742011888145475e-04,2.062518955918800877e-03,8.144982179443701481e-03,1.748586615193408259e-03,2.590645117712590904e-03,3.224972261622158394e-03,1.905012701420210307e-03,1.197143039314900459e-02,2.800487706799414077e-03,2.740611971858005966e-03,4.209898924181318391e-03,4.222346574685942149e-03,1.238205218836178380e-03,4.216396338697480511e-04,4.083955766212330786e-03,9.128537479780787084e-04,1.513721622823212438e-02,1.890530201007382255e-03,2.234910612003471447e-03,8.731506370048409656e-04,4.900632686612194436e-03,3.590497557356499714e-03,1.962996747668730585e-03,4.913048270522616182e-03,3.877108526912409307e-03,9.709910111084326181e-03,1.119362291777752441e-02,2.141967632473304808e-02,5.647351651784737400e-03,5.439201969395118276e-04,2.293163380023101067e-03
8.977762136660707082e-04,1.467465307630047133e-03,2.327426462526489825e-03,8.767028019967270519e-03,1.504681666027677138e-03,2.649216126795232978e-03,8.168870091321431270e-03,8.433907717825882971e-03,1.106668838311887894e-03,7.423568912055896916e-04,5.162163055498249220e-04,1.108922128390276741e-03,3.017842459089439388e-03,1.270562305066020876e-03,3.325107011198022433e-04,5.063794714332731789e-03,1.198989565377502758e-03,2.015512790839952238e-03,2.944066469719791666e-03,8.540472837276946033e-03,1.313337335495381184e-03,2.980559972087406368e-04,6.639486568186782562e-04,2.688137054949047214e-03,1.822754923906886758e-03,1.077543703769258399e-03,3.052238393260684520e-03,2.825694515524959649e-03,1.168607786002838229e-03,4.318033962950323522e-04,9.437893457325137979e-04,2.560070339798525049e-03
1.096320309601279963e-03,2.142022917319040976e-03,2.425984960085079099e-03,3.769694367816533824e-03,2.761003191587286989e-03,1.827277302603985036e-03,5.890844036970840567e-03,6.343537364595454309e-03,8.262415575496477463e-04,2.607006543622955065e-03,3.868876510669455766e-03,4.192983751772090713e-03,4.953920290695313852e-04,7.019797402074636102e-04,1.077837319026797927e-03,1.709091405338823309e-03,8.421354067102549898e-03,8.647096149782011396e-04,5.982592489625661314e-03,1.643298626346984329e-04,2.384915581328979350e-04,3.484316345467908509e-03,1.284937788466209525e-03,6.472833658085497439e-03,1.189417566180122655e-03,5.248477756581272982e-05,7.763776726974637617e-03,4.575967036972706375e-03,4.600216690342999633e-03,1.266809667623210655e-03,1.047110138854251632e-03,1.218597555643160905e-03
3.234566845107157782e-03,6.016381506691978638e-04,2.043403186988396181e-03,1.293662442893793278e-02,2.756889972120362721e-03,2.567720804404117433e-03,8.597095335114852662e-04,8.339555632628301973e-04,1.248149579394561130e-04,5.151142077354242850e-03,1.182143807724118575e-03,6.709354204744751374e-03,5.308642896962752471e-04,5.401257619223270336e-03,1.072883989042323905e-03,4.905717652148415542e-04,6.744664399249136397e-04,2.865173185029077068e-03,1.098194946607526775e-03,2.549618132752276209e-03,1.756894465308380532e-03,6.194762450701725431e-03,6.095138839031194293e-04,1.591764349769141020e-03,2.075382152031718126e-03,6.967420291403539530e-04,1.550148814431362519e-03,1.065279813562204072e-03,6.076644062853535063e-04,3.206783685619412315e-03,1.980544345370493370e-03,1.567295239884640813e-03
1.154367481655310147e-03,1.950415189902037286e-03,3.132887526031859129e-03,3.318940330478790425e-03,3.317233749428821245e-03,1.661456446510080169e-03,4.241374203136557934e-03,4.106450697327691454e-03,6.060510264037544017e-05,1.597023843876731446e-03,6.371347360241847932e-03,4.787838380568985169e-03,5.672224848488458329e-03,3.693661612920347281e-04,8.789346285942997109e-04,4.888858011647483591e-04,6.159726542911865554e-04,4.481928037310334116e-03,1.637109324237980305e-03,7.639573870184719617e-03,6.825313888399260251e-05,4.241387415145912547e-03,3.668442313899777213e-04,4.066707849171990671e-03,3.504775173459304116e-03,1.200089714440818892e-03,5.310784640405054324e-03,2.739950482913640177e-03,2.176003496695193794e-03,1.201009419098815175e-03,6.577170187535197679e-03,7.113277002876517915e-03
2.507023061437126370e-03,1.209379850363393599e-02,1.508632885974156221e-02,1.967256631528590833e-03,4.472683236259807592e-03,2.878083179566998454e-03,2.981822724525641163e-04,1.260766449259318085e-03,0.000000000000000000e+00,3.424634155751938441e-03,1.312435283863999614e-03,2.589585776594736585e-03,5.213037303759202046e-03,1.884997130632986651e-03,6.301984027800988999e-03,0.000000000000000000e+00,5.289711913668140170e-03,1.626867052121092321e-03,5.208623875663276380e-04,4.425155100813837374e-03,5.132993587702344880e-04,1.560432201833995966e-03,1.521338753660751763e-03,1.700549423182038658e-03,6.509117726110864172e-03,1.685436511309701185e-03,3.293526568973946696e-03,7.474685283099277537e-03,8.539754766869780663e-04,1.922074226464994505e-03,8.815607070733633838e-04,5.503371386544735414e-03
