6.576504725996717982e-03,8.618322309344511253e-03,1.266698148375378780e-02,1.687032566927637589e-02,1.581275695566207451e-02,4.071766897156881004e-03,3.198125728806573698e-03,9.952689693381939345e-03,1.909408153707759306e-02,1.976983953569919072e-03,2.464687932019857253e-03,1.768951431459828139e-02,1.008261313892138723e-02,1.028083321226679059e-02,1.585094814938556307e-02,3.779580657351749255e-03,1.070956861977596583e-03,9.335437439187771469e-03,1.304763014681693811e-02,2.200099065892720251e-02,5.262651091890994948e-03,2.842267513966187376e-02,2.749846442501614578e-03,1.624826863633096335e-02,4.901879087861292505e-03,4.461936060053489639e-03,4.116665812476892443e-03,2.905296756420400195e-05,6.293465450302811355e-03,2.694904802841582847e-03,2.302406502029202828e-03,1.502397614261342246e-03
1.088456489303230024e-02,2.074152203406917291e-02,1.413019649814277814e-02,6.268439341003219367e-03,8.287329351888129275e-03,9.727914895212838586e-03,9.519463260157018034e-04,3.923428951778881041e-03,1.233915218944009462e-02,2.131329936082168586e-02,1.013365296196365190e-03,1.496203591196682003e-02,3.494161702308243213e-03,7.041770414277087609e-04,3.675237923101044857e-03,2.134143062559331651e-03,5.710064577923315912e-03,1.552493453225382847e-03,1.204975242357743392e-02,4.525992030057143789e-04,1.758380868852077450e-03,9.462811665825229812e-03,9.245991881891676067e-04,1.611881453590328223e-02,5.464942689903884432e-03,5.384726632101759225e-03,4.129875694503127616e-03,1.855250650837757080e-03,1.259990935014940888e-02,9.492252314507731992e-04,2.273721956835977887e-04,5.801614159141592342e-03
8.454648930043238975e-03,2.444962595356207219e-03,1.717559939287245652e-03,2.824543736590301446e-03,1.491641969034038923e-03,1.207182466655305764e-03,1.590195778339506538e-03,5.012692283477129807e-03,6.494963642470534537e-03,1.510493458318969487e-02,8.110462064997922549e-03,1.333543541960856976e-02,1.105522702022614795e-02,1.361627942835688665e-03,3.958314707851214378e-03,1.410757990626948510e-02,6.101469876325094077e-04,2.283639845188811801e-03,6.433126364805051567e-03,2.033553373468541259e-04,6.423444411694789746e-05,3.456761574785329610e-03,4.864284803046542427e-03,1.061353514388688885e-02,5.089278690918130899e-03,1.220348462271987622e-03,1.279744893410207293e-02,4.096764794123686215e-04,3.868869620855197589e-03,5.592855394973977878e-03,2.944669194757963682e-03,6.089554123475258290e-03
8.477826836830383572e-03,5.138349258998480169e-03,1.769351310411815259e-02,8.613262601643271663e-03,7.351685987278495232e-03,5.993079030035805554e-03,5.008909505268290506e-04,2.757303513063702211e-03,1.082206789719328830e-03,5.187095559292698166e-03,0.000000000000000000e+00,3.243418482372778522e-04,4.708092514443143993e-03,4.636159846021364883e-05,1.867229263047517906e-02,5.212718467223265612e-05,9.830044988195715816e-05,5.605817544046081541e-03,2.322898889239422872e-03,6.974283140701319911e-03,7.503082264403063140e-03,5.373895157376046283e-03,1.138869180847361915e-04,4.467775207389244885e-03,1.856396126868204268e-03,2.300666206861423646e-04,2.639391160649083167e-04,1.469639121591740163e-03,0.000000000000000000e+00,7.437351999917310441e-03,7.396784604252804041e-03,7.501162584462990612e-03
1.224786200886947285e-02,5.083316331302087376e-04,6.829498886596825288e-03,1.516838450715961989e-02,5.361230590795931089e-03,1.591649154905110108e-03,1.514028826083141724e-03,6.156035525971011342e-03,1.403082467417060553e-02,7.881708900535654150e-03,1.132561021870864089e-03,3.553449297846227040e-03,5.668199805550292771e-03,1.180583534545753821e-03,5.702892710825257366e-03,6.826011631992062734e-03,1.150690656924638171e-02,6.251317464194175444e-03,1.084715555869653070e-02,4.654372457931633955e-03,8.507679170765392040e-03,8.849683485233579561e-03,2.862967001549755232e-03,5.479830981736669160e-03,5.443088439289436864e-03,9.005988417344970576e-04,1.294167779223550675e-02,2.916337121944955185e-03,1.744322441770328885e-02,4.672133508755022674e-03,3.160853306933032736e-03,7.095955210078486869e-03
8.851579701314336510e-03,4.470138829549410303e-03,2.420668993083855552e-03,1.359723978432980651e-03,5.273530914600862290e-03,8.992419702758130962e-04,9.672580519361206886e-04,1.660308052664039025e-02,8.263008213053292528e-03,1.328209234147156425e-04,9.322203788224459053e-03,2.413836226976905086e-03,4.616747360118064747e-03,1.668630025135672129e-03,2.333992201768304332e-03,8.487303216498320868e-03,2.425113976766937740e-03,5.877708667136882781e-04,3.420573099218553181e-03,1.624258831218888810e-04,7.156319076305327903e-04,2.999813811319407102e-03,9.739840505489386069e-03,1.833571008204637476e-03,4.016436006966425665e-03,4.260231404434385027e-03,4.387035231741127222e-03,1.540057986103152143e-02,1.461959295695249017e-02,2.898150011691291977e-03,2.078454591991898623e-03,7.109434601728036734e-03
2.227454505762352377e-03,1.711048999825495352e-03,1.758358451977200254e-04,4.485815920127029892e-03,1.137078288841612481e-02,5.797995647385940227e-03,1.691251382927781450e-03,2.730154324637906228e-03,2.227098588243537920e-03,1.724753701093642566e-02,1.806834435505355249e-04,3.198966169397628873e-03,1.706709054085516711e-03,2.382288278264681897e-03,1.147629596308694100e-02,5.978846036266094411e-04,1.440748230781416055e-03,7.844530305847873669e-03,5.371921275397727180e-04,2.236592857885091878e-03,1.648499058428622502e-03,1.145847758274073230e-02,1.409790706754369396e-03,5.155806312627422838e-03,3.814340269913933917e-03,1.579606140842095691e-03,2.019362406452441389e-03,1.379352337001500521e-04,1.420090809644829416e-03,7.392420511806503669e-03,7.504548190289790643e-03,3.293724483743556974e-03
8.517600405815457798e-03,2.082322063992047504e-03,4.220920257998601183e-03,5.762447620221457928e-03,3.411244115161087172e-03,5.205401970966510444e-03,6.231904284322029378e-04,9.280077330142786230e-04,3.459544053000594092e-03,8.974822270901322563e-03,5.072817672767504331e-04,1.475435322377288694e-02,5.614422592934345383e-05,1.077419273776938219e-03,2.972062689501561022e-03,2.765134464368783915e-04,9.149174102093301901e-05,1.578790234817264646e-03,2.085552583004636820e-03,3.939816416307645973e-03,1.524283388711042062e-03,9.235950083422997392e-03,1.667373495394779820e-04,9.106542383991722556e-04,5.460416168527183582e-03,1.471958069177780465e-03,8.537405522298150123e-04,2.970553243340892701e-04,2.507388995256001896e-04,6.145343828307829603e-03,9.243331635299771587e-04,5.284721617909715619e-04
5.291446070411804856e-03,5.542089159815397070e-03,1.266467449915088112e-03,4.090991122092740850e-03,2.554241783836674884e-03,1.100153713379729836e-03,2.723455408823294288e-03,3.630535312073010501e-03,5.852271800712294247e-04,9.163157297079248254e-03,7.779560335008789407e-03,4.630232289342017110e-03,3.030879976560166278e-03,8.377927098602681866e-04,8.568930208058560608e-03,5.853371371717042138e-03,1.637425160840796923e-03,7.728314515923616346e-03,2.038331032611306881e-03,5.536310823301308220e-03,3.793350030900616288e-03,6.124470389287832786e-03,4.381834262777717370e-04,3.236435721273099586e-03,5.496640935565844099e-04,3.628580440808784613e-04,1.386178668729740049e-03,2.195803617050517964e-04,3.280503050832675460e-04,8.453728333682550972e-04,7.981758562609561625e-04,7.098219996566131063e-03
5.115917871101668436e-03,3.111130275819065649e-03,2.314128993355951680e-03,5.060709644324111467e-03,3.633180463697368440e-03,2.982122374680693400e-03,1.400857435687561520e-02,5.294310405008513694e-03,1.122143957900990224e-02,5.097760730082328585e-03,1.019606653026574640e-02,7.614704313427006488e-03,1.626036923314989890e-02,2.745011769538605040e-03,1.628355295090469154e-03,1.452111555069803689e-02,1.511223169524969490e-03,4.453161857164972433e-03,6.665035877792381894e-03,4.730899345966529945e-04,5.653646250634785514e-03,1.825981988630859428e-03,9.035878884858496163e-03,1.267604829454618137e-03,6.191586236026017098e-03,4.030200506751477861e-03,5.702355334316277016e-03,1.108058182893983945e-02,1.013067748087082172e-02,1.409947804289150841e-03,1.721372396213654427e-03,3.075860240779451638e-03
4.894326889657000038e-03,4.219379645260097622e-03,3.202748146827288228e-03,8.661973937840558579e-03,1.081316037034991961e-03,1.424540419634329202e-04,1.298767514864351824e-03,1.109033155772921886e-02,3.467361820295465635e-03,6.232760101906412728e-04,4.009154643203047264e-03,5.857660412317383354e-04,3.904262104600972338e-03,1.173920832341711351e-03,2.463402382277798779e-03,1.305762510694462308e-02,7.667668128351484702e-04,2.834450896300525630e-03,9.364146977473460087e-04,1.541061309694398418e-03,3.327720814497912849e-03,1.501915280278652651e-03,3.655279222008867013e-03,5.821796178607251127e-03,5.127441734594853640e-04,3.676083141860159165e-04,1.211805769998975518e-02,5.400702449040617470e-03,2.939710883563262378e-04,2.692128109046142571e-03,1.075327792201209417e-03,4.723607925569269991e-03
9.615585597931118958e-03,1.098940767680557824e-02,5.399189268620983514e-03,3.732485334283268397e-03,1.639088534162143340e-02,9.623650234239451706e-03,4.430655508927319047e-03,6.179243032351788845e-04,5.484793033983422807e-03,2.133846182265635230e-02,2.838381298144745934e-03,5.511192018568611753e-03,8.250886113797921417e-04,3.541333965728497846e-03,4.162172809860441303e-03,5.417396723504760980e-03,6.234562844428997996e-03,4.692267632123249543e-03,7.693286339299131027e-03,8.256429804932637062e-03,5.049561624246533958e-03,1.781269051961862152e-03,1.062582059479422539e-02,4.595782738396628209e-03,6.211021215870396808e-03,3.189675002279908356e-03,3.023375093323779628e-02,1.148066849899851555e-02,1.996149520342838102e-02,4.280145326469465134e-03,7.303459801042387796e-03,9.753978986735269835e-03
5.627377440943506781e-03,1.927429926789624506e-02,4.249646388637824332e-03,2.719201758818651227e-03,5.062661149406885719e-03,5.739266723163628618e-03,3.899850315733643935e-03,8.494488290682694620e-03,6.468425128095692776e-03,9.513294970443036958e-03,5.122087238932135356e-03,2.307757408597267690e-03,3.209636396737283737e-03,6.178475706500000109e-03,3.786396569766924645e-03,7.018013275828821618e-03,1.027404767164005403e-02,2.056249094507162090e-03,1.197422630615105343e-03,3.766454130021900173e-03,2.539938051702396102e-03,1.637674555431244822e-03,4.973252766621069632e-03,2.777757628238022858e-03,7.136268545696973151e-03,2.881988740964264162e-03,7.142026411813162667e-03,2.925632580890964729e-03,3.274251043630722890e-03,3.921470858297542231e-03,9.810928509280513604e-05,6.104386246251477383e-03
6.591855952734856916e-03,2.445675411479972076e-03,3.370732645381064978e-03,7.193923384501317575e-03,5.727913607263510586e-03,2.872298791785368732e-03,5.214789530431385720e-04,5.210478530044685601e-04,2.602819584452051131e-03,8.648564804191183342e-03,1.016402531935025125e-03,1.133049046648239300e-02,1.575355027071916991e-04,4.792515994480710251e-04,2.625935920795827855e-03,1.216690539950640522e-04,2.073750348984733924e-04,2.884427091610571731e-03,3.931967078349290351e-03,9.148125481124721667e-04,7.285162328724125586e-03,4.689867005908482378e-03,0.000000000000000000e+00,6.156781071399929431e-03,4.080659168612367493e-03,5.118211660453710066e-04,1.343302479724040272e-04,1.362188385198334997e-04,1.374488027909778753e-04,2.572084111289878877e-03,1.340580432023147361e-03,2.299331146269617890e-03
1.899432361716911141e-03,4.807948434024753026e-03,2.270436912022933545e-03,2.318966667497091017e-03,2.590142913504733801e-03,4.051939401271409391e-05,6.144157798367577694e-04,3.888826840978423793e-03,8.693200082576790777e-04,2.588637108174776397e-03,6.885610973892855591e-03,5.162519696193398032e-03,9.953890037374527044e-03,2.956628725625846943e-03,2.015522461536129253e-04,3.160812859577311063e-03,5.391817599425148544e-03,1.544813170080247544e-03,3.799253804180016680e-03,7.671573266405749131e-04,1.063983200176546462e-03,2.554495850829846624e-03,2.491284512895486358e-03,3.583486811781159964e-03,4.213579118291833209e-03,1.226220746238973480e-03,5.647984000151651252e-04,6.184272000186449153e-03,8.142307178577931626e-04,3.398460093251665787e-03,6.310993543504010012e-04,5.156770319991760276e-03
7.011217402616315431e-03,2.767602652678502473e-04,4.945714686528040506e-03,2.970062838293754167e-03,2.228015534536368150e-03,1.203125948474201290e-02,1.659892603557436720e-03,2.608134313212641386e-03,1.249128658448370177e-02,1.359460457217579604e-03,1.232721596064671136e-03,1.982972329224579056e-02,2.562090930876869885e-03,2.820930135662390315e-03,1.263380070307070641e-02,2.676738613784970452e-03,4.610149523554342259e-03,2.569961995453968334e-03,7.650404424207099541e-03,5.553467800037101970e-03,5.856589898371386549e-03,1.028840293259122504e-02,2.250678615345798068e-03,5.616138295067064218e-03,1.551958668614190906e-03,6.785894080413336360e-03,6.874755496662748010e-03,3.664599921700388910e-03,1.194517268954095081e-02,3.788471170662582876e-03,3.440395333897703495e-03,4.097616630601198101e-03
3.103357274219621566e-03,1.945018734704575397e-02,1.011074193166577873e-02,1.414498357217199020e-02,1.618628262486782737e-03,1.938263705199754676e-03,7.506350695213964697e-03,2.665790707099795296e-03,5.634664319279055616e-03,2.517765517082923288e-03,5.607318289837431857e-03,3.921181012237193175e-03,7.253867088602983237e-03,1.191317774441143923e-03,1.884687183234609251e-03,9.113152423550709494e-03,3.299560265514013546e-03,2.296147244137099544e-03,4.633853018262777852e-03,2.002951606131536666e-03,2.938499815761490275e-03,1.169605929285619152e-03,4.701800765048381320e-03,8.179205110453299440e-03,9.183867365609575673e-03,2.600810694495748511e-03,1.703688202002199984e-03,1.320445458353289303e-03,1.743240314291852593e-03,2.458210975191557450e-03,2.042176644635634516e-03,9.112163889780630632e-03
4.713096359525289700e-05,8.937782605925852913e-03,7.015437371342101401e-03,2.428044273998451394e-03,1.170338961338802247e-02,4.724038470786482563e-03,1.805391804806033215e-02,2.222307487171488322e-02,5.660068282327474637e-03,6.408292336844113694e-03,1.397152445095203172e-02,3.804883427167598392e-03,6.032940499859760011e-03,1.141210462656716031e-03,2.311027856785985695e-03,1.416589211484919550e-02,3.726875692005127139e-02,3.332942913557741804e-04,1.003936319257917389e-02,1.317605921774224823e-02,2.415185276936902478e-03,1.981541229856366004e-03,1.063355369204572153e-02,3.274071065382730406e-04,9.138656264310485167e-03,1.379799448247672616e-02,7.021690776226205410e-03,3.270414066680920467e-03,3.450897295852886626e-02,7.600482163844567238e-04,4.174598994674123299e-03,2.708355014642702813e-03
3.933757609311409886e-03,3.944346922378596729e-03,1.900762086752079416e-02,4.100900734245424215e-03,1.746026792028239696e-02,1.445234938663383234e-02,3.028884069059348868e-03,1.277313457082897546e-03,0.000000000000000000e+00,1.308830268624841878e-02,0.000000000000000000e+00,4.870711818626347056e-04,3.626068519921427612e-03,6.968507219833138325e-03,2.907012936418386373e-02,0.000000000000000000e+00,2.321123809630265197e-03,1.372225613690905913e-02,3.566380553023290373e-05,4.630187883901275107e-03,4.881906899199235997e-03,1.834616740431753087e-02,4.883566051626715861e-05,1.234944168264923842e-02,6.419094708610542991e-05,3.356708688460594003e-03,3.147401931304172427e-04,1.131883483194272766e-03,2.184237958833053125e-06,1.941729573943111464e-03,1.915701132540557211e-02,5.292861246662120683e-03
5.035236474563904024e-03,8.480874267057712107e-03,3.445116474992113154e-03,4.983982123039476693e-03,2.401123896284291376e-04,3.215194294242315620e-04,3.474671891590501438e-03,7.210799116592647370e-03,7.384085703395016145e-03,1.900916457120842284e-02,1.788245240329167313e-04,1.305837005110887725e-02,9.684823868681866413e-03,9.107837779878006496e-03,3.675059019670986679e-03,4.611697839717633098e-04,3.132354096250253815e-03,7.122716852309097721e-03,8.439466035168378261e-03,1.799240677547202932e-03,2.643212345412695660e-03,1.349666520259338448e-03,7.767835051579730619e-05,2.181960908667146537e-02,6.884247520424931904e-03,1.283686625668363501e-03,8.103448177783923725e-04,7.213539744850043338e-03,1.025903379278266881e-03,2.743879008349542695e-03,2.427855391187037221e-03,1.292318427064356734e-03
3.585305747318478804e-03,8.489324249764562680e-03,3.230475905016690075e-03,1.151924208787832860e-03,7.770825592325510123e-03,1.282211016973375944e-03,1.603752093171949278e-03,1.305734294890198433e-03,1.181808165550635170e-03,1.966613889152659788e-03,3.164891715520423698e-03,5.329143772857238004e-03,1.384834040569826730e-03,5.600559339800637026e-04,1.468218767152610401e-03,4.467235484164513992e-03,1.564385762818330805e-03,3.478962694939410211e-03,3.607557386926404930e-03,6.121370659819408422e-05,7.968847303181855746e-04,3.135642078431735182e-03,3.679204409028524747e-03,1.469452929473570590e-03,1.638348885605475647e-03,4.904373949609925482e-04,1.446401897297562578e-03,2.490388449646829816e-03,3.373450590164028817e-03,2.014558531803664967e-03,1.180029422181497418e-03,2.219472952156575918e-04
4.403459787705673451e-03,9.588623676005381125e-04,3.757773726431171135e-03,2.633279185876565964e-03,7.637324888047112431e-03,7.750930212755786572e-03,1.104579625533101510e-03,5.998421656151954476e-04,4.769506247203649765e-04,2.447794284162901207e-03,0.000000000000000000e+00,3.456755138228279241e-03,8.418712378378592201e-04,9.610413678261264803e-05,1.332497902990989469e-04,2.297351442489397398e-05,5.388997378435368300e-04,6.674998252515922798e-03,1.027539639864060881e-03,1.036084435550233517e-03,3.175430463250812629e-03,4.472585219517660401e-03,3.529380408505020323e-04,7.969046150176494966e-03,1.212777966966762907e-03,6.071870809958718196e-06,2.577561833197820115e-03,2.627915451265764864e-04,2.258505750238771004e-05,2.224674699070998407e-03,3.778890220713777143e-03,1.636478540436827689e-03
6.800174941487328178e-03,3.154445017999635281e-03,6.333884490683453633e-03,8.513089755738492345e-03,2.302987837436489688e-02,7.545142850980337754e-03,2.780935128742878341e-04,3.196178270146628198e-03,1.564038403143711139e-03,6.745397236623366932e-04,6.355122054203421640e-03,8.231796893627258555e-03,5.214614861198805205e-03,1.080017630343611465e-03,1.422585718328137072e-03,4.353569647197247892e-03,5.355667418763092498e-03,1.394889963530598041e-02,1.679147955077725865e-03,8.334381627446771704e-03,4.639632147076798961e-03,4.727877920360267286e-03,3.582280937713305628e-03,9.198982654623046387e-03,5.269375400266526274e-03,3.518365381779700596e-03,3.592181086983791110e-03,1.202893953080386158e-02,6.143147207108587936e-03,4.414973058197144140e-03,3.478793595540999317e-03,1.624217837429117219e-03
2.580404578372986341e-03,2.894149116231484881e-03,9.328204857741856371e-04,9.184239347115718405e-03,3.836096337973099804e-03,4.558506437276659690e-03,1.418680338808336709e-03,1.205115680666950630e-03,1.661056016357971132e-03,1.839358805340260417e-02,2.064522492598083042e-04,7.855032453466533060e-03,1.576150441307041595e-03,5.656566257646104129e-03,3.072681783852573845e-03,4.610887594833949711e-04,9.521135465653099211e-04,4.851693545545598951e-04,1.794470785300138552e-03,1.013017113231074427e-03,4.263715765863852758e-03,1.854544037602541551e-02,6.715907324475402403e-04,5.452073566422582437e-03,2.557333581316883261e-03,3.188484107657599959e-03,2.002450492740159241e-03,1.128122058219618862e-03,8.224057922064640681e-04,2.615971060162598782e-03,5.647283924585508319e-03,3.667568884463056136e-03
6.242288346190012771e-03,7.796951256223368955e-05,3.751657076021682261e-03,3.832975569508480056e-03,4.541006925530208238e-04,6.666252852650837203e-03,5.701111288393554072e-04,4.366485498692775904e-04,1.152330187200698323e-03,3.002868657258254623e-02,4.509156087847493118e-04,1.555457204655549125e-03,0.000000000000000000e+00,1.404738815496018797e-03,6.408102117862524150e-03,5.550485271597477142e-05,0.000000000000000000e+00,6.244085672535622591e-03,9.532528131668107155e-04,4.342184434046796569e-03,3.341120311968846096e-03,3.224328081898611420e-03,4.533650385386285130e-04,5.822123256019202595e-03,2.380805297617821607e-03,3.525090044470125319e-03,2.311606981370066278e-03,0.000000000000000000e+00,1.636945690486452088e-05,6.410778081422055519e-03,3.850383762523194517e-03,3.026985313596953792e-03
1.206323992375799839e-03,1.367812432438254844e-03,4.223371024651631500e-03,4.243434392757258061e-03,4.187306150796946125e-03,1.533747461729114813e-03,8.028249483457636226e-04,2.027111524689172595e-03,2.838158814250178481e-03,2.186537466056464804e-03,3.042019547728325776e-03,5.221592347742221030e-04,8.605432310114860539e-04,2.274967582427928937e-03,2.642444033423309996e-03,4.419320350260041476e-03,2.653303757176855154e-03,2.263407970107021456e-03,1.488381834700077712e-03,3.925356309549384026e-03,9.136625322688019316e-04,9.271710642206315968e-04,2.655954948499590802e-03,4.809168114292930105e-03,1.089125536177740043e-02,1.569318489880017296e-03,2.068300575988479481e-03,1.989807771296502048e-04,2.116317376559212135e-03,1.528392258572505366e-03,1.260284541843261635e-03,1.871274038125411709e-04
9.778815020023277904e-03,8.030976661206546546e-03,9.201040375672910054e-04,4.449151896329430096e-03,2.141082944112830330e-03,5.072773988769166409e-03,3.249664691897460097e-03,7.834072948529639466e-03,6.382211667627402628e-03,1.389939888071868579e-02,0.000000000000000000e+00,1.063975194588212027e-02,9.128793294911190584e-03,5.882920517053025211e-03,3.954014743986869126e-03,3.074151163863739645e-04,5.006689884084229367e-03,2.296720676387396104e-03,6.453705765444795774e-03,5.388333460491348537e-03,1.522915398932348646e-04,3.124174566022352648e-03,0.000000000000000000e+00,1.947675766496178087e-02,8.915419381154643386e-03,4.112070630828707635e-04,0.000000000000000000e+00,6.905020621761345963e-03,0.000000000000000000e+00,3.614107785749262614e-03,3.741870097789161756e-03,1.947709456548325779e-04
1.460791364161368941e-03,1.413586453622898281e-02,5.881994542890775501e-03,3.910869792743596439e-03,2.606892462321593745e-03,1.252836081058029873e-03,4.417681702758937540e-03,2.138135414655295552e-03,1.179805295253421888e-03,1.301408397401087073e-03,1.347895757195300814e-03,3.601418153148582685e-03,2.678772259129477695e-03,3.228402763391534456e-03,3.978277857215698279e-03,1.843127901815286686e-03,4.025676641843663889e-03,2.257626329598932339e-03,2.352521038316513803e-03,7.056890589574739414e-03,5.406310636947274113e-04,2.248966870489484560e-03,2.001815090101115475e-03,3.448666440060303706e-03,1.453811262864593452e-02,1.363420906526482306e-03,3.071291522242274464e-03,5.812795956045694809e-03,2.647627799031950901e-03,4.127205081528757813e-04,1.128330105709370382e-03,7.776732187123699958e-03
2.345200111055304251e-03,6.512625401260024524e-03,1.277003121425925383e-03,5.889621750933786773e-03,1.102492498691674816e-02,8.841220281094306147e-03,8.908730792214998584e-03,1.234731936979499393e-02,2.358140980849521284e-03,8.831477184297598787e-03,1.509807518092973200e-04,4.290250881664498146e-03,2.508187433127809923e-03,3.903318206008263638e-03,3.660664239249626292e-03,6.450907257796277897e-03,1.851424478959642211e-02,2.992542945077157970e-03,1.326907838573083802e-03,3.955904902262370390e-03,1.631320505271585111e-03,2.593638632192656838e-03,6.799628444704299696e-03,5.351370253814409852e-03,4.983769520192452354e-03,3.901509515906589204e-03,5.381095788317517836e-03,9.097178266317812456e-03,1.774011329558716765e-02,6.226704281363975094e-03,1.964427635360119044e-03,4.933176201530093015e-03
9.542971722984652100e-04,2.916667223423589049e-03,2.363121363559967866e-03,1.422854535972077963e-02,4.415947261545469238e-03,5.957347062319417845e-03,1.039232038026093735e-03,2.475118002044477978e-03,2.676947392608079995e-03,7.634098847364841241e-03,1.569619796229849377e-03,1.340101737414781807e-03,2.839113500608912277e-03,6.756831875566650034e-03,7.970578684998695651e-03,3.137828206430076650e-03,3.411959972786352772e-03,3.635318061097601167e-03,5.777809018415045600e-03,5.458675478042964227e-03,7.170691579914527727e-03,4.098926387606930191e-03,1.950265540427745378e-03,1.176821302995102736e-03,4.253282739733355022e-03,3.749705299861075952e-04,3.591076204172410219e-03,7.824460187266699639e-04,2.723875028531294682e-03,4.656606342373137419e-03,3.268651290275679383e-03,2.973921343822249347e-03
7.653616847751096991e-03,3.346623430680915803e-03,3.420056376089877434e-03,4.086947565141234653e-03,2.390161636422125525e-03,7.323621960722663526e-03,9.536526773184512539e-04,1.331217662415470069e-04,1.358493607191630422e-03,1.363628546725058691e-02,1.638235503844334348e-03,8.648305017098019409e-03,1.054332684910547170e-03,4.770074445908524530e-03,1.682417858630220163e-03,6.193182333563750173e-05,6.749008422682271479e-04,2.185000642576216505e-03,1.053608449405881581e-03,2.247208769831609155e-03,3.320904012271550486e-03,1.161950205354957133e-02,0.000000000000000000e+00,1.784126992570121608e-03,2.060912325264699970e-03,4.329021311302271025e-04,0.000000000000000000e+00,4.326139148573573913e-04,0.000000000000000000e+00,9.228931121520005110e-05,4.933537365359043358e-03,4.473501569846953865e-03
1.473401519075904489e-03,2.010382720368270038e-03,4.276407393824649406e-03,2.919397651035153963e-03,7.501268466991816916e-03,1.072434462124098901e-03,1.137528275129353825e-03,7.849617566394027522e-04,6.799832589826470934e-05,1.159123095651821067e-03,3.929329126427940993e-04,2.660751547616073409e-03,3.366970611436703731e-04,2.940407513895295158e-03,2.209927963391702770e-03,6.459701879097478987e-05,3.650721234860803549e-03,1.489651602269629390e-03,1.717270102910338362e-03,6.570326537063495703e-03,2.060188176358315770e-04,2.404018342911946188e-03,3.882198123657526202e-05,1.295962838991204097e-04,1.241213117908351350e-02,1.141639191420399779e-03,1.724198975349928997e-03,4.898843711896409825e-04,1.764227257169689129e-03,1.729965678399205276e-03,2.007989164633967871e-04,1.728609627067885512e-02
5.797530285188345553e-04,1.374218541626209562e-03,7.052214301719864596e-03,1.102423211282933281e-02,7.277700492219539227e-03,6.480543017988185661e-03,4.097782837496941055e-03,3.820259424912066364e-03,3.739278083452975826e-03,2.307907337137460844e-03,2.851977497223582084e-03,2.884515844219091591e-03,4.465017134765792220e-04,3.331340546831526583e-05,4.396774231559692422e-03,6.441425379842399476e-03,1.137286224318497831e-02,7.566641230266556509e-03,6.233788752008796036e-03,9.365634447430073312e-03,2.314286771667274385e-03,5.518325041845850709e-04,4.058832153816717241e-03,8.699351241326602063e-03,4.616284096504929060e-03,1.858515732026678677e-03,1.867532800408028791e-03,9.112565316849159311e-03,4.778766364519227566e-03,1.428582906657255638e-03,2.631800117620887967e-03,2.470530734761324128e-03
2.621364537076543988e-03,1.167166436379410335e-03,9.730976725425234328e-04,1.727636668957434210e-03,4.058371552335307553e-03,7.985470455713522195e-03,1.263463929176627826e-03,7.790100813438820531e-04,2.775211547315881069e-03,1.708587876243097305e-03,7.655437940218615383e-04,5.720539683326263808e-03,1.370006335981537949e-03,2.637958336847154479e-03,3.597894739241861220e-03,7.310844999344075744e-04,4.639430882929167221e-03,1.655659033409909685e-03,2.495281282235322154e-04,2.363256646038235792e-02,4.566626527822930173e-03,7.361093489065947439e-03,5.578661254417727070e-04,4.430744330463486785e-03,5.629178429143994085e-03,8.705327335433579033e-03,1.488531249027075188e-03,1.592189771523188583e-03,8.447663226958445964e-04,7.478299379455989083e-03,6.879155838149592778e-03,2.807206403265317431e-03
4.339251643931675041e-03,5.043654771135237108e-03,2.889766260164882035e-03,7.823034734780985600e-03,7.888355565941952696e-03,1.075490463208308468e-02,8.184382031529914558e-03,6.924685389894833301e-03,2.002404000657871490e-03,9.953538786879831748e-03,5.574603477962600077e-03,2.946889654497510721e-03,5.419204167360028995e-04,2.444019297852430619e-03,3.719324352868210760e-03,4.663885446183306874e-03,1.355655497768028066e-02,1.844150295004544360e-05,2.500096051926437371e-03,2.700414066167500671e-03,1.460551712419449859e-03,1.427785381013138132e-03,5.341207277924991774e-03,6.991426016857935424e-03,5.134574708436557069e-03,8.230868840990515634e-04,8.523342545578613261e-03,1.209542960654971279e-02,1.268743019450300699e-02,6.078296365724059069e-03,1.334191160777568538e-03,2.710209707433955915e-03
6.737455152834619793e-03,2.149949787980317672e-03,1.077589248184988510e-03,1.496510659109226990e-03,1.564905523793673481e-02,5.806034099369808237e-03,1.682930245102168612e-03,1.264767462949956340e-03,3.899062928553084073e-05,2.513968044479491376e-03,6.387176095388035087e-05,5.954133902065371527e-03,1.987776536886576989e-03,2.256939981427362463e-03,7.124081946578882107e-03,4.489659458803576630e-04,1.240383114942071553e-03,6.728515766790763714e-03,3.897284240739891880e-04,9.153298619485814025e-04,2.913149155738400768e-03,1.411632829731737648e-03,1.008434794695596765e-03,1.892760205861356883e-03,1.153867589343923912e-04,4.709155059625208008e-03,9.334109315370840926e-04,4.138057516838416897e-04,5.756039864432942882e-04,5.497098676789977101e-03,2.448467337985454906e-03,2.204294831864675105e-03
3.112093119688312884e-03,2.831623079568067105e-03,1.346810996055765666e-02,1.843330503570181876e-03,8.696825023669224608e-03,8.445271107145191011e-03,2.079043298029506059e-03,5.884288540479107321e-04,0.000000000000000000e+00,1.052393839214934776e-02,0.000000000000000000e+00,2.728833904484978187e-03,2.607796647476516745e-03,6.145783368586365571e-03,2.934439765021722504e-02,0.000000000000000000e+00,1.669306262657961962e-03,6.321526958647918047e-03,0.000000000000000000e+00,5.512182113398629048e-03,3.491410676217955242e-03,1.230132612716067046e-02,0.000000000000000000e+00,7.801905365765264902e-03,0.000000000000000000e+00,4.507086215897479139e-03,0.000000000000000000e+00,8.140281786158930786e-04,0.000000000000000000e+00,5.314643003272487287e-03,1.862023077158187975e-02,3.788982786086388891e-03
8.670129400266245873e-03,3.111094416620511079e-05,1.404436418701669048e-03,2.040324961692992212e-03,3.671433396318366568e-03,2.856786953707764719e-03,1.944219440877351134e-04,3.409305041804254672e-04,7.360004390897378771e-04,2.672842149562950492e-02,2.863298297720474482e-04,6.148382228645683095e-03,3.985924242289463730e-05,2.528324248804437319e-03,5.664799387054996437e-03,3.542113309684427434e-05,8.911870627547943528e-05,4.336194330684825689e-03,2.376654635141212373e-03,2.942227593655936425e-03,2.996820538475059980e-03,1.087723761845526410e-03,0.000000000000000000e+00,4.060108267620908713e-03,1.197737103966916173e-03,1.058285162568557529e-03,8.019974157397056136e-05,0.000000000000000000e+00,8.206162521007659405e-05,1.530860274739085855e-03,2.425167175153423657e-03,1.805167967908159320e-03
3.264491070729225002e-04,2.545929355008920425e-03,3.415886964282733012e-03,5.490405747512113258e-03,5.154229317598980724e-03,6.859766029878314013e-03,6.244658628487928520e-03,1.489706219439424981e-02,2.018342208712851481e-03,1.701478498246100819e-03,4.432070102029429803e-03,1.743683655651242712e-03,6.942766448114180700e-03,3.436738532699966549e-03,3.916755106611290171e-03,1.050354573986430479e-02,1.134212317031739123e-02,1.812714261302994165e-02,1.305110918631565732e-03,1.340833484878799914e-03,9.256145062889920179e-04,2.266576195057865874e-03,7.642692536981522157e-03,5.568501530718408463e-03,1.457646691399352859e-03,7.067754532177547566e-04,9.009475090495638189e-03,1.791853714217901683e-02,2.142373569169910008e-02,9.790334099082781405e-04,1.871607670162739063e-03,3.602762603040987176e-03
6.063469546438871732e-04,1.268923026994829692e-03,9.901266499126627763e-04,1.443553505685030505e-02,4.188264223540590254e-03,2.915979271164450236e-03,3.110909466351769945e-03,1.965920925875833808e-03,2.587465560002313782e-03,4.767027761219305541e-03,2.553381589385328269e-03,1.348232337104475834e-03,1.817305662235743201e-03,1.646459484094410682e-03,6.746383368409013259e-03,2.958295300654882609e-03,1.077231573313932895e-03,5.860299411584038790e-04,4.456004371498629990e-03,4.238141120996486225e-03,5.310594810878385350e-03,6.177953051055935438e-03,2.654284876456388612e-03,1.958643893618261349e-03,6.381059442339669791e-03,4.659236765884111967e-04,1.822029776802952658e-03,2.030404205363226834e-03,8.378395913814693473e-04,2.032213247350964092e-04,2.409815552781017188e-03,5.022652720330623120e-03
4.039212712404365024e-03,4.460878874127574729e-03,1.173108399081645298e-03,3.194989093387202994e-04,5.722780835398776425e-03,4.494030841524236999e-03,2.743104026465008685e-03,2.546647313074540332e-04,6.975688644858070442e-03,7.281386883898611356e-03,2.648641293565445580e-03,1.367865925831641960e-02,1.294090211182398085e-03,2.883302208680327272e-03,1.602999008782716225e-03,6.424922107689624157e-03,7.097442301635955393e-04,6.678918723295585586e-03,6.836219150837870989e-03,1.062343389588415316e-02,1.113300218153301380e-02,1.351366927082171820e-02,6.672068006332758719e-03,7.600891620293277057e-04,5.550199421653870258e-03,9.276196415127987982e-04,5.690250994387163752e-03,1.074167986426849712e-03,2.240868978645349139e-04,4.215277887134024140e-03,3.425942303069896399e-03,5.753871929179204744e-03
4.002861993325639543e-03,2.095871311001060860e-03,7.567644000729272652e-03,2.020221653588038721e-03,4.774259974255973087e-03,2.932267508909726546e-03,8.327921891230518486e-03,1.671814540178012546e-03,5.903624607218533812e-03,1.749194186037000614e-03,4.610929805692001553e-03,6.670269785967871887e-04,1.257387100194195736e-02,9.138663012119210144e-04,3.717769159265775156e-03,9.809118211506012708e-03,3.127346090204558698e-03,1.729903038716346184e-03,6.492107783985099495e-03,3.445309524795710926e-03,5.837200853119096054e-03,4.264226841182339363e-04,4.025753826518678989e-03,1.095434085712087592e-02,2.413160955952260711e-02,3.218687560061245668e-03,0.000000000000000000e+00,4.110308641420128833e-03,0.000000000000000000e+00,3.031781381257802124e-04,1.834585294329459364e-03,4.293334886714045284e-03
3.242340713240253122e-04,9.257073552990971151e-04,5.042653125767937103e-03,9.686660056688374413e-04,4.209192216751525203e-03,3.858481921340937981e-03,7.040307531016171128e-04,3.092180303895131102e-04,0.000000000000000000e+00,4.345667848530700671e-03,0.000000000000000000e+00,1.691462746733570291e-03,8.525345605184062731e-04,2.160897519051210164e-03,3.398636213091407385e-03,0.000000000000000000e+00,5.457255581576339869e-04,3.321948102579214135e-03,0.000000000000000000e+00,2.531291222263690275e-03,1.831063353276763056e-03,6.464319025235919745e-03,0.000000000000000000e+00,4.099727564379603006e-03,0.000000000000000000e+00,7.006166117274176784e-04,0.000000000000000000e+00,2.661201195183101318e-04,0.000000000000000000e+00,5.108335093648077446e-04,8.146587822398075260e-03,1.238685070583922607e-03
2.483161767287446475e-04,3.258159541118878059e-03,1.083083524130503631e-03,1.710234085207585492e-03,3.321008180749753132e-03,1.391150603690990278e-04,1.239817946779310162e-03,6.150880526248032193e-03,6.347934576496278188e-03,6.827807119115066742e-03,3.961330491279681752e-03,3.179233404756396861e-03,8.216455742498254833e-03,1.779766361957061879e-03,1.008392138879299436e-03,7.880614447040171569e-03,1.259593702483968172e-03,5.861040112275648500e-03,2.456499027804717739e-03,9.764906607726584614e-03,7.815460083575476169e-03,4.332121102504167022e-03,4.838062697304171614e-03,5.750541978532790893e-04,3.437190384738969540e-04,2.849190582210649192e-04,9.308203024468927889e-03,1.510377220272151244e-03,3.229311152515881552e-04,3.377669128765008449e-03,1.477496619946634844e-03,2.721122139897821923e-05
1.160529678481542204e-03,1.176996922931496667e-03,1.155806301963834687e-04,2.496545342726467186e-03,4.884793667656942874e-03,2.168176232791205540e-03,2.835715684494670083e-03,1.276357116289996829e-03,4.212613609099889376e-04,1.165011024881376124e-02,1.321840071806382145e-03,4.005446671061776640e-03,1.701527789146072478e-03,5.070315470158306970e-03,3.451925549586972938e-03,5.460214589705151807e-04,1.747838987455406978e-03,1.500242970786357273e-03,8.939391333169891289e-04,1.288406299776511960e-03,2.668394740875376387e-03,8.872685380058930454e-03,6.136030401981459187e-04,1.677592528628488872e-02,2.763660028500356837e-03,1.237836446416428100e-03,1.252666406478888678e-03,1.946069621980421518e-03,1.125775505310983894e-03,1.372090037593262993e-03,3.603785325438769657e-03,1.450890683956709446e-03
7.979995853257166455e-03,6.422414452385487998e-03,2.239651288474679529e-03,2.831394735626022001e-03,5.450324928256495421e-03,5.329739049651747995e-04,8.233562396140906361e-04,7.908603565798751761e-03,6.683135780373645682e-03,5.935636323454189858e-03,0.000000000000000000e+00,8.322446718577984279e-03,7.322904861982947565e-03,5.035786443128978385e-03,8.022687009378924150e-05,3.217602609424162030e-04,4.349888463294170060e-03,8.494535434120081135e-05,7.114251469975738269e-03,9.624309037742466433e-04,8.467146094488040703e-04,9.193467007112210432e-03,0.000000000000000000e+00,5.745845988847364527e-03,1.170999212280166707e-02,2.745934585079731413e-03,3.978379205152642799e-04,5.389486891243567418e-03,4.070739591793867251e-04,1.984261264634896646e-05,3.933614809858914513e-03,1.000035283985986102e-02
6.248535785987045788e-03,1.525505417582060687e-02,4.435666459947373158e-03,1.167252336529851948e-02,1.295046252825027451e-02,9.719651934622800318e-04,6.113477903734849950e-03,1.771916358794546620e-02,7.159347744403598592e-03,2.025977578672456293e-03,9.115779913646607224e-04,5.136853823813711944e-04,2.977006409165171286e-03,1.514367714195516065e-03,9.705964706562645065e-04,3.006815592780112678e-03,2.537710486648560304e-03,5.441500093518724171e-03,1.326447932259045698e-04,3.785087438824251589e-03,4.596133410537990398e-03,1.042616085580889713e-03,8.468069229070791792e-03,7.245024578495344592e-03,6.860772015393528690e-03,3.070677337676309612e-03,2.085189541864457263e-03,6.067372321416306460e-03,1.313359764484564249e-02,2.083338870653843843e-03,2.321934906306567445e-03,2.216613406885068263e-03
2.398080972752604945e-03,2.934687421920448725e-03,1.422218367035455247e-03,6.702071744332098978e-03,3.072550140778423922e-03,2.516015838223314895e-03,1.320115277818448979e-02,1.861639485553455778e-02,3.663911236369255496e-03,2.785311735299819680e-03,3.433349174517277835e-03,2.135331371881594824e-03,5.539693461688384619e-03,1.489909996711447950e-03,3.447189542821844574e-05,8.124486044375121840e-03,3.391308776415691284e-03,1.881522144893133137e-03,2.971774464324646817e-03,1.731663625621392838e-02,1.432490008599730325e-03,1.816141392855671237e-03,5.410599160449632190e-03,4.886994554766078969e-03,5.447629743593483502e-03,6.098032838292442165e-03,2.323966427560993347e-03,7.266563532823570176e-03,1.022856949220945014e-02,2.728846746916969296e-03,3.838353174149974466e-03,4.726757497267756319e-03
2.315091639048808686e-03,5.506679493828618190e-03,1.331249195570873359e-03,5.873116642502538426e-03,6.965945818105681586e-03,3.008348982048360265e-03,7.094840686449029390e-03,1.545323032598530308e-02,1.249409052730546428e-03,2.844209871543542517e-03,6.017457816124723718e-03,1.201407274768635618e-03,3.560132411886303416e-03,1.178766415290554911e-03,8.401398128141577236e-04,6.211561258799147035e-03,1.989410793307321360e-03,1.277019785033383162e-02,3.918757485274624447e-03,7.226447774042010601e-04,2.677468922450618183e-04,7.693167705846680471e-04,5.852041210532323012e-04,3.294797463232286214e-03,3.054926745450668984e-03,2.340537442284745459e-03,1.911687422126037705e-03,2.031623806316458242e-03,5.978384622691964613e-03,2.015529229057112966e-03,1.743254112717900839e-03,2.154933401010885458e-04
2.602507915367011787e-03,4.956403216995978328e-03,1.673117503582639137e-03,2.564408814513184556e-03,3.749792195445675325e-04,1.667348504398576212e-03,7.131704998934017964e-04,1.034770118226314333e-03,4.012955905929072877e-04,1.637380066855348643e-03,9.999625781096435628e-04,4.002839692482818706e-03,1.916530166352497372e-03,3.192358945891240942e-03,1.683307178396855654e-03,5.790069446328756841e-04,4.577968376772259193e-03,1.702730199824938236e-03,2.653336962355188223e-03,6.078301632191286663e-03,2.761074511696908450e-04,4.200954524491199403e-03,3.762080409624036083e-04,8.504205534768374472e-04,9.997390514992678806e-03,1.682558061823916009e-03,1.985637218814804549e-03,1.829949454568938899e-03,2.014734849064679038e-03,2.249582875509081870e-03,8.339578342120446824e-04,1.440985660788710737e-02
5.251230442032339511e-03,5.071253821602225015e-04,7.951789208754346180e-04,1.776115835689037487e-03,2.177560690134393469e-03,1.548560424560084178e-04,5.955948983143364000e-04,1.834981343029062635e-04,3.978398103405075695e-04,7.986536832985547535e-04,3.557243911902973569e-04,3.624975956078533082e-03,0.000000000000000000e+00,6.237421932322189007e-04,4.254783542540148053e-03,1.850959760592464434e-05,0.000000000000000000e+00,2.157331778970464266e-03,2.169239975449914308e-03,1.569064707019021676e-03,2.996666338765772639e-03,3.737671463115786307e-03,6.238050388373920238e-04,2.458555075061645556e-03,1.372328633946926770e-03,7.599701807794448025e-05,3.698786966128220742e-03,1.930205039719642501e-05,2.906361466237195748e-05,4.893831860940276064e-03,4.097982826487092320e-03,1.642607809843153396e-03
3.099135642131412537e-03,2.524671135531088122e-03,1.503642537526227434e-03,2.191546163455843771e-02,3.134703688322804105e-04,6.322160336517656902e-03,2.371664160232464340e-03,2.291462102705532633e-03,1.911442308781403400e-03,5.561728724245046905e-03,9.909083519948590213e-04,1.852572923474962328e-03,3.243608115368455929e-03,1.315488335469470853e-03,2.620007964617892659e-03,9.917815254583987536e-03,3.115018505605731541e-03,1.217483152581717680e-02,1.322553660654856092e-03,1.711224241473561537e-03,7.927026326562321449e-04,5.374851942307090798e-04,7.216497600585474251e-03,1.592082904510996356e-03,1.548110271510464613e-03,1.152055772287625263e-03,9.231106141780772226e-03,1.687349286258249884e-02,2.227643800250300732e-02,5.338551317097242968e-03,1.124660025336441261e-03,3.667835427921519766e-03
5.589454488409676845e-04,3.752457646747329144e-03,2.213938646231160962e-03,8.478668036881756298e-03,6.860911743391210488e-03,3.957797270473177587e-03,1.244712128469859305e-02,1.544799102909027479e-02,1.488678228749380121e-03,2.504261079685578695e-03,3.293630754219022821e-03,9.357027939580746939e-04,5.085570016092113080e-03,4.394856994646192602e-03,2.732804351727583826e-03,3.591751849693455585e-03,2.101931583084350880e-02,4.526799656105822203e-03,2.437620580192451092e-03,2.577720048580319813e-03,6.254978506331960748e-04,5.822846313563547534e-04,5.367044563013048143e-03,3.707977612432871665e-03,2.620744495364727041e-03,5.118588557424922497e-03,5.239862267397397272e-03,6.020732975974362085e-03,1.100493049716185119e-02,1.075552546987219643e-03,4.460664382004524945e-04,1.547781758198117814e-03
1.070572874590152573e-03,2.277254325572748760e-04,3.802261572884749544e-03,2.125258372479967538e-03,2.871624700343793080e-03,6.127728848366099414e-03,5.579715296154891474e-04,4.673512592818019392e-04,4.711873198297892532e-04,3.124571503745018214e-02,3.762523390806720032e-04,7.402216343740816717e-03,2.925031480156418994e-04,1.475466186508402402e-03,2.806349628823039295e-03,2.247457944886485529e-05,6.539889006441887724e-04,3.769635128766267527e-03,2.426608408451998589e-03,2.132312881667429091e-03,1.969759566863642578e-03,1.379276823571442406e-03,0.000000000000000000e+00,2.749163213066825248e-03,8.874951269067997113e-04,4.055436583362903927e-03,5.885379514125681742e-04,0.000000000000000000e+00,6.022012021844144096e-04,7.568729206918513308e-04,6.391195002508126208e-03,2.370212638983249572e-03
9.807575828432869847e-03,6.165016291617917039e-03,2.133066101520032266e-03,2.784672042689573853e-03,6.022341529188557190e-03,6.052935503396868200e-04,2.551797410076882353e-03,8.107837555455899708e-03,6.082166583561789130e-03,5.145971872769811335e-03,0.000000000000000000e+00,7.577587225797049672e-03,7.007602320623276988e-03,3.894366169597374139e-03,7.304656028993478708e-05,2.929626978138198212e-04,3.843321950329148511e-03,5.350276446887965165e-03,5.949390721804359052e-03,1.029333570787504398e-03,1.948565563504528822e-03,8.370651144977630381e-03,0.000000000000000000e+00,6.137680663187026521e-03,1.296020597091733159e-02,1.595997196592591205e-03,0.000000000000000000e+00,5.300551449662013921e-03,0.000000000000000000e+00,7.945050587080922447e-05,4.438265245768656560e-03,9.359402174517484838e-03
1.284187265468157008e-05,8.515459623704336621e-04,1.932337587976234658e-03,1.774325318412225396e-03,3.756516102484801570e-03,4.318001268380036207e-03,6.210207990841384992e-04,8.161299158356996684e-04,1.882415157566589409e-04,9.095605539740135928e-03,7.693722591188414473e-04,3.023564968909404384e-03,1.225361437035556080e-03,2.121103858199100377e-03,4.584062138494321773e-03,2.828316318483181766e-04,7.626604680887179256e-04,2.670527203124343097e-03,4.499009137652806032e-04,3.057111530380419214e-03,1.894446245116514259e-03,5.102114979278539811e-03,3.621039119612911640e-04,1.368564476450271662e-02,1.845052870559221953e-03,9.805837023378095874e-04,8.596143705070656473e-04,1.224471080583470648e-03,5.862270959011649761e-04,1.724161188042279760e-03,4.385800738414759488e-03,9.963897501083748050e-04
2.090008590496749124e-03,1.329659179638167151e-03,3.624437509102202554e-03,3.895214735614499577e-03,9.031035295163008375e-03,2.981523651359612760e-03,2.985605899782599239e-03,4.290777961192267231e-03,1.083530587092231684e-03,9.033143486846940788e-04,1.162495811903311096e-02,1.706883976689981897e-03,8.323371590056893518e-03,4.208886071345539076e-06,9.416531956350747412e-04,4.005278743144101948e-03,1.032743276942394220e-02,2.850974840861216636e-03,1.333495164467432591e-03,2.774800276220389886e-03,6.223350972941703437e-04,3.504816225765334820e-03,2.822430360401323272e-03,5.747659645880059953e-03,1.115073042416364537e-03,1.951787055705305352e-03,1.511534442696194080e-03,6.944446360132069083e-03,7.590396315998621489e-03,1.043125707693287434e-03,1.794413589516209414e-03,1.897467333120299478e-03
4.504758710783816553e-03,1.399943154635895602e-02,3.568592824300919827e-03,9.367180209266853103e-03,1.193257628226395556e-02,1.858348955363377502e-03,1.194352979971264814e-03,1.255635198199785488e-02,5.731295312074780914e-03,1.496804520453058054e-03,9.907626876831492069e-05,9.096842516741737023e-04,4.086495690084656837e-03,2.789056789176708184e-03,1.085190981158127817e-03,5.562012401492812813e-03,5.977269434283873084e-04,1.134718728261393736e-03,2.256196664218935305e-03,2.291567542194536226e-03,4.196815701338598749e-03,9.818260448151889825e-04,1.145489053218965228e-02,8.538005343455860527e-03,5.459015168197212456e-03,1.053816490096695820e-03,1.688059948367744145e-03,3.189495897352057768e-04,9.906671445139477936e-03,1.659287888194920348e-03,2.371840060503860228e-03,8.854011075527428234e-04
1.694126599272895856e-03,9.478433642531906237e-04,3.421830486680812675e-03,1.602031074768308586e-03,2.818722537301165433e-03,4.832891132090775567e-03,1.100642283723746086e-03,5.188141019705878269e-04,2.370797037655096497e-03,1.680312200296696541e-03,5.777700578550651594e-04,4.430582220402981206e-03,1.133146128598095954e-03,8.634431342449235339e-04,4.724730858146943165e-03,6.162924998126723163e-04,4.939929760858325150e-03,3.200259495595445328e-03,3.354747956587043889e-04,2.187936369390542160e-02,4.054691781716435531e-03,5.273769314981053592e-03,6.448729737282825770e-04,3.147225397760632613e-03,5.055022690380613082e-03,6.961169431244718445e-03,2.072550409126024985e-03,1.318832176467166217e-03,5.008046220559169608e-04,4.701822051303364801e-03,4.595555491580747762e-03,2.383196341569419202e-03
1.577329231421125896e-03,1.737337892889553349e-03,2.551943596634551753e-03,1.275474792840843898e-02,4.235267328454487591e-03,3.726629657387113895e-04,1.562476104365435273e-03,7.411311067596885625e-04,1.978828716838612958e-04,6.933502162957494094e-03,8.325327043921678348e-04,3.330773118383702127e-03,1.741416487019502388e-03,1.054292591191858131e-03,5.112255353157962520e-03,2.989515813371522793e-03,1.434197851222956824e-03,2.775486440464369157e-03,1.948645332057317124e-03,6.013127457128053348e-03,3.056977939303619045e-03,1.820509281364792679e-03,4.177076474142622461e-04,9.209818302418808569e-04,3.799493266039498732e-03,3.336170759776066128e-04,1.151431536764492975e-04,1.610546957905471116e-03,8.925801389712077196e-04,8.573613114693500251e-03,6.074274971135848120e-03,7.893881412861479541e-03
4.407538100268207706e-03,7.448676946591860446e-04,3.733127304626131758e-03,1.913264331429028776e-03,2.001203371539972409e-03,6.937153088381932571e-03,1.934722699590906521e-03,9.271271847879491860e-04,1.132926341231493611e-03,1.192573233702269760e-02,9.381867399364399250e-05,6.075766783970350249e-04,7.824986803271204465e-04,9.323056018124414868e-04,1.580077324932832421e-03,5.397811769124610272e-05,1.749538270525881128e-03,7.733370671931164182e-03,8.649274869126136710e-04,2.846536205635471096e-03,3.163119495693467870e-03,2.514018133781698201e-03,6.994340012186781247e-04,1.489986578454515626e-03,2.967020445630245713e-03,1.740360158661609282e-03,4.379340067468128969e-03,0.000000000000000000e+00,1.626002943964733726e-03,1.956019176168533567e-03,2.307033034358036382e-03,2.350129203683011276e-03
1.705481241931506090e-03,9.549394541369309953e-04,1.812306091461329035e-03,1.147971113838046169e-02,3.117199906289392676e-03,5.828151243881937379e-04,2.121278296413188144e-03,3.233768267754556086e-03,1.668775723964285168e-03,2.516829602854433415e-03,9.364770716670366840e-04,3.693679107612018314e-03,7.566830219029405807e-04,7.479026920919237299e-03,4.096729538019779245e-03,3.879092578928771459e-03,1.756900997862470429e-03,3.865012131949531297e-03,1.031338545539426180e-02,2.774696370968430126e-03,4.045363128738682645e-03,6.360026578694720142e-03,2.072988754213491141e-03,1.063360134417785235e-03,3.966562939364409041e-03,9.773060960166512351e-03,2.751969621602442205e-03,6.408532604678048722e-03,4.617566243929034989e-03,3.372719620275046321e-03,9.532862491050575655e-04,4.083870946375150850e-03
4.095261717811367959e-04,1.060769133008230419e-02,1.348585423519240096e-03,1.458508296539826055e-02,1.085653039499227986e-02,5.696375726792930576e-03,7.866249304702642095e-03,2.364312068744798406e-03,1.071178224687726645e-02,1.279736479242071009e-03,1.607386794482684039e-02,8.010369629819298805e-05,4.140812570479750904e-03,2.417035219692015985e-03,3.176233666686289168e-03,1.722888736240958327e-02,1.328297286012258306e-02,4.781410007886035402e-03,6.748439765108921705e-03,6.476731045027417019e-03,2.120366021149535513e-03,1.173027012310002236e-04,1.984316725247629171e-03,1.210573613050132044e-02,2.938317143552713478e-02,6.438157848724713680e-03,5.638454326292459406e-03,5.815471870120467873e-03,5.353304915923536716e-02,4.891173999856355007e-04,1.772340632266788474e-04,8.261105635672156763e-03
5.790510849318442413e-04,1.031111160577545972e-03,4.651452669904992086e-03,1.184269651375447797e-02,7.713935984002483551e-03,5.152988052254947604e-04,1.276365839191944025e-03,4.736313708296685000e-03,1.710005234796204516e-03,4.448007019578071285e-03,4.834284510815392046e-03,2.842820888361390335e-03,2.532534325254129099e-03,6.095914997044822592e-04,7.676587215425138139e-03,2.816831427040234013e-03,3.141546892579866190e-03,7.447417547391495425e-03,2.814686934305014702e-03,4.669628500478237298e-03,2.672650233097700802e-03,4.930382883688947185e-03,2.426250745711737607e-03,4.199139800048031466e-03,3.516861063328099307e-03,6.807365394027572840e-03,3.656932725996719664e-03,5.240170582330753654e-03,4.739601363465283448e-03,8.052330691539003049e-04,1.935884767399146528e-04,3.550562657345666343e-03
5.739565259412366879e-03,8.136183467225889011e-04,5.952893072628142983e-03,8.532174188536882512e-04,3.706397710948392335e-03,9.288503099805049679e-04,6.189059528471207560e-04,2.723644767215652553e-04,0.000000000000000000e+00,3.832021129640959117e-03,0.000000000000000000e+00,3.457103683317589143e-03,7.493056587291989238e-04,1.634925056407129148e-03,5.062650261693887183e-03,0.000000000000000000e+00,4.796465360794452339e-04,2.926028134631923020e-03,0.000000000000000000e+00,7.213896015444889315e-04,1.612820130474839969e-03,5.693881648660004645e-03,0.000000000000000000e+00,3.611108965132337357e-03,0.000000000000000000e+00,1.955663639707097903e-03,0.000000000000000000e+00,2.338970414706787251e-04,0.000000000000000000e+00,3.103820556118722443e-03,8.527453673103958798e-04,1.088699245468150844e-03
1.346788455513922610e-03,1.073150982627799239e-02,1.187835296078791625e-03,1.098543877594377986e-02,1.077310744913993062e-03,6.011411156117055406e-03,8.615262751058175988e-03,6.917679285930483646e-03,1.231224432469021392e-02,1.052008260288952654e-02,1.472161453371852863e-02,5.380457523457643715e-04,9.626231465456278405e-03,2.953319277407709040e-03,1.110063194466007642e-03,1.421495162882131791e-02,1.668306039499840854e-02,4.898698774533229161e-03,9.629414390196530671e-03,4.255652766985076538e-03,2.467912961155655123e-03,1.097930519856191948e-03,3.134796507512256636e-03,5.807152583970871113e-03,2.525984997193472109e-03,8.098910604762334792e-03,7.523323404467850001e-03,9.383267286051221595e-03,6.204202253446943621e-02,5.000474908899153401e-03,1.835983218965434559e-03,6.276671541031714381e-03
4.292186566276591508e-03,2.876213718636798800e-03,2.729160781571145482e-03,1.197886666162359913e-02,2.419032742291967256e-03,1.606164188663003825e-03,3.073222311803285034e-03,2.101964484593369775e-03,2.984225735974337969e-03,9.221982361277691886e-04,9.734697946457968910e-04,3.123101297523162012e-06,2.537233429948313780e-03,5.622414993646509748e-04,4.097897861128424295e-03,8.138074783113131982e-03,3.431031795001160574e-03,7.847466774359599870e-04,2.122956620239934561e-03,4.570911750682311869e-03,2.745367460332602191e-03,9.640058364603267677e-04,1.925677663727278421e-03,3.615554966543629845e-04,1.034405041925250124e-02,4.611038932000306387e-03,2.518065139414477679e-03,7.628004429738378424e-04,2.823417144616331437e-03,2.286984487750849410e-03,1.711612194884726788e-03,6.291586208010976553e-03
6.957079410839831467e-04,3.062780533017856605e-03,1.555026324534489277e-03,1.008305970836660334e-02,5.744568447032632509e-03,4.349387646236650695e-03,1.061102382048705224e-02,9.363076943602536076e-03,9.037575996763523448e-04,2.120364486664974395e-03,2.723499503268873509e-03,7.908983168950813047e-04,1.760732000546714679e-03,3.651037002389432174e-03,2.876882307443181901e-03,1.973041423076914679e-03,1.478429288502001310e-02,2.629091738333711945e-03,3.447541692480152360e-03,1.733667736010050583e-03,2.161404092457041171e-03,5.090608978978202045e-04,4.037489778294665703e-03,2.757130013841569815e-03,2.176219811135702512e-03,2.778048543978277329e-03,7.600905612174323200e-03,3.421043186757963175e-03,7.793027672374474787e-03,9.318742711015156558e-04,3.225998681011400370e-04,3.025671367902814726e-04
9.532146831587691091e-04,2.417477607661595862e-03,4.815759787888321611e-03,3.332172518643049513e-03,3.360981502321439517e-03,2.587187190674494330e-03,5.439821241568524798e-03,2.937092281203832877e-03,4.069806678989077234e-03,2.227839034065805419e-03,3.124371001516738910e-04,1.618563823477410556e-03,3.682252159157508795e-03,2.086553302792575407e-03,1.930825350279505434e-03,5.957858343421045845e-03,3.014293221401607992e-02,1.475250749298439787e-02,2.601373572239379286e-03,1.017433245051557571e-02,1.327455994958511585e-03,1.582628403575835063e-03,3.573426384110753827e-03,2.486918351450636677e-03,5.111404013529502119e-03,4.351825344224171874e-03,3.236695128108565359e-03,7.753049657095317099e-03,3.311836887618240920e-03,1.189405962777213355e-03,4.254421219781813826e-03,4.875809690863073392e-03
5.506057116351111003e-04,6.519884460050008601e-03,2.212549251390178492e-03,1.263209000228728007e-03,5.599971612845080701e-03,1.912413118089091417e-03,5.672119614956872523e-03,7.925594490692324662e-03,1.477423979381751323e-03,5.884864810775578253e-04,1.330606817447326645e-03,3.012839422133849806e-03,1.168369569795458043e-02,4.535600826516666614e-03,2.433030892897430778e-04,7.133552565716019637e-03,2.459640801317774204e-03,8.988900082193477040e-03,4.743551679772663870e-03,1.327472409491110839e-03,1.106750365058428026e-04,2.119490538558083462e-03,3.353588011185740930e-03,6.062659101620359453e-04,3.417754273771890419e-03,9.084387914172608464e-04,3.206695047926075293e-03,1.738824614696522124e-03,4.058846550590890223e-03,2.507483126128252394e-03,9.483953282191490055e-04,2.395905357298014349e-03
2.994511430022026282e-03,2.302647519651396246e-03,6.593297383565783001e-04,1.553184092142121829e-03,5.475852334152811994e-03,4.439258278060772937e-03,5.721717503937685280e-03,4.388843745249565095e-03,9.370395703013817412e-03,2.236119122485504766e-03,2.835324393583537033e-03,1.711820262121703648e-03,5.336289500538575134e-03,3.622988570882751391e-03,2.113914609004174071e-03,6.890156147530147532e-03,4.944689034640353462e-03,3.786704193820015271e-03,5.219247014345839396e-03,1.229633370693332525e-03,6.024739025111243255e-03,1.658477119637149794e-04,6.427285352190362407e-03,7.523854416794647365e-03,3.219064691615391906e-03,1.476350885325725028e-03,3.177260870333579838e-03,3.065622305593545746e-03,9.282124545131151261e-03,8.067863112943245022e-04,8.268396724685237939e-04,4.973678015902436959e-03
2.420104741072894201e-03,2.027412959391424949e-03,2.000424948209492473e-03,7.564060966347221915e-03,1.253548186396721137e-03,5.040701922724783596e-03,5.234193762699169278e-05,3.436907002259428218e-03,2.350236920576610072e-03,3.780430462747295765e-03,9.515005130293508612e-04,1.124916822576654905e-03,2.226193999721339575e-03,1.995318484446203036e-04,1.552750241851732962e-03,8.457683031646718794e-03,5.567935016035420806e-03,1.501733795706523301e-02,4.966756350269132397e-05,2.457726483082772924e-03,6.649907792541819756e-04,2.318155364753692656e-03,6.154061931752649595e-03,2.781945768869358016e-03,1.068039297592461535e-03,1.241349456150207982e-03,6.785795275463116574e-03,1.440851327032202991e-02,2.735310458178847465e-02,5.255212431134097598e-03,2.391093958281466716e-04,2.461521693948622459e-03
9.967428405410648160e-04,1.742714300261926025e-03,2.395790685064431037e-03,5.382967444398065876e-03,1.873473844359054312e-03,3.950017679504290620e-03,1.055344777622680558e-02,1.063076091507354423e-02,2.504785311092606361e-03,9.685456038637602289e-04,4.526662281820827832e-03,1.061603555865499619e-03,3.207594099502549239e-03,2.994337953703685162e-04,5.722644137310609752e-04,6.435687589075378585e-03,4.982237403293870992e-03,3.744214006728926927e-03,2.691415745574530453e-03,1.087225350982521516e-02,8.491233165355308813e-04,5.705982485572171949e-04,4.405825062653026362e-03,3.385626706400024066e-03,3.046929676054073704e-03,3.477939326552535650e-03,2.462790648638176014e-03,1.004913877121723677e-02,1.049654682877710493e-02,5.348261227327098105e-04,9.331604279219233092e-04,2.907787049203472245e-03
8.553981325366288597e-04,1.174547370153650530e-03,1.737160562504068678e-03,2.978131675112505143e-03,1.489000264568805538e-03,1.170517519648719062e-03,3.380844944128236565e-03,3.203315758137691496e-03,2.408600843073450785e-03,9.112473105414260277e-04,4.210813981705637671e-03,7.479678994521589018e-04,1.998305056320905104e-03,1.011169499077906085e-03,2.145532426220097264e-04,4.405868276943582067e-03,1.257861743666650878e-02,3.665816905309087371e-03,6.504820381394010691e-03,2.482803324615093059e-04,8.224874874868982888e-04,4.360782270948529134e-04,2.841242501365284692e-03,7.568278575350993742e-03,2.705821216202966735e-03,1.419478210579095453e-03,1.995920544118837646e-03,6.361330895263985451e-03,4.988390132639611632e-03,2.054899709416303159e-04,4.612463652687969341e-04,3.133882466422357495e-03
3.327998489270775351e-03,1.877650224816127108e-04,1.772961879634595613e-03,1.287821207665653354e-02,3.460245096534130763e-03,2.936645935396316274e-03,1.180689318160117133e-03,1.283102879633006132e-03,5.243833180259593240e-05,4.956943878608167237e-03,1.765625238296506276e-03,3.780499717363748364e-03,1.197816928241064293e-03,6.054836435267454096e-03,2.757169883699347925e-03,1.478062511458511866e-03,4.003351071694417050e-04,2.499837065532692967e-03,1.928398782955934032e-03,1.057617098550925512e-03,1.550295253609095241e-03,8.710833978457781235e-03,8.358203413039230886e-04,2.197133996828191157e-03,1.865024166360257233e-03,1.086147623704066673e-03,3.159151330647493993e-03,7.018002167040336605e-04,5.906380539086278792e-04,3.211441776971770551e-03,2.431322891908635139e-03,1.470672254716559602e-03
1.333467944823147526e-03,2.598034458027171680e-03,4.679256970923959848e-03,1.816855445971313297e-03,2.011539776272705960e-03,1.408639405221924316e-03,2.314062984683743808e-03,7.419668560652195165e-04,1.465742364884359402e-03,2.459911724610846541e-03,7.335093001752945006e-03,1.539776958914844092e-03,6.100265505100834970e-03,9.418205076610305145e-04,3.757754645495846313e-04,2.130726402233124300e-03,2.676960580899453469e-03,9.278230717114957201e-04,6.583755470142371811e-04,8.008913021640924612e-03,6.663674759766196210e-04,1.112820120661633721e-03,1.278920786886105984e-03,1.956507631158397806e-03,3.968246258116931401e-03,6.707805470650316741e-04,3.855155037241412945e-04,4.050066203939647023e-03,4.177949331624471402e-04,7.451252601630993077e-04,6.298373828446288472e-03,7.543876271297957764e-03
1.144598432923129997e-03,1.437804383581376376e-02,1.116274430149877261e-02,7.393861796411930597e-04,1.475337784634541544e-03,1.247029951103176444e-03,2.811343791256813544e-03,3.254502977230655167e-04,7.303297094276383185e-04,1.638753857714680051e-03,7.872675390010893358e-04,6.657117210148166819e-03,3.805734355476190003e-03,7.370442503920687999e-04,5.162900769053650404e-03,1.143709763076569078e-03,6.227104354128109448e-03,5.476672669152521074e-04,1.699526265991834980e-04,4.275467091390506950e-03,4.935999598667238121e-04,1.065728850571289778e-03,6.873549243181176433e-04,8.438447160283104893e-04,6.514542044468460500e-04,7.707114515923858692e-04,0.000000000000000000e+00,5.527965422522500630e-03,0.000000000000000000e+00,1.514428107204268854e-03,2.247380572606583020e-03,8.355921362162751706e-03
